-250.2854170120493	218.9051697034375	1018.710002535018
-250.3520138594301	218.9169045792432	1018.655717511814
-250.2283355973975	218.3998002750919	1019.64837642415
-250.215264654029	218.5917245316635	1019.302414283191
-250.364485212062	218.4294404388035	1019.541778451605
-250.3528683714355	218.6574348101496	1019.156082490146
-250.2888614011698	218.4958833589388	1019.415048117065
-250.4782056235963	218.7654657736341	1018.867579866371
-250.4321872496757	218.4429244744383	1019.487798827789
-250.2655516764287	218.4022458432634	1019.617010990787
-250.2738692894818	218.7171920492676	1019.061778523518
-250.0861399496197	218.4548788457689	1019.574717019864
-250.1810948680185	218.7955554165611	1018.933674840508
-250.2371831618219	218.5813163909592	1019.331445707639
-250.0741034739701	218.5259832837346	1019.427698198047
-250.1037822274893	218.4477563991624	1019.588594450704
-250.5812373310727	218.8209011052934	1018.845189480159
-250.0828525497594	218.4484506245773	1019.607046069665
-250.1880467447054	218.6941803389959	1019.102316752995
-250.1617087820879	218.3884402282778	1019.701424824344
-250.4806733831145	218.7676170220448	1018.866170512644
-250.5540736444304	218.6991490903092	1018.99464084774
-250.2283355973975	218.3998002750919	1019.64837642415
-250.2314525498074	218.7115008785397	1019.064186381529
-250.6246752576727	218.5310765185283	1019.32379902574
-250.2473130492678	218.4784515193058	1019.444345160287
-250.2655516764287	218.4022458432634	1019.617010990787
-250.2283355973975	218.3998002750919	1019.64837642415
-250.5887303798365	218.4648397852525	1019.358427736108
-250.5132330120745	218.6815336149226	1019.024256113628
-250.225590645033	218.4374592002225	1019.568266978389
-250.2792716033235	218.3635002366542	1019.699219500777
-250.5050511448479	218.6343627967913	1019.117044593703
-250.2888614011698	218.4958833589388	1019.415048117065
-250.1617087820879	218.3884402282778	1019.701424824344
-250.2591458835287	218.5699774228728	1019.284759390212
-250.2283355973975	218.3998002750919	1019.64837642415
-250.1536916341655	218.2639759367096	1019.968013807234
-250.0074854645535	218.5146379276447	1019.480721195802
-250.33720748697	218.7036786748577	1019.044273235912
-250.2770542847597	218.7237488198825	1019.029044456267
-250.1883741231773	218.4350203800609	1019.599619466237
-250.2283355973975	218.3998002750919	1019.64837642415
-250.1982579782732	218.7832541834972	1018.935126148327
-250.5868577790067	218.3025262962692	1019.752129501272
-250.2280348380805	218.6591681161895	1019.150939219988
-250.2862527975966	218.6458579895575	1019.209839780497
-250.2283355973975	218.3998002750919	1019.64837642415
-250.3099856571083	218.3280482393386	1019.784814536928
-250.2731454482081	218.5249956876472	1019.34277894143
-250.3145108994918	218.6816544384624	1019.148343905572
-250.5895294334131	218.7014423683034	1018.964106178229
-250.4072757247912	218.2438634313057	1019.941483918026
-250.5113894809934	218.3690432017549	1019.625622788084
-250.4775218230416	218.7610031928734	1018.899054345128
-250.2371831618219	218.5813163909592	1019.331445707639
-250.2854170120493	218.9051697034375	1018.710002535018
-250.3565480209464	218.5093684809906	1019.361060065669
-250.0741034739701	218.5259832837346	1019.427698198047
-250.483176138911	218.4371680844166	1019.571470334751
-250.2763486357899	218.4874646306592	1019.422623940955
-250.1617087820879	218.3884402282778	1019.701424824344
-250.3687777359828	218.4860976628791	1019.420491055347
-250.1527622778591	218.466239689831	1019.521658032993
-250.0741034739701	218.5259832837346	1019.427698198047
-250.2283355973975	218.3998002750919	1019.64837642415
-250.2283355973975	218.3998002750919	1019.64837642415
-250.2283355973975	218.3998002750919	1019.64837642415
-250.6609917655387	218.7114363086725	1018.951346791523
-250.3406385841562	218.232502485183	1019.99451543324
-250.3037999667407	218.5928366256304	1019.277881358607
-250.2283355973975	218.3998002750919	1019.64837642415
-250.5364532503628	218.8950164913962	1018.676028983455
-250.2064226056027	218.4102132693597	1019.619381651301
-250.354053301854	218.5072426361526	1019.362420249194
-250.1900025126442	218.4686842853535	1019.490280175471
-250.314348371442	218.7262730046744	1018.997323634851
-250.1527622778591	218.466239689831	1019.521658032993
-250.3516001235165	218.6806881683412	1019.050947808443
-250.4155143404021	218.5197764442307	1019.31328065972
-250.3111470019948	218.7197114285173	1019.030080084806
-250.3099856571083	218.3280482393386	1019.784814536928
-250.676856797182	218.4724042784176	1019.422189522077
-250.1617087820879	218.3884402282778	1019.701424824344
-250.5718475767819	218.4478454218973	1019.414315577743
-250.2283355973975	218.3998002750919	1019.64837642415
-250.265304328727	218.6616723554905	1019.119312591195
-250.553676016494	218.462646910228	1019.388517811589
-250.4154977211437	218.7560451352393	1018.919516005818
-250.1070874714945	218.4541851066597	1019.556254992621
-250.2770542847597	218.7237488198825	1019.029044456267
-250.1040309438081	218.5759867947356	1019.339091816102
-250.3614187589379	218.8389662255949	1018.837253004035
-250.2655516764287	218.4022458432634	1019.617010990787
-250.5325132597206	218.5448564431395	1019.252614596563
-250.5768700583509	218.6764797736588	1019.04168457443
-250.2655516764287	218.4022458432634	1019.617010990787
-250.4650839675119	218.4430193382272	1019.458951118952
-250.4292320022327	218.7006972551677	1018.990079724843
-250.4089708581373	218.9269393034849	1018.609088663616
-250.2280348380805	218.6591681161895	1019.150939219988
-250.5430287458068	218.9489056989504	1018.498067741361
-250.4646878234576	218.7029712413679	1018.959621421179
-250.27139647631	218.6922167242599	1019.097448428541
-250.3442929259483	218.9072222043728	1018.658980851424
-250.9236421811457	218.7880229853511	1018.773371906994
-250.0826694273419	218.7072130099657	1019.110563396335
-250.554489844648	218.5505921198034	1019.202169166498
-250.1900025126442	218.4686842853535	1019.490280175471
-250.2770542847597	218.7237488198825	1019.029044456267
-250.2104430644539	218.7121715682212	1019.082812511826
-250.354053301854	218.5072426361526	1019.362420249194
-250.1900025126442	218.4686842853535	1019.490280175471
-250.1527622778591	218.466239689831	1019.521658032993
-250.2280348380805	218.6591681161895	1019.150939219988
-250.3541509337653	218.7328017876225	1018.964866988423
-250.1717366538184	218.3297993205391	1019.779145960477
-250.3886710280486	218.4234215293745	1019.518203023829
-250.2280348380805	218.6591681161895	1019.150939219988
-250.3099856571083	218.3280482393386	1019.784814536928
-250.4325103257593	218.8806429120599	1018.762498788771
-250.5370028223244	218.776000327863	1018.819303309032
-250.5530560483202	218.9591397630289	1018.492630265122
-250.4485912299307	218.5198485693932	1019.284217568331
-250.354053301854	218.5072426361526	1019.362420249194
-250.3901383041257	218.6599600143215	1019.124374424525
-250.2763486357899	218.4874646306592	1019.422623940955
-250.5887303798365	218.4648397852525	1019.358427736108
-250.3051050153645	218.6681687338944	1019.086969906049
-250.5718475767819	218.4478454218973	1019.414315577743
-250.1548734792374	218.4584102125853	1019.517225645048
-250.5895294334131	218.7014423683034	1018.964106178229
-250.2655516764287	218.4022458432634	1019.617010990787
-250.1527622778591	218.466239689831	1019.521658032993
-250.6021578117976	218.7877119038014	1018.765593945397
-250.116285059464	218.3765027870244	1019.73561234277
-250.6640985677678	218.6587512020362	1018.985116960236
-250.6087111810855	218.6403732455991	1019.028634005486
-250.2280348380805	218.6591681161895	1019.150939219988
-250.1070874714945	218.4541851066597	1019.556254992621
-250.5132330120745	218.6815336149226	1019.024256113628
-250.3286986607621	218.6872335853771	1019.080556783099
-250.7241310031765	218.7577991532413	1018.748352252117
-250.7054276123347	218.6782403907008	1018.955184239272
-250.1651229843081	218.7000386888446	1019.117542723459
-250.5885635311731	218.9614862593744	1018.46184563974
-250.2763486357899	218.4874646306592	1019.422623940955
-250.5602993598409	218.4374505177566	1019.420564150048
-250.3182066325174	218.6767816354065	1019.078789770346
-250.359720529705	218.4582574343248	1019.449356276979
-250.5907654275099	218.7272503318714	1018.856677848778
-250.5237846915609	218.7134980023024	1018.911183186074
-250.5123935277602	218.9413512582644	1018.522651745662
-250.3883946335858	218.6831428316262	1019.019530448811
-250.4273727618438	218.6143559145609	1019.177910285761
-250.5586824236818	218.6218693099305	1019.112423349492
-250.5197488014009	218.718839681022	1018.924272672548
-250.5051145209746	218.8599047934783	1018.718266401697
-250.4155143404021	218.5197764442307	1019.31328065972
-250.3906538504804	218.5989645310388	1019.211415506053
-250.4782056235963	218.7654657736341	1018.867579866371
-250.6780331572287	218.7213950572597	1018.892676240437
-250.2684025642005	218.7183081690828	1019.03531992102
-250.5995828377089	218.6471643922711	1019.038170998191
-250.5566731387676	218.7256706296814	1018.895083005866
-250.2978743822604	218.8990199502056	1018.697635473171
-250.6301816000895	218.4841451799899	1019.328931240795
-250.5272337363735	218.9024790627833	1018.605753519238
-250.6569337822282	218.9652701925491	1018.40338981773
-250.2888614011698	218.4958833589388	1019.415048117065
-250.3191184046418	218.4453712209727	1019.480488718886
-250.1440919129489	218.4609482707315	1019.527630547816
-250.2511157826602	218.6136921124997	1019.223887733907
-250.5515602650501	218.8726161132227	1018.681690840586
-250.2228700626433	218.7061107075035	1019.070344257248
-250.4910319956846	219.1501479340095	1018.20431686543
-250.7873374186611	219.0788295084209	1018.240916867613
-250.5050511448479	218.6343627967913	1019.117044593703
-250.593423422416	218.7820133851141	1018.772426187575
-250.6304473782225	218.9687215284016	1018.426958865461
-250.4127496660327	218.4532767296839	1019.400132437272
-250.2018011677189	218.7067815938134	1019.088979643436
-250.0321603598441	218.4377495577397	1019.614651758092
-250.4299404859082	218.6664886988503	1019.091925118862
-250.60242763769	218.6952238901086	1018.918470274104
-250.3746462780752	218.6827138832446	1019.032320609973
-250.5794316719169	218.7193798377577	1018.865009681679
-250.4190708652216	218.690579144728	1018.995300251525
-250.2752337339707	218.5839224422467	1019.299274162784
-250.3131143848082	218.489861263344	1019.391451795803
-250.4653177048846	218.8532852218436	1018.751020561743
-250.3037999667407	218.5928366256304	1019.277881358607
-250.3438351122437	218.2132838167274	1020.001954694204
-250.7868950240543	219.0058219508437	1018.298914762689
-250.5832926048126	218.8802832545624	1018.656245963621
-250.2763486357899	218.4874646306592	1019.422623940955
-250.2581379740754	218.5806418748036	1019.312875583002
-250.3858341285911	218.6903648240173	1019.024482877122
-250.4028704945974	218.3847504335101	1019.600139879552
-250.2978743822604	218.8990199502056	1018.697635473171
-250.1813867287065	218.4633793901559	1019.496271263736
-250.3516001235165	218.6806881683412	1019.050947808443
-250.7789536577714	218.7154155832757	1018.926844019737
-250.8029084670181	218.832456355134	1018.601346627223
-250.6666284198396	218.7108792087201	1018.899152611635
-250.75303685585	218.9154703766017	1018.516987006568
-250.8040829145874	218.8795748843575	1018.567417977496
-250.2566821183134	218.6562597262027	1019.125525318652
-250.3393366534978	218.6105638167895	1019.21808536823
-250.2655516764287	218.4022458432634	1019.617010990787
-250.7057547143767	218.9803340575556	1018.364717962963
-250.2035738343837	218.7027455072181	1019.085087273266
-250.3883946335858	218.6831428316262	1019.019530448811
-250.6666284198396	218.7108792087201	1018.899152611635
-250.8360993152828	218.8344252307363	1018.572239749918
-250.4324865458987	218.6183886452572	1019.181403888208
-250.2978743822604	218.8990199502056	1018.697635473171
-250.1440919129489	218.4609482707315	1019.527630547816
-250.4310837495719	218.6173404416369	1019.176617280846
-250.4552965258763	218.6112743028934	1019.153049436936
-250.3455512198315	218.7273182100162	1018.971223876189
-250.4128667097516	218.5175880944877	1019.31477075783
-250.2228700626433	218.7061107075035	1019.070344257248
-250.3698327865047	218.6402513668899	1019.130272770442
-250.3286986607621	218.6872335853771	1019.080556783099
-250.1527622778591	218.466239689831	1019.521658032993
-250.5960632069816	218.6806968540734	1018.946576545983
-250.6233606694671	218.7909632918324	1018.748926841069
-250.3516001235165	218.6806881683412	1019.050947808443
-250.1900025126442	218.4686842853535	1019.490280175471
-250.5262866550784	218.7156693819019	1018.909743034292
-250.3814935528944	218.6545105788763	1019.130675347146
-250.5443364164236	218.9534297466947	1018.49948202025
-250.2958941800401	218.58326694684	1019.280962817073
-250.5531896645356	218.7228394899731	1018.888453713666
-250.3738009139032	218.8328221988158	1018.824903716212
-250.2901114019573	218.4363777279795	1019.502167175782
-250.0705778405569	218.4403489384302	1019.58259536954
-250.4909945896003	218.418018692453	1019.551151995159
-250.2964799163242	218.6627265894981	1019.093245424025
-250.2097416236327	218.47595618104	1019.476077179341
-250.2114716855544	218.6441983304389	1019.160227987755
-250.703292591318	218.9781394123103	1018.366217924656
-250.3520138594301	218.9169045792432	1018.655717511814
-250.421293060148	218.6610097444232	1019.098288833165
-250.314348371442	218.7262730046744	1018.997323634851
-250.4343846931079	218.693350749644	1018.99106618835
-250.4780406934409	218.5290912049026	1019.26175568098
-250.4620898644937	218.420788006638	1019.576794177685
-250.4783506416796	218.57822894988	1019.228586029738
-250.2718020581488	218.6130366242913	1019.205563127853
-250.6217809020441	218.9629684473853	1018.433892820934
-250.3852662899927	218.6287033524293	1019.113204196522
-250.5885635311731	218.9614862593744	1018.46184563974
-250.3592356766293	218.5805676446659	1019.272103603431
-250.4667508966681	218.9331516848998	1018.561207982813
-250.5374384015057	218.5696813505224	1019.268531032658
-250.2249107133959	218.3461902210022	1019.73973209367
-250.3131143848082	218.489861263344	1019.391451795803
-250.5444285736818	218.7171820672702	1018.895204743862
-250.3795959215836	218.6776009425806	1019.02606728799
-250.389335866723	218.9194877766498	1018.623746270475
-250.7150858896076	218.6226773227356	1019.035662612457
-250.2692567904917	218.7141454942697	1019.032165386219
-250.2978743822604	218.8990199502056	1018.697635473171
-250.5081972844736	218.6866368142067	1019.030574132969
-250.364702155845	218.4531942186704	1019.443009546682
-250.4286629367353	218.7422638912454	1018.903803129101
-250.5653401965682	218.731295695078	1018.888414063371
-250.5443364164236	218.9534297466947	1018.49948202025
-250.4528625058707	218.6185104029621	1019.157918862633
-250.4700128831699	218.931701074126	1018.557824246368
-250.2830930129543	218.6749725557012	1019.11573139119
-250.4692808188133	218.5235405148921	1019.268285371659
-250.4780406934409	218.5290912049026	1019.26175568098
-250.5036195691286	218.9356614651453	1018.529492424431
-250.5262866550784	218.7156693819019	1018.909743034292
-250.5317440314621	218.6310676240547	1019.093171348682
-250.3795959215836	218.6776009425806	1019.02606728799
-250.3798289265129	218.4179921435424	1019.524523837385
-250.3427795628199	218.6751680454461	1019.05744314308
-250.5097848845316	218.4034138910106	1019.514666491575
-250.5553035729153	218.8993164196929	1018.580847558638
-250.4675958568719	218.6735015065344	1019.062337301319
-250.2826105116283	218.4925956658093	1019.41994594752
-250.3051050153645	218.6681687338944	1019.086969906049
-250.2193579630787	218.6537689324822	1019.157133326832
-250.4641428839265	218.6168115959883	1019.146505799679
-250.5042556185531	218.5256849631589	1019.238322164176
-250.3336466065218	218.66524527264	1019.061692132977
-250.1361329140036	218.4514587870376	1019.530579452542
-250.5359935437131	218.6038175994647	1019.082060769999
-250.5937513061911	218.8309987564818	1018.739069720815
-250.3427795628199	218.6751680454461	1019.05744314308
-250.4343846931079	218.693350749644	1018.99106618835
-250.1290585083336	218.4129166491633	1019.63227452059
-250.6101946833299	218.8769906049047	1018.632271828944
-250.2763486357899	218.4874646306592	1019.422623940955
-250.75303685585	218.9154703766017	1018.516987006568
-250.6315887449621	218.9194408456786	1018.520015554201
-250.6682379375865	218.9758711722118	1018.39673439039
-250.195672552677	218.4242408136485	1019.579288298845
-250.829702013341	218.9636263847117	1018.357449914741
-250.7217924124374	218.5308254911273	1019.157973567189
-250.5846184162565	218.6702071819773	1018.953022749484
-250.3043200779315	218.4844270228309	1019.397766048286
-250.715200043409	218.7519778324841	1018.755502266556
-250.6575350590806	218.4140887127629	1019.4343571266
-250.4006167757957	218.745373183539	1018.928694830302
-250.2473130492678	218.4784515193058	1019.444345160287
-250.6682379375865	218.9758711722118	1018.39673439039
-250.6899095125647	218.323997290804	1019.614483958951
-250.6307320841127	218.8025584847323	1018.768910116701
-250.4067741510237	218.7504861786837	1018.926052932052
-250.8641349302457	219.0157605107549	1018.232567607175
-250.3200444501085	218.6817838767888	1019.086854534889
-250.4577615208557	218.5131480712593	1019.274537776424
-250.5118588668206	218.4786456625233	1019.324626438971
-250.4226881148156	218.5109717069791	1019.304485103529
-250.5934188712173	218.6758699812544	1018.946227758879
-250.2526788393641	218.4339347881695	1019.533745940758
-250.3430659013858	218.4156163906204	1019.555641897389
-250.441402216966	218.4532477312739	1019.502083980554
-250.5665623948032	218.4840763585232	1019.276209791825
-250.5131196664677	218.5312830895968	1019.231652807504
-250.0705778405569	218.4403489384302	1019.58259536954
-250.5184353768649	218.8968017366079	1018.612575069932
-250.3057513809892	218.7208189035383	1019.00361774043
-250.7173967751881	218.9347701249963	1018.447560779701
-250.339481880056	218.6846759302398	1019.070127122618
-250.6078542631916	218.2276532741518	1019.863632441932
-250.2566821183134	218.6562597262027	1019.125525318652
-250.1819204362241	218.4030534936372	1019.581623576995
-250.5342380534791	218.9431895330673	1018.504967757082
-250.4410176050057	218.8831253263544	1018.67514458564
-250.2228700626433	218.7061107075035	1019.070344257248
-250.1849819706552	218.3619465356054	1019.672905284219
-250.328076599776	218.6226461760118	1019.16011365271
-250.2193579630787	218.6537689324822	1019.157133326832
-250.5184353768649	218.8968017366079	1018.612575069932
-250.4675958568719	218.6735015065344	1019.062337301319
-250.4602871755825	218.5627759224753	1019.239392450548
-250.5444285736818	218.7171820672702	1018.895204743862
-250.5558517575339	218.4890566872409	1019.289783975367
-250.4692808188133	218.5235405148921	1019.268285371659
-250.6399329527142	218.68861347176	1018.909456499911
-250.144838543446	218.4567478932607	1019.524582540867
-250.593423422416	218.7820133851141	1018.772426187575
-250.4180935250446	218.6044066062759	1019.182248601167
-250.5736338499388	218.638141890148	1019.058801398989
-250.573390985081	218.9460601296419	1018.473149995752
-250.4552965258763	218.6112743028934	1019.153049436936
-250.816257128178	218.6900046165346	1018.860353951756
-250.364702155845	218.4531942186704	1019.443009546682
-250.6246161461411	218.6020407911723	1019.109413287256
-250.195672552677	218.4242408136485	1019.579288298845
-250.5823366986933	218.4613973466406	1019.363685867795
-250.1459246809766	218.6329304203189	1019.212752464499
-250.5093538059033	218.476506455505	1019.326032532427
-250.4721159530918	218.658622303884	1019.048067081567
-250.2861732507347	218.8394353739839	1018.798250833501
-250.464463391391	218.4809503758081	1019.366255746477
-250.3336466065218	218.66524527264	1019.061692132977
-250.6441653541187	218.9172640368148	1018.508134594762
-250.7150858896076	218.6226773227356	1019.035662612457
-250.6558868522791	218.8895644539637	1018.596017786127
-250.5819218652803	218.7215496951766	1018.863558190696
-250.5444285736818	218.7171820672702	1018.895204743862
-250.524537746854	218.6495165498464	1018.999459086094
-250.7549865619241	218.9418426453584	1018.417454552046
-250.593297463261	218.7793610622475	1018.770595515133
-250.6711935405555	218.614763996518	1019.072776562157
-250.5558517575339	218.4890566872409	1019.289783975367
-250.7149370273029	218.9883343354903	1018.359048834248
-250.6310657187071	218.682899121586	1018.916370625464
-250.7066795268528	218.8753535872899	1018.547575638971
-250.1361329140036	218.4514587870376	1019.530579452542
-250.5470476987918	218.7193877875849	1018.89366577215
-250.3286986607621	218.6872335853771	1019.080556783099
-250.4577615208557	218.5131480712593	1019.274537776424
-250.2329669211811	218.4266769521828	1019.54791668683
-250.7342474750745	218.7452642671783	1018.871815276248
-250.2625317777631	218.3487105939755	1019.708201389558
-250.5871074201793	218.6723646600993	1018.951580630787
-250.6596930262111	218.6042766890231	1019.079234877886
-250.5042556185531	218.5256849631589	1019.238322164176
-250.457749392434	218.9231146593586	1018.565665590232
-250.421293060148	218.6610097444232	1019.098288833165
-250.7849184412174	218.5362064942891	1019.234475846566
-250.6310657187071	218.682899121586	1018.916370625464
-250.7452029681069	218.7615800328991	1018.731906728096
-250.532988083504	218.7067012951852	1018.901628820725
-250.3559053032629	218.4477508976832	1019.449346095169
-250.2727683706089	218.4330598800339	1019.515920651347
-250.6310657187071	218.682899121586	1018.916370625464
-250.6399329527142	218.68861347176	1018.909456499911
-250.655186187453	218.6530504159617	1018.992015645711
-250.541786263917	218.7123548812625	1018.894856199479
-250.9083738605097	218.5583527228688	1019.132840261953
-250.4818976814341	218.7077770463364	1018.947104200971
-250.7792874301912	218.9119396206999	1018.493544189077
-250.4764383353511	218.6790585543658	1019.055753387915
-250.5444285736818	218.7171820672702	1018.895204743862
-250.5392100909587	218.3505500684074	1019.577497326818
-250.4404839188616	218.6325235497506	1019.067427696814
-250.4690733452386	218.5208364917448	1019.266574230949
-250.4641428839265	218.6168115959883	1019.146505799679
-250.6640985677678	218.6587512020362	1018.985116960236
-250.9108795484773	218.560532701268	1019.131360113321
-250.5062718467842	218.5751430829362	1019.203735521966
-250.2630864894013	218.6076302446128	1019.211805075588
-250.5444285736818	218.7171820672702	1018.895204743862
-250.4312194802019	218.6410721925455	1019.077546593666
-250.3433589760756	218.9113573259755	1018.66221413688
-250.5797368469847	218.8798797347459	1018.621866230337
-250.5519758048555	218.6701293749838	1018.981809998266
-250.2992707228117	218.3776377070957	1019.580649839718
-250.4247425443794	218.9019704976436	1018.656612038487
-250.6284509579275	218.7842288721515	1018.742143180069
-250.4552965258763	218.6112743028934	1019.153049436936
-250.5647181807468	218.4946640023416	1019.28309228146
-250.3977938202296	218.5394414333452	1019.288149369609
-250.3336466065218	218.66524527264	1019.061692132977
-250.3455512198315	218.7273182100162	1018.971223876189
-251.0615602883869	218.8233518764067	1018.604199681146
-250.703292591318	218.9781394123103	1018.366217924656
-250.6780331572287	218.7213950572597	1018.892676240437
-250.6401344316986	218.5579057214537	1019.129946254656
-250.3336466065218	218.66524527264	1019.061692132977
-250.5042556185531	218.5256849631589	1019.238322164176
-250.8103414199349	218.2216472121832	1019.788302052222
-250.309905861567	218.4355240884028	1019.484603353427
-250.457749392434	218.9231146593586	1018.565665590232
-250.7549865619241	218.9418426453584	1018.417454552046
-250.3131143848082	218.489861263344	1019.391451795803
-250.2385288819708	218.4730679903801	1019.450552044936
-250.4286629367353	218.7422638912454	1018.903803129101
-250.5208775446183	218.4869077483777	1019.319758038777
-250.6569337822282	218.9652701925491	1018.40338981773
-250.4400206003656	218.6466232156873	1019.070987407734
-250.5342380534791	218.9431895330673	1018.504967757082
-250.3138162667535	218.6660845224818	1019.0793638953
-250.3795959215836	218.6776009425806	1019.02606728799
-250.5960632069816	218.6806968540734	1018.946576545983
-250.1168070515751	218.3841444777654	1019.631251526357
-250.3795959215836	218.6776009425806	1019.02606728799
-250.4985782433518	218.9408192214764	1018.53571952782
-250.9820300473783	218.4886758531439	1019.251982164542
-250.6546040189063	218.5666490876928	1019.138748747192
-250.5074748767337	218.7642800682727	1018.842266386867
-250.7002840719831	218.8717271496029	1018.553211662931
-250.3795959215836	218.6776009425806	1019.02606728799
-250.5016938775875	218.4796531001743	1019.335483967131
-250.6596930262111	218.6042766890231	1019.079234877886
-250.5794316719169	218.7193798377577	1018.865009681679
-250.556300234233	218.745881615569	1018.80083805005
-250.8392160000183	218.8818967510395	1018.536761799993
-250.5819218652803	218.7215496951766	1018.863558190696
-250.5846900663198	218.8209556871214	1018.743560807442
-250.3427795628199	218.6751680454461	1019.05744314308
-250.7549865619241	218.9418426453584	1018.417454552046
-250.3827422930972	218.7298567737117	1018.939576582086
-250.348100027603	218.6261796624524	1019.144769752985
-250.3083008516135	218.6197045692785	1019.177070063438
-250.6801075812002	218.7477841374466	1018.793481639026
-250.2670493228661	218.4775964201512	1019.426794912644
-250.665704251409	218.9710710775693	1018.396313550683
-250.3795959215836	218.6776009425806	1019.02606728799
-250.3043200779315	218.4844270228309	1019.397766048286
-250.3939989870671	218.6342034211023	1019.106763515386
-250.5960632069816	218.6806968540734	1018.946576545983
-250.5960632069816	218.6806968540734	1018.946576545983
-250.5495173472182	218.6679722727378	1018.983213980175
-250.3883946335858	218.6831428316262	1019.019530448811
-250.6738249873154	218.6169711276097	1019.07123046101
-250.5444285736818	218.7171820672702	1018.895204743862
-250.4552965258763	218.6112743028934	1019.153049436936
-250.6399329527142	218.68861347176	1018.909456499911
-250.3559053032629	218.4477508976832	1019.449346095169
-250.5067621116684	218.5278365984274	1019.236906620629
-250.7871702091073	218.7693472121402	1018.69579254756
-250.4312194802019	218.6410721925455	1019.077546593666
-250.5794316719169	218.7193798377577	1018.865009681679
-250.5151203380107	218.5806895346321	1019.197169608826
-250.2853159140437	218.4774256853275	1019.412914308746
-250.5665917200817	218.6713567864055	1018.96934174977
-250.5044081278547	218.5897490865001	1019.176981150801
-251.0581605306093	218.5375887391115	1019.093360718785
-250.5042556185531	218.5256849631589	1019.238322164176
-250.5758243870779	218.1919536099452	1019.949494133195
-250.3852662899927	218.6287033524293	1019.113204196522
-250.7549865619241	218.9418426453584	1018.417454552046
-250.5495173472182	218.6679722727378	1018.983213980175
-250.7667093961244	218.4190462145118	1019.421340509924
-250.6224602804859	218.4490576851292	1019.448192800559
-250.2727683706089	218.4330598800339	1019.515920651347
-250.5444285736818	218.7171820672702	1018.895204743862
-250.6131959120283	218.4391221711847	1019.452515101006
-250.6981370308592	218.748523602659	1018.769550484247
-250.7655857388936	218.5179915015724	1019.241902748553
-250.3944036083668	218.6386343984624	1019.108934401062
-250.6990268942333	218.3322565070945	1019.609590357626
-250.5065802681167	218.710077056575	1018.925177291954
-250.7296103904289	218.500642488883	1019.264855041246
-250.7086242186948	218.9289599504154	1018.454659477815
-250.4992655344067	218.4187364655929	1019.421749661029
-250.348100027603	218.6261796624524	1019.144769752985
-250.5655161640139	218.6628238699768	1018.969021101091
-250.5495173472182	218.6679722727378	1018.983213980175
-250.3971940343681	218.6908071809248	1019.022725744692
-250.6310657187071	218.682899121586	1018.916370625464
-250.6277548179904	218.5529422320987	1019.166375777904
-250.8066253365504	218.1824013039689	1019.85037001448
-250.5138885551484	218.6993324787704	1018.91759208521
-250.6310657187071	218.682899121586	1018.916370625464
-250.4312194802019	218.6410721925455	1019.077546593666
-250.6852919004564	218.4810862345808	1019.377590586075
-250.3406941159616	218.5727080541891	1019.231043699005
-250.8298781280339	218.7270463244062	1018.754285510738
-250.5653916551055	218.76620995256	1018.79361018748
-250.5655161640139	218.6628238699768	1018.969021101091
-250.4121758855798	218.6338822976815	1019.093116925139
-250.3605552475429	218.6704254333491	1019.041602539068
-250.3795959215836	218.6776009425806	1019.02606728799
-250.4618803406437	218.6484901167976	1019.053355626967
-250.6801893531125	218.2162166404153	1019.796480697272
-250.5655161640139	218.6628238699768	1018.969021101091
-250.5846184162565	218.6702071819773	1018.953022749484
-250.7086242186948	218.9289599504154	1018.454659477815
-250.8714581615484	218.9671352124437	1018.323311813118
-250.6609480498055	218.2090792055047	1019.81199026141
-250.532988083504	218.7067012951852	1018.901628820725
-250.7442573672078	218.9096703300808	1018.524047356047
-250.4181099247124	218.5224806266267	1019.330629438961
-250.5908089633293	218.7771938435251	1018.772057916652
-250.8251989846776	218.838747835452	1018.603206537705
-250.5605818531371	218.7761076909138	1018.81900206924
-250.6792409971356	218.9082964424231	1018.543166102992
-250.5271605602395	218.5982015464231	1019.088764029395
-250.5736422769755	218.6108355800509	1019.052280369215
-250.3883946335858	218.6831428316262	1019.019530448811
-250.7123001900375	218.7428792076259	1018.75704671926
-250.7209063095286	218.6912406896377	1018.839611193844
-250.55481221104	218.6313619165705	1019.056519451551
-250.8399058293737	218.4859296732384	1019.27175915761
-250.2005676105902	218.2407756975056	1019.900225803375
-250.6461401418487	218.9058737792749	1018.503441185973
-250.3279369228741	218.4507926859118	1019.474193628477
-250.8472964680681	218.5238296579988	1019.18794605873
-250.5640797518354	218.905015423804	1018.573984470491
-250.6310657187071	218.682899121586	1018.916370625464
-250.8107157974595	218.3920786268867	1019.420019160116
-250.3944036083668	218.6386343984624	1019.108934401062
-250.5442293210988	218.6288968106511	1019.081374585497
-250.4643203984633	218.4166069682639	1019.451627570676
-250.5042556185531	218.5256849631589	1019.238322164176
-250.4185045210005	218.6088404012625	1019.184412453757
-250.4755566116532	218.6347338847725	1019.037346650666
-250.3795959215836	218.6776009425806	1019.02606728799
-250.736824224459	218.5192043436952	1019.266842427404
-250.4685102748875	218.695224556389	1018.954380532878
-250.3852662899927	218.6287033524293	1019.113204196522
-250.7452029681069	218.7615800328991	1018.731906728096
-250.5794316719169	218.7193798377577	1018.865009681679
-250.420530877933	218.9205172567293	1018.597562776331
-250.8215843790405	218.486343618988	1019.285401149226
-250.4755566116532	218.6347338847725	1019.037346650666
-250.3138162667535	218.6660845224818	1019.0793638953
-250.3336466065218	218.66524527264	1019.061692132977
-250.7020783963815	218.8414070125438	1018.614228514126
-250.541786263917	218.7123548812625	1018.894856199479
-250.5960632069816	218.6806968540734	1018.946576545983
-250.7861312743139	218.5341838097029	1019.228539487909
-250.5531896645356	218.7228394899731	1018.888453713666
-250.6399329527142	218.68861347176	1018.909456499911
-250.3427795628199	218.6751680454461	1019.05744314308
-250.5332931409868	218.4467110534256	1019.401318501347
-250.2675326963681	218.4820522354279	1019.428896722775
-250.6307673882828	218.4230164427854	1019.415773466539
-250.4719164249223	218.525727610658	1019.266783415959
-250.6569337822282	218.9652701925491	1018.40338981773
-250.4978864682042	218.7044709327745	1018.931809033788
-250.5220345698047	218.647354546427	1019.000895967079
-250.4734811223685	218.5965028915926	1019.178884152997
-250.3518146312496	218.5109251039428	1019.384143578901
-250.8591980804669	218.4933846001171	1019.255547580947
-250.4577615208557	218.5131480712593	1019.274537776424
-250.5558517575339	218.4890566872409	1019.289783975367
-250.6200677575246	218.6481822315725	1019.020402644482
-250.5220345698047	218.647354546427	1019.000895967079
-250.5736338499388	218.638141890148	1019.058801398989
-250.5846184162565	218.6702071819773	1018.953022749484
-250.5798991044503	218.9557644753564	1018.468713242925
-250.5354762085746	218.7088569381696	1018.900191265355
-250.5741307067113	218.3526805406132	1019.547632047215
-250.4577615208557	218.5131480712593	1019.274537776424
-250.4362865848447	218.233057976247	1019.85732919031
-250.4476954066589	218.4554017330507	1019.370265387973
-250.9358030026953	218.3299554291603	1019.505121717188
-250.7725247140781	218.6547710748455	1018.890874994949
-250.5846184162565	218.6702071819773	1018.953022749484
-250.5846184162565	218.6702071819773	1018.953022749484
-250.4978864682042	218.7044709327745	1018.931809033788
-250.8531945451909	218.6106484694893	1018.977320152934
-250.5761463418325	218.6129994229839	1019.050838913442
-250.5582134462005	218.6735875695353	1018.976559930702
-250.4577615208557	218.5131480712593	1019.274537776424
-250.348100027603	218.6261796624524	1019.144769752985
-250.6087111810855	218.6403732455991	1019.028634005486
-250.5608429304324	218.6757852443847	1018.975018487019
-250.5181522729862	218.4820619894285	1019.319460078679
-250.3682761468144	218.8580698748564	1018.732597370566
-250.4323839750728	218.4673393019687	1019.390068644217
-250.5958176922253	218.4208665276143	1019.445734780698
-250.5042556185531	218.5256849631589	1019.238322164176
-250.5042556185531	218.5256849631589	1019.238322164176
-250.8264038252384	218.5934507687702	1019.112712827339
-250.2763486357899	218.4874646306592	1019.422623940955
-250.9284274611068	218.5577058982139	1019.111153439769
-250.6228750812288	218.3105190579646	1019.668166175566
-250.2116023927649	218.3850275159095	1019.657316253457
-250.886255628634	218.4158711045821	1019.415876336429
-250.5062718467842	218.5751430829362	1019.203735521966
-250.9735249872218	218.7203043196184	1018.863946328853
-250.7263803644435	218.2542256186177	1019.770291623629
-250.7486020110317	218.2969658176495	1019.65855809934
-250.824249850557	218.4911745280378	1019.285738645424
-250.9313225414825	218.9435958187231	1018.367351091128
-250.5717386104316	218.7130777112618	1018.876616870751
-250.3546675085237	218.5621035066661	1019.228189215876
-250.4823466542244	218.4478311844558	1019.446472085509
-250.5158496339046	218.5525163906514	1019.236854785977
-250.478100010902	218.28377401632	1019.785334484335
-250.5338796808222	218.2930990471268	1019.739181486303
-250.32383825052	218.6680534145149	1019.072807479866
-250.8175740385238	218.6857354804538	1018.989913580282
-250.5794316719169	218.7193798377577	1018.865009681679
-250.7292787068156	218.2897088369357	1019.674340152318
-250.7835219221695	218.2991224842808	1019.628598410648
-250.7968482955713	218.7251446862454	1018.783156729091
-250.6554119128851	218.5104439323821	1019.211409247465
-251.2752087454188	218.7651420227346	1018.687256808968
-250.824249850557	218.4911745280378	1019.285738645424
-250.7164425795093	218.4640303063028	1019.372726808949
-250.7547939841932	218.5326788624592	1019.129319805186
-250.5252164942413	218.7097685566635	1018.911282675859
-250.2977619092853	218.1928132480243	1020.014321800282
-250.7835219221695	218.2991224842808	1019.628598410648
-250.7967962216072	218.4647810242553	1019.283972401735
-250.3836410581122	218.4839238409992	1019.389609565604
-250.6145790861291	218.3136333912816	1019.678067150355
-250.8048961456974	218.4837432462612	1019.301908509522
-250.4871656987622	218.5679603718341	1019.219311676443
-250.7217924124374	218.5308254911273	1019.157973567189
-250.8065825439392	218.2470064678722	1019.745418570466
-250.2853159140437	218.4774256853275	1019.412914308746
-250.4612904742377	218.6985144940514	1018.970973305144
-250.4971461865766	218.2907159978824	1019.770299547047
-250.523164244882	218.2914765770201	1019.748464183294
-250.8813984991896	218.5053776778533	1019.241825420127
-250.8177481525921	218.6029154461844	1019.072360870322
-250.7754034002355	218.4744407065911	1019.324597525465
-250.4035607606599	218.5038000615707	1019.320018655095
-250.7146870237507	218.3271424856052	1019.595430609275
-250.6986492294761	218.2870334571004	1019.690211287485
-250.6330915219863	218.3125009333109	1019.661420045756
-250.5367292979522	218.4817783714309	1019.305551644489
-250.7910704697333	218.2144428249854	1019.803974060517
-250.6407702827632	218.270236808838	1019.744432111833
-250.4577615208557	218.5131480712593	1019.274537776424
-250.5642966902911	218.2507483438017	1019.803493935072
-250.4307670593261	218.3817144489733	1019.575311493653
-250.5016938775875	218.4796531001743	1019.335483967131
-250.7552880002065	218.5189045501434	1019.253008173577
-251.016623605509	218.8110473181988	1018.64403619814
-250.4643203984633	218.4166069682639	1019.451627570676
-250.7098841302285	218.3338305021951	1019.602156409594
-250.3430659013858	218.4156163906204	1019.555641897389
-250.2583246518111	218.4722133261673	1019.432990589409
-250.824157135415	218.2982211624489	1019.59619790732
-250.6046272213104	218.4264217998686	1019.439176123536
-250.8569432468059	218.23420855581	1019.752015941196
-250.6641498487134	218.2783144027558	1019.727103453038
-250.4801110616123	218.4115320709247	1019.437360183138
-250.788652855814	218.2616998569343	1019.719911393192
-250.7782334974043	218.763477614396	1018.703045188294
-250.7074990645924	218.2215158095599	1019.776024662869
-250.6697905045816	218.5928452405349	1019.114206462809
-250.5635990083512	218.4743252774178	1019.403511190773
-250.2675326963681	218.4820522354279	1019.428896722775
-250.4258076203977	218.4580388076348	1019.393754857583
-250.541786263917	218.7123548812625	1018.894856199479
-250.221186738717	218.4697541164724	1019.464295625329
-250.5448686126575	218.4571008108373	1019.395054263939
-250.4208903366468	218.4353481743698	1019.495496266329
-250.5444285736818	218.7171820672702	1018.895204743862
-250.6701845468345	218.5674085823002	1019.106622570825
-250.5042556185531	218.5256849631589	1019.238322164176
-250.7730787542311	218.2668056897143	1019.73405300508
-250.7546867408745	218.5066695256872	1019.226537148373
-250.4875930090705	218.5205562234189	1019.252681612332
-250.7858427905529	218.4629268078215	1019.293828871053
-250.9257216932004	218.4578669209248	1019.369364878307
-250.4906628430076	218.7133894419963	1018.940446760335
-250.854051410683	218.6971460093475	1018.830073002488
-250.7452029681069	218.7615800328991	1018.731906728096
-250.5279391823171	218.8199283488681	1018.751593945766
-250.6990268942333	218.3322565070945	1019.609590357626
-250.579818798678	218.4592462398417	1019.365103803867
-250.6413697086483	218.890711894036	1018.608255780791
-250.4780406934409	218.5290912049026	1019.26175568098
-250.4286629367353	218.7422638912454	1018.903803129101
-250.3037999667407	218.5928366256304	1019.277881358607
-250.4296810667371	218.440799191441	1019.489161404363
-250.4780406934409	218.5290912049026	1019.26175568098
-250.5531896645356	218.7228394899731	1018.888453713666
-250.5069830632144	218.4500282080655	1019.42483623515
-250.7660882902512	218.3534363229853	1019.503708362443
-250.0774806858626	218.4496383652151	1019.580581161263
-250.5838840017907	218.3159282010961	1019.703719318473
-250.6067662020839	218.4586906605916	1019.47153218997
-250.1527622778591	218.466239689831	1019.521658032993
-250.6729291766291	218.3952302735725	1019.493515394574
-250.9089932411179	218.3818902949465	1019.440910264443
-250.5768700583509	218.6764797736588	1019.04168457443
-250.7866044629955	218.5184573454128	1019.278914235196
-250.7484864407843	218.5892786894929	1019.120408122813
-250.7874904339748	218.3458652429175	1019.591941774884
-250.4296810667371	218.440799191441	1019.489161404363
-250.5868577790067	218.3025262962692	1019.752129501272
-250.7327567090128	218.3067131485844	1019.681687828772
-250.554489844648	218.5505921198034	1019.202169166498
-250.7546867408745	218.5066695256872	1019.226537148373
-250.4296810667371	218.440799191441	1019.489161404363
-250.5589324978766	218.9892575496733	1018.471108450938
-250.2283355973975	218.3998002750919	1019.64837642415
-250.755949149569	218.0765923509355	1020.177095497664
-250.5075413572606	218.6365065515337	1019.115645816635
-250.7540037013013	218.7673943599596	1018.724816428385
-250.6675701751751	218.2952087238849	1019.734673479775
-250.5702106392004	218.3793878513471	1019.577993404163
-250.4650839675119	218.4430193382272	1019.458951118952
-250.364485212062	218.4294404388035	1019.541778451605
-250.8584431281178	218.560610130618	1019.203461065815
-250.2283355973975	218.3998002750919	1019.64837642415
-250.4780406934409	218.5290912049026	1019.26175568098
-250.5563018168523	218.4648293130245	1019.387024750372
-250.3037999667407	218.5928366256304	1019.277881358607
-250.4806549498931	218.5312741362482	1019.260265048277
-250.2853183249198	218.4095161493905	1019.602804860048
-250.638030669898	218.3930720696608	1019.523505350944
-250.6225536687354	218.5025961285685	1019.232360471445
-250.5882966675741	218.7250849463008	1018.858117942952
-250.8364717348252	218.4349099836668	1019.363042474541
-250.7121261236998	218.5750212252115	1019.070947948702
-250.4692808188133	218.5235405148921	1019.268285371659
-250.9050468536862	218.661112330626	1018.880520600177
-250.4971256444118	218.3923213078834	1019.520346885661
-250.5042556185531	218.5256849631589	1019.238322164176
-250.8169921449437	218.2745539479614	1019.697398178831
-250.8630352410144	218.7030115678627	1018.822813252281
-250.7508689082567	218.7607240101907	1018.757840214002
-250.3883946335858	218.6831428316262	1019.019530448811
-250.6202076945435	218.6508516326716	1019.022197737858
-250.8235492633601	218.5927080984737	1019.038737384893
-250.7546867408745	218.5066695256872	1019.226537148373
-250.5882966675741	218.7250849463008	1018.858117942952
-250.7327567090128	218.3067131485844	1019.681687828772
-250.4414492758313	218.6984785262885	1018.978484813797
-250.5352176287167	218.4772414269727	1019.428733749542
-250.6614577894861	218.3874955157393	1019.501608096066
-250.5882966675741	218.7250849463008	1018.858117942952
-250.5332931409868	218.4467110534256	1019.401318501347
-250.5531896645356	218.7228394899731	1018.888453713666
-250.553676016494	218.462646910228	1019.388517811589
-250.5665623948032	218.4840763585232	1019.276209791825
-250.7703258030013	218.2619537092827	1019.733771455842
-250.6701845468345	218.5674085823002	1019.106622570825
-250.5067621116684	218.5278365984274	1019.236906620629
-250.6830937779794	218.6841134760593	1018.869822675289
-250.4665575762888	218.5186944451825	1019.267987642025
-250.6623826481787	218.4089568347916	1019.5154673286
-250.9035581499934	218.2292219797955	1019.712876540174
-250.553676016494	218.462646910228	1019.388517811589
-250.3519296699504	218.4210239176305	1019.549362519233
-251.0162126356527	218.318344261979	1019.536612104845
-251.0197726941927	218.4958186887661	1019.221806613451
-250.7540037013013	218.7673943599596	1018.724816428385
-250.7788138322865	218.50281588735	1019.204782078798
-250.7061715440517	218.6169672722028	1019.042583612494
-250.5042556185531	218.5256849631589	1019.238322164176
-250.5711448806042	218.2252692861468	1019.894737951448
-250.5042556185531	218.5256849631589	1019.238322164176
-250.7121261236998	218.5750212252115	1019.070947948702
-250.6344925605	218.4247165765304	1019.411357232942
-250.7546867408745	218.5066695256872	1019.226537148373
-250.5156047553621	218.5334302269604	1019.230248648912
-250.6548308254129	218.4804567334656	1019.306712791545
-250.5689508079961	218.4574989194106	1019.374708540979
-250.7878004029463	218.5085749129523	1019.197744666656
-250.8216357498048	218.5207059921023	1019.248618394856
-250.6926852219201	218.5259174460386	1019.318115348678
-250.7878004029463	218.5085749129523	1019.197744666656
-250.8932016738317	219.0015148528219	1018.272331994797
-250.5617531715378	218.2154296158115	1019.898895497449
-250.6064543503297	218.5559737086748	1019.159077700864
-250.9181214171548	218.4984719001013	1019.209732208263
-250.6466912876297	218.498765340825	1019.210586637337
-250.9496692645489	218.3409384052958	1019.49667054795
-250.563032690977	218.4422988308078	1019.420855945955
-251.0828190307214	218.5073358345411	1019.169344190046
-250.8169921449437	218.2745539479614	1019.697398178831
-250.7121261236998	218.5750212252115	1019.070947948702
-250.8364717348252	218.4349099836668	1019.363042474541
-250.4692808188133	218.5235405148921	1019.268285371659
-250.7776978383181	218.5128132304432	1019.285686952515
-250.7878004029463	218.5085749129523	1019.197744666656
-250.7031868203135	218.5692579020623	1019.077978485645
-250.553676016494	218.462646910228	1019.388517811589
-250.7728693818478	218.4918740200809	1019.252322324495
-250.8584431281178	218.560610130618	1019.203461065815
-250.8554210696761	218.2978183921895	1019.621868798229
-250.7702780275596	218.3110548996111	1019.650211439869
-250.7429178906987	218.3400084085357	1019.572929348754
-250.7546867408745	218.5066695256872	1019.226537148373
-250.878528110243	218.553238121173	1019.103177598613
-250.9339118381874	218.3507383001466	1019.5197324264
-250.6301816000895	218.4841451799899	1019.328931240795
-250.6318322526367	218.5601592683733	1019.137086258931
-250.5421368291553	218.4522527547443	1019.394761720619
-250.9120107695112	218.3683889595074	1019.489592213854
-250.8884539137311	218.2997083141259	1019.593193402816
-250.7458712765951	218.326567365127	1019.621465258135
-250.2763486357899	218.4874646306592	1019.422623940955
-250.6990268942333	218.3322565070945	1019.609590357626
-250.6982021913733	218.4361325598628	1019.359036622369
-250.5321510635853	218.3944946224672	1019.490353282154
-250.4085022846519	218.3727892005735	1019.590482741578
-250.7546867408745	218.5066695256872	1019.226537148373
-250.9120107695112	218.3683889595074	1019.489592213854
-250.2730614959368	218.4809902469767	1019.455085400143
-250.8482968175744	218.3569145465721	1019.54209264604
-250.7031868203135	218.5692579020623	1019.077978485645
-250.9120107695112	218.3683889595074	1019.489592213854
-250.6225536687354	218.5025961285685	1019.232360471445
-250.7546867408745	218.5066695256872	1019.226537148373
-250.9831542336126	218.316431579138	1019.565388609873
-250.761048168643	218.4620767801257	1019.335525229521
-250.8243634383055	218.4018132931605	1019.447912094115
-250.7546867408745	218.5066695256872	1019.226537148373
-250.9420653441688	218.13546135387	1019.989315148624
-251.0426376981917	218.5473578844241	1019.116517565578
-250.6789874863069	218.5731168342057	1019.099753351052
-250.9339118381874	218.3507383001466	1019.5197324264
-250.8257541406677	218.8097568683496	1018.64855802199
-250.772038498765	218.3772534590391	1019.521517147943
-250.749921981327	218.3549019768926	1019.518584732529
-250.8093895129356	218.3282096837226	1019.622090532059
-250.9120107695112	218.3683889595074	1019.489592213854
-250.7677557786645	218.3089091154328	1019.651624300081
-250.553676016494	218.462646910228	1019.388517811589
-250.7546867408745	218.5066695256872	1019.226537148373
-250.6152834349651	218.5616420460862	1019.152288355471
-250.7546867408745	218.5066695256872	1019.226537148373
-250.7546867408745	218.5066695256872	1019.226537148373
-250.7327567090128	218.3067131485844	1019.681687828772
-250.9831542336126	218.316431579138	1019.565388609873
-250.553676016494	218.462646910228	1019.388517811589
-250.7878004029463	218.5085749129523	1019.197744666656
-250.7546867408745	218.5066695256872	1019.226537148373
-250.9831542336126	218.316431579138	1019.565388609873
-250.995789748222	218.534350508031	1019.154062665207
-250.5423649582129	218.4386031855743	1019.436782424864
-250.5625827948892	218.2478603414576	1019.804942649107
-250.7878004029463	218.5085749129523	1019.197744666656
-250.7546867408745	218.5066695256872	1019.226537148373
-250.852416345753	218.3112877575805	1019.57331049591
-250.7121261236998	218.5750212252115	1019.070947948702
-250.7324908093545	218.5165882764796	1019.19856112279
-250.7878004029463	218.5085749129523	1019.197744666656
-250.5251493266765	218.4352252318583	1019.450638207298
-250.5887303798365	218.4648397852525	1019.358427736108
-250.7327567090128	218.3067131485844	1019.681687828772
-250.8554210696761	218.2978183921895	1019.621868798229
-250.8496019878394	218.4150092028314	1019.418808709555
-250.9120107695112	218.3683889595074	1019.489592213854
-250.805979187659	218.4937800870335	1019.223530515851
-250.8064926095127	218.4254160293036	1019.386311070912
-250.7327567090128	218.3067131485844	1019.681687828772
-250.7329163557393	218.5269321149431	1019.203913881286
-250.8056896713209	218.6307106810135	1018.959360795067
-250.5531896645356	218.7228394899731	1018.888453713666
-250.4476954066589	218.4554017330507	1019.370265387973
-250.4780406934409	218.5290912049026	1019.26175568098
-250.7899216246747	218.7359418967392	1018.803552206782
-250.7546867408745	218.5066695256872	1019.226537148373
-250.8554210696761	218.2978183921895	1019.621868798229
-250.8298936938954	218.7010576945907	1018.851823990548
-251.1406826267666	218.1773512713531	1019.828783021978
-250.7546867408745	218.5066695256872	1019.226537148373
-250.9339118381874	218.3507383001466	1019.5197324264
-250.7247380048648	218.4971744053344	1019.249803799998
-250.7878004029463	218.5085749129523	1019.197744666656
-250.7546867408745	218.5066695256872	1019.226537148373
-250.553676016494	218.462646910228	1019.388517811589
-250.7546867408745	218.5066695256872	1019.226537148373
-250.6068981535909	218.4500390328859	1019.384226002678
-250.6704203853702	218.3930842054792	1019.494924609609
-250.7871702091073	218.7693472121402	1018.69579254756
-250.9831542336126	218.316431579138	1019.565388609873
-250.9339118381874	218.3507383001466	1019.5197324264
-250.8210458161508	218.6952474228661	1018.858921457523
-250.7478454014886	218.5436189332606	1019.149345920984
-250.7546867408745	218.5066695256872	1019.226537148373
-250.7458365079966	218.5009655866752	1019.233413301102
-250.542781495195	218.298534088113	1019.732824891352
-250.9030625643399	218.3626939537951	1019.496482922317
-250.553676016494	218.462646910228	1019.388517811589
-250.9249554825003	218.3450423155051	1019.526628360262
-250.5069830632144	218.4500282080655	1019.42483623515
-250.6202076945435	218.6508516326716	1019.022197737858
-250.9669693755204	218.3526467081522	1019.490966991846
-250.5882966675741	218.7250849463008	1018.858117942952
-250.7546867408745	218.5066695256872	1019.226537148373
-250.8298936938954	218.7010576945907	1018.851823990548
-250.7546867408745	218.5066695256872	1019.226537148373
-250.9016506485987	218.7433998980117	1018.775664715376
-250.9595571503139	218.2477086557461	1019.668996471192
-250.4780406934409	218.5290912049026	1019.26175568098
-250.852416345753	218.3112877575805	1019.57331049591
-250.7782334974043	218.763477614396	1018.703045188294
-250.8210606808984	218.3478425600282	1019.562914771432
-250.9120107695112	218.3683889595074	1019.489592213854
-250.6353924732796	218.3908902228377	1019.525001061937
-250.553676016494	218.462646910228	1019.388517811589
-250.7458365079966	218.5009655866752	1019.233413301102
-250.7546867408745	218.5066695256872	1019.226537148373
-250.7546867408745	218.5066695256872	1019.226537148373
-250.7546867408745	218.5066695256872	1019.226537148373
-250.9339118381874	218.3507383001466	1019.5197324264
-251.0665257165066	218.2430023396432	1019.704299732783
-250.553676016494	218.462646910228	1019.388517811589
-250.8298936938954	218.7010576945907	1018.851823990548
-250.5179725033954	218.4500455326395	1019.416033418238
-250.553676016494	218.462646910228	1019.388517811589
-250.7878004029463	218.5085749129523	1019.197744666656
-250.7238426221712	218.301175646519	1019.688243672854
-250.6909794091706	218.4951948821645	1019.279060819636
-250.7546867408745	218.5066695256872	1019.226537148373
-250.6064543503297	218.5559737086748	1019.159077700864
-250.7709988145663	218.3587017855766	1019.502221110836
-250.5563018168523	218.4648293130245	1019.387024750372
-250.4806549498931	218.5312741362482	1019.260265048277
-250.7546867408745	218.5066695256872	1019.226537148373
-250.7546867408745	218.5066695256872	1019.226537148373
-250.6301816000895	218.4841451799899	1019.328931240795
-250.8554210696761	218.2978183921895	1019.621868798229
-250.9631884078451	218.3554657962141	1019.486591370654
-250.7640117249994	218.4861695328441	1019.259202425172
-250.97630596281	218.3955814656452	1019.463594098086
-250.61378633848	218.322721730733	1019.626735013396
-250.579818798678	218.4592462398417	1019.365103803867
-250.7788138322865	218.50281588735	1019.204782078798
-250.7121261236998	218.5750212252115	1019.070947948702
-250.8085313754358	218.5008428971801	1019.309091457647
-250.7878004029463	218.5085749129523	1019.197744666656
-250.9861445318189	218.4938284231899	1019.251131066533
-250.5131196664677	218.5312830895968	1019.231652807504
-250.9831542336126	218.316431579138	1019.565388609873
-250.8364717348252	218.4349099836668	1019.363042474541
-250.6452748001356	218.2485234064542	1019.789596701745
-250.4215411315486	218.4587815361252	1019.393692153645
-250.8481099789174	218.686298052513	1018.877629762238
-250.9120107695112	218.3683889595074	1019.489592213854
-250.8364717348252	218.4349099836668	1019.363042474541
-250.6704203853702	218.3930842054792	1019.494924609609
-250.6704203853702	218.3930842054792	1019.494924609609
-250.7546867408745	218.5066695256872	1019.226537148373
-250.6152834349651	218.5616420460862	1019.152288355471
-250.553676016494	218.462646910228	1019.388517811589
-250.7776978383181	218.5128132304432	1019.285686952515
-250.7727609195411	218.4234353849033	1019.415554311155
-250.5131196664677	218.5312830895968	1019.231652807504
-250.4971256444118	218.3923213078834	1019.520346885661
-250.4780406934409	218.5290912049026	1019.26175568098
-250.6490670641747	218.5636205637218	1019.123018399908
-250.7878004029463	218.5085749129523	1019.197744666656
-250.9844727331828	218.5765944261353	1019.066335491366
-250.5042556185531	218.5256849631589	1019.238322164176
-250.5801154864535	218.2306775586823	1019.888416352428
-250.8577937874731	218.4666317045684	1019.354756078783
-250.7458365079966	218.5009655866752	1019.233413301102
-250.5131196664677	218.5312830895968	1019.231652807504
-250.5003440367434	218.7066261941466	1018.930409636621
-250.6701845468345	218.5674085823002	1019.106622570825
-250.6789874863069	218.5731168342057	1019.099753351052
-250.8298936938954	218.7010576945907	1018.851823990548
-250.3131143848082	218.489861263344	1019.391451795803
-250.7819921219413	218.2723532354758	1019.7274740187
-250.7121261236998	218.5750212252115	1019.070947948702
