-245.1036097941879	203.4612859826738	1038.184434848689
-245.1036097941879	203.4612859826738	1038.184434848689
-245.1083987280676	203.5890005779261	1037.858349199049
-245.3863689261516	203.389859941347	1038.399549240803
-245.2247057525209	203.3830003353881	1038.381509215429
-245.1045224857443	203.784888217141	1037.354429408698
-245.3627944403025	203.2334837738499	1038.813471514578
-245.3557863214257	203.2381148050456	1038.806843083398
-245.3332707373346	203.3594258393082	1038.468215706093
-245.4248965423072	202.933745566812	1039.524031975333
-245.367634919937	203.1828535839426	1038.978391822634
-244.9764965387644	203.4709692498952	1038.223541902569
-245.0854196725045	203.6759844775389	1037.740238546133
-245.1967045059179	203.5644648942283	1037.951132654673
-245.1615489839969	203.3140007476992	1038.767902652912
-245.1659270725669	203.5294595217493	1038.075164656379
-245.260338498366	203.3877759244795	1038.45087387519
-245.2882194381183	203.4647226732634	1038.205940779876
-245.0981516261155	203.3979370707672	1038.364867145994
-245.4009644767004	203.2427985633529	1038.765788469425
-245.4809126623276	203.374786358459	1038.38798022275
-245.0966939272876	203.2269491655168	1038.847218478597
-245.077536257395	203.4621956032137	1038.207465740716
-244.9784426363008	203.6348617746183	1037.804717938148
-245.1413901640916	203.6886937262882	1037.634414495851
-245.2273373766283	203.1314636147985	1039.096189103714
-245.3416004377404	203.4742704824558	1038.169823736303
-245.1707389819638	203.3370157640105	1038.499433589407
-245.344158567288	203.4029194549438	1038.35239349647
-245.2643138047546	203.824984222992	1037.281860063042
-245.2637475708706	202.9394580958429	1039.562423948317
-245.1650001892424	203.2403141028874	1038.760531414852
-245.3538735765004	203.4590510004852	1038.174658770133
-245.3894375302254	203.1894364331094	1038.959373456014
-245.4471692523243	203.3169216830908	1038.603867039212
-245.5340666404441	203.2469513149002	1038.673130565661
-245.2447881863303	203.7723575612635	1037.428799164528
-245.1436699337761	203.6749447397736	1037.690398723615
-245.3534846594152	203.3401775713177	1038.521452388529
-245.4587742388287	202.983297812282	1039.538831942271
-245.1743756645832	203.7676331623813	1037.478103069201
-245.1279605102513	203.246459499992	1038.854735483723
-245.3496555022516	203.1963619986859	1038.985205846076
-245.1158469720666	203.2659257917412	1038.898466590844
-245.1075092107188	203.1771884053893	1039.030546900526
-245.3928967324358	203.2513034517633	1038.775981682201
-245.2104522236329	203.3221944602262	1038.572390799698
-245.2416047750592	203.4548864801003	1038.274022042997
-245.1264217070284	203.6797590960666	1037.703452767072
-245.3748954479063	203.3348635703218	1038.505002193498
-245.1555962362893	203.248376649034	1038.941065264729
-245.2506787726851	203.4035999143155	1038.418838076363
-245.2381195766777	203.1789613444835	1038.903000908408
-245.2633902105208	203.027645791933	1039.340937222129
-245.3935808614827	203.4579942251609	1038.148201955849
-245.1517234771395	203.2301560481923	1038.799514925827
-245.1400630922933	203.1645379131182	1039.165593195817
-245.367634919937	203.1828535839426	1038.978391822634
-245.3944055901702	203.4070280229777	1038.307576577205
-245.417856255967	203.3887712420766	1038.444327077487
-245.2557930632676	203.5509843673523	1038.005423077941
-245.4157792000097	203.5519629408397	1037.949381146582
-245.4306273379125	203.2476204839107	1038.725026150281
-244.8606099587525	203.598180769677	1038.061043555027
-244.9752555848121	203.1609677864608	1039.126714629403
-245.3797801184619	203.6011178974259	1037.814986266739
-245.2307711874042	203.6839566924054	1037.62535835577
-245.1931463067838	203.01391948966	1039.39204955313
-245.1509974104021	203.1585238757348	1038.979025904456
-245.4614352787882	203.2477865896367	1038.736209548239
-245.1465160289844	203.6105220492497	1037.886938025463
-245.3033561654992	203.251234041633	1038.697307506548
-245.4560391822902	203.2594139417634	1038.719888727184
-245.3705454647987	203.3269069233788	1038.611737079054
-245.2533908869259	203.4662256385495	1038.193127049575
-245.2473758401883	203.6192176624684	1037.810157310925
-245.1543789109588	203.6799068287693	1037.678975119702
-245.1255168103098	203.3046419838402	1038.698429037208
-245.1543789109588	203.6799068287693	1037.678975119702
-245.2261743946113	203.4648915724246	1038.259803231082
-245.2936470012	203.2352292632613	1038.69013677208
-245.1830525728154	203.6236102610318	1037.856515109341
-245.1650001892424	203.2403141028874	1038.760531414852
-245.1362201793382	203.2496800503045	1038.750024320575
-245.5138291086996	203.0862888262968	1039.187238886098
-245.2450827667552	203.3977319072584	1038.436694182546
-245.4608859540376	203.1250770818219	1039.050462391154
-245.2996673402328	203.5538485361256	1037.945413360479
-245.0812833652929	203.2370176416774	1038.832921467558
-245.2416456490312	203.6890106004727	1037.61361861242
-245.0413492387651	203.589752413012	1037.91590435617
-245.0872028166498	203.5482058795102	1038.02311389704
-245.2527998243015	203.6744851995216	1037.596872579002
-245.4514271252034	203.2471735205266	1038.720178024808
-245.0812833652929	203.2370176416774	1038.832921467558
-245.0812268450451	204.0081003265084	1036.9020536848
-245.085910930949	203.2222056497131	1038.858088187601
-245.4727231112657	203.2418709345264	1038.703752693297
-245.2933415763936	203.8057314221022	1037.251348867489
-245.3007780317109	203.4069888620886	1038.395030368447
-245.187354225136	203.1028291526737	1039.230364174315
-245.3557863214257	203.2381148050456	1038.806843083398
-245.2478802101225	203.4268561125807	1038.256233628038
-245.1518043162861	203.5372816337044	1038.087108576712
-245.2696285464264	203.4550675940421	1038.249484535581
-245.3264378896043	202.8873635085096	1039.742659325652
-245.1543789109588	203.6799068287693	1037.678975119702
-244.9973923357041	203.3896757350903	1038.440088339255
-245.3370290242322	203.4638284492392	1038.187619006663
-245.5270600124303	203.2515712624175	1038.66653724811
-245.0797130274844	203.2317004281074	1038.86014600326
-245.0132196491149	203.4489549696247	1038.377060836667
-245.4450786878939	203.4631517718206	1038.253712846376
-245.1436699337761	203.6749447397736	1037.690398723615
-245.2587195398078	203.450088840963	1038.261037011639
-245.2696491429116	203.6359715961101	1037.790226392071
-245.2237155679123	203.363875917483	1038.42806996289
-245.2431637398042	202.9441257553376	1039.526479497441
-244.9717124870826	203.448220044618	1038.288228646327
-245.1543789109588	203.6799068287693	1037.678975119702
-245.5045872872539	203.5955150405043	1037.745245864235
-245.308626478461	203.4135126239644	1038.346811377148
-245.4848616388258	203.3855600186661	1038.367006501966
-245.3970825908732	203.3705291068631	1038.463109474583
-244.9795047954029	203.6671659081885	1037.805243301112
-244.9960550660109	203.7600772544363	1037.62591803246
-245.0244770252081	203.5854606266129	1037.931787813141
-245.4693985350895	203.1194733516955	1039.058413696276
-245.2161837990903	203.161151425566	1038.921517086403
-245.246578084466	203.5435075268264	1038.063191943095
-245.3417776715385	203.4539410572345	1038.187300024721
-245.3970825908732	203.3705291068631	1038.463109474583
-245.3263495060489	203.4639305854601	1038.173130837689
-245.3743637844158	203.6660273302207	1037.670260569877
-245.0704974803498	203.2322799960554	1038.843774785764
-245.0756494721884	203.6711814750195	1037.750772909987
-245.3307417013957	203.21494202087	1038.847107019698
-245.1285489206372	203.3553808137692	1038.512967314966
-245.085910930949	203.2222056497131	1038.858088187601
-245.1395024400574	203.3602339496543	1038.501744928271
-245.0704974803498	203.2322799960554	1038.843774785764
-245.514800213601	203.3413142294052	1038.542751422866
-245.3012759163769	203.5196544688484	1038.107130144752
-245.2240663390227	203.6924876368791	1037.560809606961
-245.4083541823344	203.3756264860647	1038.451097367468
-245.2967557495137	203.8042540926453	1037.415506730945
-245.1006574497006	203.4127700578069	1038.401159996941
-245.0246035738329	203.7876076644027	1037.417490322623
-245.0966939272876	203.2269491655168	1038.847218478597
-245.1936085619234	202.953413469444	1039.574679292995
-245.194607959914	203.8109413302311	1037.334407827683
-244.9822938469347	203.4529489736156	1038.277486101526
-245.1395024400574	203.3602339496543	1038.501744928271
-244.9468468909045	203.3244165188688	1038.683218923353
-245.3650993274198	203.0266242565982	1039.254078637216
-245.3854598279696	203.3176231416188	1038.60390200868
-245.3417776715385	203.4539410572345	1038.187300024721
-245.4091746921364	203.5817827372708	1037.822025588053
-245.2064776703795	203.2261060880559	1038.754989383873
-245.2587195398078	203.450088840963	1038.261037011639
-245.4141452174982	203.473344983814	1038.106860674477
-244.8014276074206	203.1750697243255	1039.085377063659
-245.3392153501293	203.8108220395444	1037.20861664634
-245.1465160289844	203.6105220492497	1037.886938025463
-245.2017818474623	203.2249715567864	1038.758373535035
-245.3525962046711	204.0731111844296	1036.702531421046
-245.0050150065689	203.4476020053607	1038.260162331432
-245.1192666317414	203.221625113279	1038.829967872887
-245.3002316260403	203.1522256393593	1038.977501680803
-245.5489208767607	203.0183516999504	1039.297615304558
-245.2587195398078	203.450088840963	1038.261037011639
-245.1654392935966	203.4711633460092	1038.257663111321
-244.8008833288707	203.6271209202785	1037.869287757497
-245.0050150065689	203.4476020053607	1038.260162331432
-245.3104787851971	203.5868777543477	1037.905127751414
-245.2957337039361	203.4508438808465	1038.22972909213
-245.2696285464264	203.4550675940421	1038.249484535581
-245.2237155679123	203.363875917483	1038.42806996289
-245.0704974803498	203.2322799960554	1038.843774785764
-245.2432870958053	203.4600949031445	1038.246817185004
-245.4427365794272	203.2015096807716	1038.828687316479
-245.1866144053695	203.7797469747691	1037.485743854704
-244.8498925804249	203.7267937047676	1037.605642980477
-245.2587195398078	203.450088840963	1038.261037011639
-245.2696285464264	203.4550675940421	1038.249484535581
-245.1880614224028	203.6951032130483	1037.577607019869
-245.2994052564797	203.5817922175513	1037.917029208884
-245.3001501793303	203.5961988378165	1037.887456972665
-245.3972952041119	203.5290289496825	1038.019227842234
-245.3952051225113	203.5911817124453	1037.829078136474
-245.3538735765004	203.4590510004852	1038.174658770133
-245.1083987280676	203.5890005779261	1037.858349199049
-245.0919123201631	203.4519800874367	1038.18542939408
-244.8637343138067	203.4325874802337	1038.353165703536
-245.3557863214257	203.2381148050456	1038.806843083398
-245.3641272908017	203.5819073585943	1037.912819075046
-245.156709592356	203.7693327912852	1037.415428138958
-244.7858011589771	203.7515930508422	1037.632663473742
-245.3881427642967	202.8195729696149	1039.762798475602
-245.0912974152365	203.3721497813321	1038.473535616715
-245.4652400304479	203.237895236201	1038.71303252575
-245.1821628170876	203.0091673636425	1039.403026989951
-245.1120586595207	203.217977624075	1038.838510151376
-245.3952051225113	203.5911817124453	1037.829078136474
-245.5108724265201	203.4545901055471	1038.183034812675
-245.4231529573321	203.3663200757831	1038.443328843432
-245.3783718979119	203.5959702104384	1037.842067539845
-245.2264365153154	203.678695019269	1037.616895598141
-245.2696285464264	203.4550675940421	1038.249484535581
-245.0966939272876	203.2269491655168	1038.847218478597
-245.1248497443115	203.8971147391475	1037.065819970668
-245.1543789109588	203.6799068287693	1037.678975119702
-245.2620805183749	203.8199417991149	1037.27165731223
-245.2950492182957	203.5968305989377	1037.890984833789
-245.3215796936343	203.3789969942434	1038.328528779849
-245.3829486953578	203.5859624548521	1037.842078249184
-245.3458120811987	203.2382646557371	1038.826389076304
-245.3800058626123	203.4548838019734	1038.154694210481
-245.1757208930364	203.3757644552854	1038.399890863606
-245.1263752095736	203.3690384919192	1038.457701773105
-245.2435663246703	203.1432756620279	1039.053498666576
-245.2899486944023	203.4421608845617	1038.335484963531
-245.3733563154099	203.2394822384263	1038.779221529065
-245.152400052189	203.0232238100627	1039.365583053642
-245.3557863214257	203.2381148050456	1038.806843083398
-245.3104787851971	203.5868777543477	1037.905127751414
-245.3499787620846	203.0803226662733	1039.149501076518
-245.2710581723719	203.3544063554043	1038.391819711716
-245.1152709740916	203.8018358660053	1037.40759713955
-245.2385337228996	203.5962404624016	1037.912074659748
-245.3570308443817	203.4642776948001	1038.184000800323
-245.2365678507065	203.1479134978219	1039.04686295119
-245.3104787851971	203.5868777543477	1037.905127751414
-245.3328540147425	203.5959064869757	1037.818947109405
-245.2365678507065	203.1479134978219	1039.04686295119
-245.3829486953578	203.5859624548521	1037.842078249184
-245.2575288383958	203.3635791658391	1038.398991290432
-245.5069879775698	203.2425356972406	1038.733433132455
-245.2878532087375	203.343501443036	1038.578060015834
-245.4853199482534	203.2470149179231	1038.690677608353
-245.5356021559492	203.1681958377281	1038.916436323805
-245.4469910606917	203.8067239368323	1037.32324048001
-245.2746128538256	203.4552134059883	1038.223573708479
-245.1925690642392	203.707229506372	1037.576510574398
-245.3797801184619	203.6011178974259	1037.814986266739
-245.3952051225113	203.5911817124453	1037.829078136474
-245.3538735765004	203.4590510004852	1038.174658770133
-245.2358913224537	203.0040116917958	1039.41104103487
-245.3280885394986	203.4776006198268	1038.166170700919
-245.3829486953578	203.5859624548521	1037.842078249184
-245.2474904434871	203.3734383410133	1038.352784330736
-244.9943388558324	203.9893036713921	1036.886862280665
-245.3104787851971	203.5868777543477	1037.905127751414
-245.1598745737269	203.3685755617258	1038.429129410059
-245.194607959914	203.8109413302311	1037.334407827683
-245.1842295455249	203.3139966228377	1038.591637804041
-245.3829486953578	203.5859624548521	1037.842078249184
-245.4091746921364	203.5817827372708	1037.822025588053
-245.2090059947638	203.5555092373141	1038.005279598645
-245.3753191096451	203.4537270258755	1038.158157044158
-245.4379914996791	203.3802689206412	1038.371238662114
-245.211571836011	203.3588932937213	1038.440373302958
-245.3927677341385	203.604914893707	1037.773293573716
-244.9201510694876	203.8311540955191	1037.400103760067
-245.194607959914	203.8109413302311	1037.334407827683
-245.4852894597432	203.0162952943928	1039.339117411984
-245.3970825908732	203.3705291068631	1038.463109474583
-245.3452099820448	203.6011086986001	1037.805961967378
-245.5729525179549	203.1544301194518	1038.953415709381
-245.2669877288341	203.8099385019115	1037.271464498825
-244.9661449786182	203.3327979546505	1038.628140244972
-245.6113281334168	203.1538500986216	1038.920012846168
-245.3538735765004	203.4590510004852	1038.174658770133
-245.3797801184619	203.6011178974259	1037.814986266739
-245.4628515419104	203.1689719476645	1038.97959973239
-245.2026376301663	203.7744952979855	1037.372614143279
-245.3668943839741	203.2431041887256	1038.79518126241
-245.2527998243015	203.6744851995216	1037.596872579002
-245.3753191096451	203.4537270258755	1038.158157044158
-245.3331201473699	203.581522805101	1037.88768953536
-245.0266997508424	203.8002727399187	1037.388027453879
-245.1395024400574	203.3602339496543	1038.501744928271
-245.1821547629824	203.8619237196121	1037.23296544056
-245.4923244018727	203.2423966563307	1038.697267845298
-245.3104787851971	203.5868777543477	1037.905127751414
-245.4083541823344	203.3756264860647	1038.451097367468
-245.3665977664132	203.595785412365	1037.789410900041
-245.245080519811	203.3585765176921	1038.411615323824
-244.9510631037445	203.3562057105658	1038.543403480226
-245.4309893901822	203.384865600541	1038.364665396886
-245.1780748367367	203.7752150485258	1037.39535229302
-244.9200543910917	203.3434399120986	1038.666029169377
-245.4166403646658	203.5858493252747	1037.812525104554
-245.3515507592234	203.4727773135247	1038.119082516338
-245.3362255192306	203.3850250990388	1038.458208392973
-245.4281968190775	203.304055405956	1038.629828095886
-245.5070105680144	203.3706336457996	1038.367991190498
-245.4449632826852	203.5962419448458	1037.761478808757
-245.2696285464264	203.4550675940421	1038.249484535581
-245.4809126623276	203.374786358459	1038.38798022275
-245.5382765332061	203.3843848802683	1038.282677629278
-245.2649079580878	203.5646152359279	1037.889310264179
-245.5274073788623	203.379963802094	1038.344954052548
-245.340109531939	202.9299290311886	1039.598082732139
-245.1216526890594	203.5645789958565	1038.013797463228
-245.4297568583998	203.2488828373838	1038.683190836031
-245.4933660023704	203.3800198104544	1038.374867906053
-245.2377376361822	203.354724624777	1038.420496985693
-245.5110210124908	203.1595095093298	1038.942566787618
-245.1810148587692	203.5612919665809	1037.993990771986
-245.4809126623276	203.374786358459	1038.38798022275
-245.3400972281587	203.1601822881543	1038.901222735783
-245.2544373764678	203.5620929988257	1037.931442797377
-245.3777083784141	203.4686059607527	1038.099107932279
-245.3829486953578	203.5859624548521	1037.842078249184
-245.2418887756463	203.3404766246947	1038.552087762771
-245.2957337039361	203.4508438808465	1038.22972909213
-244.8616266448242	203.3152459241739	1038.660235522613
-245.4091746921364	203.5817827372708	1037.822025588053
-245.3256038089666	203.5775561676428	1037.897186144595
-245.3331201473699	203.581522805101	1037.88768953536
-245.1106418113662	203.7659914427705	1037.458574292046
-245.2788915205624	203.3412875311642	1038.520711556585
-245.0260140670395	203.8699907876692	1037.116417887702
-245.4166403646658	203.5858493252747	1037.812525104554
-245.3730258483341	203.4674478878888	1038.102573841313
-245.3108563181027	203.0169449519749	1039.290735890877
-245.2221683850826	203.8061094871397	1037.312475146314
-244.8812577435464	203.4530064637472	1038.334094966896
-245.0588235396353	203.3414640339344	1038.44462823606
-245.3267745620253	202.9388259759888	1039.554522117824
-245.3100892513042	203.0085312290947	1039.306346216145
-245.3087275610964	203.1466442910789	1038.985423829193
-245.2571801238347	203.3419396844677	1038.563279854691
-245.4172401372577	203.4007817359284	1038.252519088952
-245.1395024400574	203.3602339496543	1038.501744928271
-245.4570464566511	203.3807213743399	1038.344679362429
-245.5263674890102	203.3712831235125	1038.361445020998
-245.2175340138992	203.6835018538606	1037.623348202531
-245.1172932857773	203.3679482457834	1038.453864652999
-245.2828736391631	203.5914919127842	1037.864524466022
-245.3367687732745	203.0128265442539	1039.270976079903
-245.1132721007642	203.4746177179146	1038.132490210526
-245.2745334092917	203.5595822076486	1037.955498286225
-245.3354553451837	203.4874241119069	1038.083003112507
-245.1458550131815	203.473215278748	1038.249127724939
-245.3511770631344	203.4610356315465	1038.111306329703
-245.3948813029128	203.3843082854892	1038.407448667775
-245.1634767415346	203.3707967438753	1038.412185302767
-244.9410204443672	203.3534127666937	1038.486098411043
-245.1611654249758	203.3844990718893	1038.356814767974
-245.4189165845588	203.600746139531	1037.75322689396
-245.4647807753472	203.38478003692	1038.335093678401
-245.3790345337009	203.1478222081437	1039.027226819074
-245.0901476221553	203.4655746996021	1038.178945800441
-245.2883197356896	203.5856426815012	1037.851623870161
-245.1352580000747	203.6875108841506	1037.569677896489
-245.3729733599724	203.1514049582277	1038.888093012576
-245.2978014723552	203.7061949106346	1037.49332440904
-245.32068765765	203.5924051120153	1037.832213423114
-245.1285489206372	203.3553808137692	1038.512967314966
-245.2201956134813	203.5605307694001	1037.925496955514
-245.42050961654	203.2673267640675	1038.621007090098
-244.8985728632985	203.4340788715323	1038.368450611113
-245.0074119904047	203.4620065173751	1038.251563191202
-245.3184498267846	203.4454913580222	1038.212327445742
-245.2976885699274	203.3575241400583	1038.420336958899
-245.3515481536892	203.7807292647037	1037.383797938638
-245.1998854281496	203.2587896971903	1038.711989029707
-245.1400321802885	203.5534289574717	1038.034063364616
-245.1202213287407	203.2358128853252	1038.800947256406
-245.1211761948192	203.111753349628	1039.094606301722
-245.2164267616376	203.7650342516184	1037.36589440111
-245.2109149186997	203.1546743593043	1039.001242261532
-245.4291995685453	203.5910896392277	1037.799199399761
-245.5140179646711	203.3660319130069	1038.374568503862
-245.2504551021964	203.6882736102479	1037.540776527385
-245.3818658830561	203.2339029595707	1038.787152801503
-245.2722312823432	203.4497164790044	1038.249484075676
-244.9981131181184	203.5479424085596	1038.002291683535
-245.1776461625625	203.1194338647099	1039.042379982458
-245.2760079840033	203.6019378827519	1037.844454696897
-245.4249119457456	203.0308822316127	1039.334094591567
-245.1304495225737	203.2577569722374	1038.68664403752
-245.2192771308314	203.4763576507364	1038.177565873427
-245.1717978816455	203.7159946597627	1037.575180540271
-245.481838723813	203.2724220243449	1038.590363147286
-245.4166403646658	203.5858493252747	1037.812525104554
-245.3503783647521	203.6678120280924	1037.630296703969
-245.2584257858997	203.1342117988272	1039.045229236036
-245.3829486953578	203.5859624548521	1037.842078249184
-245.5106341772752	203.2703976905607	1038.635690055488
-245.3572142401843	203.5869694389014	1037.842118118053
-245.2330848712405	203.5556348864675	1037.853388341999
-244.9781646892555	203.7552896317468	1037.481685147148
-245.0349423658867	203.1407803986689	1039.072821196787
-245.3675626150904	203.7830639622082	1037.34093848305
-245.642736410369	203.1676491437071	1038.834921872544
-245.4291995685453	203.5910896392277	1037.799199399761
-245.3685327396851	203.5961429947723	1037.799632113416
-245.5537587551105	203.8062731717022	1037.228307228039
-245.2237155679123	203.363875917483	1038.42806996289
-245.3287586561656	202.9250534681642	1039.609529741351
-245.3665977664132	203.595785412365	1037.789410900041
-245.4340727177572	203.2340007557219	1038.752562185873
-245.2696141487959	203.5050230532651	1038.083072002708
-245.4652400304479	203.237895236201	1038.71303252575
-245.1029126010365	203.2370629058453	1038.815800980928
-245.3210232617509	203.2827788405524	1038.627466400744
-245.3036329680525	203.1387084602699	1039.004734011514
-245.3227928653875	203.590843889281	1037.870017469216
-245.405309846932	203.596863146524	1037.756012255822
-245.5322793623425	203.8116322108624	1037.244955247994
-245.2687997222511	203.3681167769168	1038.336407470596
-245.4425807160997	203.375424772876	1038.42128689934
-245.3511770631344	203.4610356315465	1038.111306329703
-245.4822306127418	203.3992808517007	1038.272403685776
-245.4786218158513	203.3886091769196	1038.332217463445
-245.1232957781324	203.275083005349	1038.626650384365
-245.5537587551105	203.8062731717022	1037.228307228039
-244.9466783588802	203.2433944232082	1038.852518148544
-245.0882921909426	203.8660878691906	1037.172832959702
-245.3263971452641	202.941753593239	1039.540493544243
-245.1222230957092	203.4780855779816	1038.096985020359
-244.9851783340606	203.4696411613555	1038.203708060713
-245.4969894014023	203.4123879293556	1038.163751180841
-245.2392156698993	203.7780867633592	1037.46685429616
-244.8694173896146	203.3797689601903	1038.442193141664
-245.6494871219156	203.4823893926073	1038.022829867672
-245.665522293197	203.6017052621056	1037.760782295113
-245.3287418858191	203.4922386380504	1038.096480969256
-244.9526608330026	203.6978023447131	1037.560525263059
-245.3805611873109	203.5996778632907	1037.786321623229
-244.9980323713845	203.2044248439792	1038.853307651162
-245.1305234811956	203.4195596312542	1038.291282391492
-245.3859307208203	203.3445213216154	1038.431417805844
-245.3233315863746	203.5912239314376	1037.841521488627
-245.6449266029468	203.1538076154681	1038.890466522404
-245.2117696062421	203.3612022335553	1038.490923062182
-245.5235156282943	203.2568651596344	1038.608000428537
-244.900791920721	203.492488917751	1038.166771229371
-245.3040889697758	203.4570416235504	1038.149895010597
-245.4166403646658	203.5858493252747	1037.812525104554
-245.2740301856425	203.2108306371731	1038.794525132791
-245.2941104189784	202.9895476702009	1039.418942170774
-245.0430385060706	203.4754370588567	1038.16756540139
-244.9926098110017	203.224924965036	1038.880284426186
-245.1996122258724	203.2386775475855	1038.703182264318
-244.9269307188304	203.2178722952675	1038.97517147426
-245.0141110600539	203.2542496443155	1038.80906820761
-245.2710581723719	203.3544063554043	1038.391819711716
-245.3078362025388	203.7924001245363	1037.326502322065
-244.8007483620012	203.5077673082504	1038.124554319804
-245.1620691112889	203.3549048927805	1038.484430439515
-245.2915753741596	203.4654321183361	1038.160313743659
-245.3120252685979	203.9201279357522	1037.019275678945
-245.103279644364	203.6851364183427	1037.637052721518
-245.4311820472561	203.9122473897797	1036.965567824114
-245.4624224216727	203.3986153347369	1038.279296543903
-245.6526234203799	203.5962335399713	1037.774881019032
-245.3777083784141	203.4686059607527	1038.099107932279
-245.4178402658988	203.5873036645739	1037.860883936892
-245.1334598493466	203.7606193785846	1037.441077879598
-244.8764695073453	203.6558401865389	1037.677377822836
-245.2920930896501	203.6102951183752	1037.796486456471
-245.5296994181085	203.8253753381438	1037.188801855324
-245.2603927382444	203.5232052065303	1038.078108186028
-245.0637143419461	203.684188833639	1037.725652838461
-245.4340727177572	203.2340007557219	1038.752562185873
-245.3767515000702	203.6147542561261	1037.720281244661
-245.623276237473	203.6053881110942	1037.755622346926
-245.3547629959548	203.488099054914	1038.076470420662
-245.5604050473186	203.5870439183449	1037.862623844181
-245.1946991819909	203.4858376910788	1038.189396679783
-245.2946140033825	203.6921962217297	1037.550400993663
-245.2130623494851	203.4302234623377	1038.276001649171
-245.1250769967359	202.9150619702	1039.701810509619
-245.2093083514592	203.3725952594775	1038.385005870675
-245.3207175022015	203.688004465213	1037.530410014844
-245.1428134613463	203.3394020487026	1038.459221024573
-245.4752271690291	203.4038714466312	1038.265844952236
-245.3663528739064	203.4769783358447	1038.132839356638
-245.5146521080574	203.3747086411532	1038.358392032424
-245.3498905315547	203.3645795632499	1038.421812160798
-245.1821342235284	203.5613032964129	1037.95834103424
-245.4971803726939	203.1687997527529	1038.949763251119
-245.1150474020893	203.3816202481982	1038.398558459369
-245.0658728525943	204.00075366654	1036.770358092288
-245.4266258991599	203.9405102200205	1036.883390830499
-245.4068125299971	203.595493984762	1037.766258847372
-245.0302825888654	203.5914800050049	1037.973341453042
-245.1879060335459	203.5679436479893	1037.918401993955
-245.4693862452918	203.4771699641094	1038.160691001531
-245.5070558713484	203.3721825583174	1038.42208959309
-245.0124115415065	203.8775341749552	1037.128712322324
-245.4402960734643	203.5953913265345	1037.736752732308
-245.3924243096475	203.1645661515865	1039.042454097584
-245.4570464566511	203.3807213743399	1038.344679362429
-245.2207265955093	203.5623924481091	1037.960581308905
-245.3865670274947	203.6003879155731	1037.734593859091
-245.3163145392827	203.4929619354353	1038.046124441978
-245.283660659	203.9678052129978	1036.888802796936
-245.2173967759639	203.8055638121855	1037.316894216753
-245.4851531980179	203.1636706899712	1038.962312976102
-245.2323331647627	203.8329569768198	1037.284417227117
-245.3052978268223	203.8109454821023	1037.238476702562
-245.6320934643131	203.1632088779908	1038.896752162464
-245.3487804849702	203.8967825677216	1036.97295279393
-245.3210795201852	203.4821918152593	1038.159589176027
-245.3230580745386	203.9254642093268	1037.006718361786
-245.2728470130984	203.2460170323612	1038.758005954014
-245.3094934285721	203.4770361897855	1038.172028562785
-244.498292537183	203.6227932896934	1037.973656628578
-245.4965283552858	203.277944578283	1038.596180122929
-245.4390873900479	203.5999190877546	1037.766711488619
-245.2213207160936	203.7057644532874	1037.559760786429
-245.3689906781156	203.4873496618578	1038.053500434186
-245.6733374351544	203.375470097049	1038.405226613262
-245.0979759453035	203.6597696790304	1037.735572597108
-245.3308016981652	203.5952074981999	1037.831999188001
-245.475090192579	203.4265637988509	1038.19206393046
-245.5035607142766	203.3858995642042	1038.301646682382
-245.4437400185676	203.9177255248682	1036.951592522377
-245.4068125299971	203.595493984762	1037.766258847372
-245.1317841848754	203.5727305010766	1037.931395563543
-245.5193502148292	203.3839455982504	1038.309165287714
-244.9392584650943	203.6148366747663	1037.852275403563
-245.2311048383996	203.5625459982683	1037.935054567875
-245.3456632610293	203.2670786724118	1038.719735540461
-245.5826780197947	203.3507177314837	1038.462303754818
-245.7476939283408	203.3901473722205	1038.281880649799
-245.1963814180419	203.4645641518441	1038.203065661624
-245.4172142245161	203.2679097758716	1038.657886473594
-245.2810078293123	203.1527806947178	1039.057771088492
-245.391196420263	203.9381855965394	1036.880425019242
-245.418327245673	203.3719106217119	1038.485318310293
-245.2293613949673	203.4703675540058	1038.162571913395
-245.3925292632229	203.9403955984562	1036.914054827292
-245.2815606129952	203.715998635574	1037.440326895672
-245.1711458395917	203.3662421941877	1038.513044871498
-245.5025613322534	203.296702759619	1038.440435971508
-245.4752271690291	203.4038714466312	1038.265844952236
-245.2853910729729	203.4828746962571	1038.128910022509
-245.3963134365375	203.4955148853517	1038.039829923159
-245.1662867669121	203.5818958494566	1037.919248180273
-245.2277064887054	203.8994925563563	1037.067262505248
-245.4247314962414	202.9587460135429	1039.375653777734
-245.5263674890102	203.3712831235125	1038.361445020998
-245.1407087344787	203.5758753952374	1037.970829302536
-244.9118439556348	203.6316211548091	1037.876548040878
-245.4243687860103	203.3023134276974	1038.495616393261
-245.0498935531216	203.8686658370621	1037.083921583905
-245.4246338249738	203.4855843131636	1038.029977888495
-245.4783853775379	203.3819584153883	1038.337335547733
-245.3612811108639	203.5050454639019	1038.013220273569
-245.1232910465343	203.886112511278	1037.157386811389
-245.2439259553935	203.2626754475725	1038.726121522125
-245.5193502148292	203.3839455982504	1038.309165287714
-244.9814345898543	203.5629793114317	1037.97258303514
-245.2858432425498	203.7009184860969	1037.506348191316
-245.2842406561554	203.6800579931401	1037.657363622664
-245.2428374426921	203.5808140232373	1037.893325722571
-245.2953174874793	203.5666787941283	1037.886099985292
-245.0480338007305	203.6773270364041	1037.689872634012
-245.253945462693	203.3494363108523	1038.544030779988
-245.5442485488203	203.1962843713002	1038.754294762443
-245.1893705229562	203.4691580938837	1038.196469789581
-245.3914072401482	203.7919669842281	1037.325285856545
-245.7710639324087	203.3860801137537	1038.313252651184
-245.3426062448983	203.4682355881577	1038.158785624672
-245.3221802176454	203.3684358661621	1038.442949780131
-245.5469878433709	203.1585724082142	1038.973283086938
-245.2550391728774	203.066205144383	1039.182519955777
-245.0853787783767	203.6675957849288	1037.668239703702
-244.9776953485445	203.236408100459	1038.823941471861
-245.3804674996484	203.2435704808416	1038.71427574864
-245.4683137325915	203.1369661802665	1038.981476150455
-245.5536640969247	203.3920655505023	1038.263742691871
-245.4888901799259	203.2738186975631	1038.605902557124
-245.4566049236508	203.7157841372454	1037.523422917249
-245.1301559774993	203.6914027206093	1037.584350966853
-244.9827783279175	203.7380251540462	1037.605977013825
-245.6193951473124	203.6188005177221	1037.693639101567
-245.1178517693712	203.7823918680851	1037.395614478068
-245.3040831350777	203.146505305236	1039.097843423295
-245.4348386580426	203.4174126806435	1038.152998081014
-245.1978008314257	203.2741421787135	1038.594591581129
-244.999871697472	203.4361982539886	1038.389081771812
-245.2394199020036	203.4170805456543	1038.297049168865
-245.1530517252862	203.4540948837787	1038.265633781149
-245.2693842324508	203.888052774012	1037.086415933312
-245.3267359728874	203.490412756626	1038.112928954512
-245.4809804515119	203.6129072723135	1037.808959953529
-245.4449158170598	203.7103996356256	1037.536534035806
-245.1328639661927	203.7729887238499	1037.388022060461
-245.2674647595793	203.2869459907824	1038.680490641436
-245.055758632623	203.4400925758165	1038.353740775369
-245.1893705229562	203.4691580938837	1038.196469789581
-245.0616620386113	203.8704684065653	1037.134099845723
-244.7963221313663	203.8624748874316	1037.287430354438
-245.3855109763049	203.3895894398302	1038.361279326112
-245.181014996178	203.1489244915442	1039.043244463327
-245.1893705229562	203.4691580938837	1038.196469789581
-245.311645843643	203.4909699129711	1038.116393502947
-245.4953229389749	203.3898712630989	1038.265948880333
-245.1825657721983	203.6631617070132	1037.752262717074
-245.5082367997858	203.47304260395	1038.187964988076
-245.3986326387754	203.4897534727146	1038.049915313108
-245.4045245884983	203.3899984650694	1038.334871194228
-245.6761435494362	203.6059136886369	1037.698631208464
-245.4416759085193	203.1425351606502	1038.987123833061
-245.2502498811138	203.2496875379252	1038.790051081512
-245.417377227721	203.9340190537455	1036.860139064863
-245.2185548542921	203.2776016574406	1038.635052741581
-245.13641623052	203.1440927923402	1038.996651196311
-245.3745832125948	203.4956018046695	1038.006736890592
-245.2015070083881	203.4611570975857	1038.237412777091
-245.2938996016958	203.2525250226454	1038.749595156454
-245.3383499187049	203.9158712429211	1036.999236430528
-245.4041368120369	203.3240098553063	1038.530068977123
-245.1311737101713	203.6812414476845	1037.61583612268
-245.1274497730425	203.2591936396358	1038.828032776214
-245.3693779130982	203.3611200550251	1038.38938420997
-245.2281362867706	203.3005086696996	1038.660247051667
-245.4006171469981	203.2845409972453	1038.615901534886
-245.4672204195058	203.8150444629269	1037.249623694948
-244.9572363565879	203.7557913823148	1037.481949079298
-245.1336939368005	203.6241358052083	1037.760114190513
-244.9862343945468	203.8921673555834	1037.081938432537
-245.1686021870665	203.336008493505	1038.541437035991
-245.1529443481714	203.4617695471527	1038.243397391945
-245.2255995258184	203.4931143731801	1038.114834301126
-245.3022421949835	203.6993868980907	1037.593318653455
-245.28284840109	203.686497402376	1037.656445276027
-244.9284592296474	203.4355506533834	1038.247500844341
-245.2352797112876	204.1028511473501	1036.462358189254
-245.068295957527	203.6359712809378	1037.738188494713
-245.3542468256013	203.4734213237421	1038.146219747713
-245.1763159953481	203.2579342515822	1038.684812769518
-245.789574905715	203.1748900827996	1038.722051086042
-244.9224538178165	203.8526895462078	1037.190106968603
-245.4344212263463	203.5793672496283	1037.855799691048
-245.220535693063	203.6891228365139	1037.651214431083
-245.2326857008297	203.4062797562573	1038.378109347323
-245.2766219543613	203.5004376016118	1038.089649522291
-245.577732237416	203.1796860101643	1038.780004081434
-245.2557938585292	203.0101556383069	1039.452261403127
-245.3081859215496	203.4898300060487	1038.118813828537
-244.9888622086866	203.431210839657	1038.400805617904
-245.1088023911267	203.1479371601646	1039.017586845278
-245.330419279452	203.6096219359908	1037.763191247318
-245.0307626004066	203.4470055361559	1038.362204580196
-244.9588145659549	203.3039312149663	1038.732652311663
-245.5530215810859	203.6140372312115	1037.745614416734
-245.5255520989047	203.498767166224	1038.052612817104
-244.7483144220529	203.2683112709534	1038.833285252525
-245.4081248656792	203.5851786054903	1037.895677198231
-245.3209367572016	203.923497529311	1036.951764909177
-245.0775494657108	203.6609555249092	1037.695112679389
-245.1659332544974	203.3054304399324	1038.649295967757
-245.2407810961782	203.0448775168275	1039.267983309645
-245.1610759470279	203.2587992515103	1038.799276745513
-245.3209367572016	203.923497529311	1036.951764909177
-245.2853497105563	203.2510956922967	1038.745157415328
-245.3393731014523	203.4741368874662	1038.207233825413
-245.3201479933888	203.153827611238	1039.025052590898
-245.246408093822	203.4808501839125	1038.187668008297
-245.3458815258415	203.4751583986903	1038.146384533706
-245.1362524203187	203.3219535080264	1038.63808737617
-245.3413265159883	203.4810261681313	1038.105561838474
-245.3599837041845	203.7182109652749	1037.549200531978
-245.1216603952979	203.3637439840548	1038.423919675378
-245.1380990480892	202.9227782167485	1039.624549106358
-245.3080505329086	203.2820863752662	1038.684855658795
-245.1783912651327	203.5623749448584	1037.990894936208
-245.7496264734214	203.8381002966798	1037.145526160695
-245.1811507599959	203.904590447319	1037.082846324544
-245.1419759501343	203.4567996899142	1038.255091734713
-245.4045245884983	203.3899984650694	1038.334871194228
-245.0915838711726	203.4668568150594	1038.231752003851
-245.2031446295318	203.2417887711696	1038.820003576132
-245.3713099529934	203.7235422584171	1037.53655131481
-245.3675750892702	203.5001825289765	1038.000175431612
-245.2224820638658	203.2535752726251	1038.8110333947
-245.0035529857486	203.6828089379814	1037.680393766228
-245.390926910315	203.5883142168731	1037.865338705757
-245.2766219543613	203.5004376016118	1038.089649522291
-245.2653047712023	203.6932288776835	1037.484344624874
-245.0464725823515	203.6744936388411	1037.838323693294
-245.4991380571342	203.1674137761258	1038.959868249956
-245.2112557801997	203.2486154938498	1038.822800762253
-245.6462340000009	203.3930888915896	1038.311757063517
-245.313658593315	203.348431438106	1038.43890531614
-245.5584847791322	203.3568120314886	1038.468163787116
-245.1987282668796	203.7560198929611	1037.429614162074
-245.3097331287364	203.3409094338402	1038.579365144222
-245.358692592997	203.4344784784195	1038.174075484327
-245.0479958182129	203.8624401859342	1037.245369357576
-245.2045566269346	203.9032171866793	1037.028588881741
-245.0775494657108	203.6609555249092	1037.695112679389
-245.3056836410893	203.5550611289591	1037.965880493167
-245.2866385454313	203.4066652919922	1038.331451874743
-245.5053853156591	203.6377825323666	1037.634901294349
-245.555689422472	203.5225284699093	1037.930385433529
-245.2469371379309	203.8873052107081	1037.093230178316
-245.3486228830716	203.4997625082035	1038.026671264044
-245.6098901858151	203.503980266086	1037.974709418804
-245.195808649874	203.2347836684845	1038.842637287046
-245.4500268261637	203.3346829800495	1038.423021013359
-245.0372639407447	203.6723703654185	1037.701449742297
-244.966446031609	203.4373552395185	1038.356420459217
-245.3081315242036	203.6005674881487	1037.849445464875
-245.3188976239649	203.5316088876425	1037.975436155221
-245.4308481413618	203.3702942112994	1038.433733607857
-245.5255520989047	203.498767166224	1038.052612817104
-245.0748011881266	203.4757173096071	1038.241111058776
-245.2857261023338	203.356511269239	1038.464996386074
-245.6346731707123	203.5002470190523	1038.012358514937
-245.1710397748489	203.7156491444692	1037.536669976183
-244.8713143649596	203.7316175127895	1037.625430340211
-245.1346277910642	203.4685287428236	1038.171356135999
-245.3675750892702	203.5001825289765	1038.000175431612
-245.1482908314819	203.4739011171878	1038.0771601491
-245.3911048042598	203.4859005709257	1038.058340341893
-245.2731786441778	203.4489049628559	1038.225080718416
-244.9002345580435	203.7175731855258	1037.608685242274
-244.8703915210112	203.4373730404752	1038.437785233492
-245.4318752846735	203.7193675263659	1037.485830237617
-245.1024462273147	203.870857567598	1037.191451993597
-245.2857261023338	203.356511269239	1038.464996386074
-245.1233204854745	203.5248514648911	1038.050454275705
-245.1858224317784	203.2704970395037	1038.654570321346
-245.0308522756016	203.88959632723	1037.088450359794
-245.5708014988864	203.1682460063295	1038.89794492139
-245.4782466443521	203.5788699695471	1037.987041293174
-245.5040936484653	203.7190858953346	1037.421338068924
-245.5074686290949	203.7208624915502	1037.475455562613
-245.1937959869498	203.6847821384332	1037.687294606994
-245.2115896177675	203.255922343399	1038.74527397264
-245.3355948357085	203.4728296622615	1038.152197108592
-245.4200336292176	203.7139743994931	1037.499040898841
-245.2380105649731	203.6815348930126	1037.698300709898
-245.3842262956143	203.4836649662685	1038.042172293899
-245.1739957789649	203.761442508848	1037.387148279496
-245.5255520989047	203.498767166224	1038.052612817104
-245.6239150242507	203.2875471772472	1038.579873275953
-245.5671774219258	203.1819938157111	1038.831288794144
-245.2333044883164	203.0180611831084	1039.404058738707
-245.080974131033	203.4799036426002	1038.223311310741
-245.552737561679	203.3683880491953	1038.427748730968
-245.5236790002965	203.2609617201535	1038.629376308073
-245.044835924005	203.2239447641543	1038.827294865631
-245.385752914484	203.3755150784065	1038.420524403981
-245.2491777097718	203.454778057241	1038.181874261777
-245.1731544206106	203.8911942057981	1037.121039644427
-245.5929447306888	203.1778696795236	1038.811439138583
-245.2031446295318	203.2417887711696	1038.820003576132
-245.3528492488369	203.672742454373	1037.647645413817
-245.5269243518467	203.4859535001757	1038.105940076852
-244.9207006988237	204.0756365019046	1036.71798710459
-245.1991656342236	203.7060013971964	1037.51753516772
-245.3826887311042	203.46922890746	1038.204164816939
-245.3968865438289	203.4889694440334	1038.028636608983
-245.5283080759837	203.7066435254608	1037.475586142242
-245.0422408369982	203.9108949028229	1037.115318540494
-245.6241615408336	203.1303237084113	1038.944122243811
-245.4341256088171	203.1388238772318	1038.995207303148
-245.3136843385642	203.6859792568096	1037.616796483045
-245.1160016717011	203.2575017644218	1038.720618405256
-245.5237748944045	203.3798594762693	1038.307078197183
-244.9530509433095	203.5386668063092	1038.161603828302
-245.4270495339995	203.7094178925972	1037.505582999975
-245.0521074486683	203.4647431655769	1038.244289161715
-244.9849556762102	203.8960802814336	1037.080054285495
-245.3316782131752	203.7061386196213	1037.463362925698
-245.0480338007305	203.6773270364041	1037.689872634012
-245.4655875711983	203.4711789581966	1038.144755469004
-245.3118640453116	203.9285755660486	1036.957282795519
-245.412811204411	203.2733397305954	1038.671843387059
-245.0472473557753	203.6913887706635	1037.621921536772
-245.4739607230741	203.4084880978795	1038.357823307045
-245.2840619377397	203.4956651202405	1038.075685623975
-245.1844521450385	203.2833355831224	1038.601604940159
-245.5883800418103	203.496276392351	1038.056942002552
-245.5255520989047	203.498767166224	1038.052612817104
-245.2277026426773	203.8869979931403	1037.119801633389
-245.3430816979377	203.7784422142283	1037.447022296518
-245.258669995908	203.4843293590049	1038.101590764144
-245.1585539013976	203.4796401104088	1038.167041473774
-245.3887278892782	203.2793418854433	1038.628590395512
-245.1496653549996	203.2467981316378	1038.735691121707
-245.4089928829972	203.4782041162172	1038.12961837559
-245.2584187287347	203.0984337708948	1039.10233463629
-245.2805079262653	203.6051767235796	1037.808834705342
-245.4372486818964	203.4909119457244	1038.016391679795
-245.2946871213903	203.9277330366629	1036.971831363649
-245.4041131982662	203.5257130112845	1037.992926591017
-245.3599837041845	203.7182109652749	1037.549200531978
-245.2840619377397	203.4956651202405	1038.075685623975
-245.4049056577317	203.2374467371266	1038.723481674213
-245.2910721323365	203.4910767940078	1038.082270136706
-245.2807322238397	203.4790616063555	1038.135261726056
-245.2600085396844	203.2208231942398	1038.820865987517
-245.1697895237339	203.1279336022333	1039.027986461069
-245.2326460572133	203.4916758384336	1038.133154486803
-245.0389825637806	203.5337434788542	1038.091049397766
-245.2510486267924	203.0230221221574	1039.28867222824
-245.3078887947376	203.4612887875437	1038.285360774946
-244.9661330931091	203.7457600860421	1037.656579043814
-245.3542754184291	203.5096232660293	1038.006665946833
-245.1369756528234	203.262467861284	1038.715771209682
-245.4245452549811	203.2785284995896	1038.659258422775
-245.2897280762489	203.5097104026355	1038.028156368051
-245.5088720885112	203.1733077230982	1038.887124207407
-245.6619980002536	203.4832423167092	1038.045752004109
-244.8490766030145	203.7080835408372	1037.66182374567
-245.25074907122	203.6806857078266	1037.696545891371
-245.3626620263907	203.3074811565603	1038.484266621422
-245.2112557801997	203.2486154938498	1038.822800762253
-245.1459318722587	203.4663683800608	1038.236786966901
-245.4731445805684	203.5677436445814	1037.906532598834
-245.3602269271702	203.4748264225242	1038.231558350524
-245.1115768147093	203.3805005141121	1038.400917919515
-245.1398376437997	203.4659940476689	1038.22658200923
-245.2027195679128	203.689898410697	1037.57096300339
-245.2437303480048	203.6852550147743	1037.689969808214
-244.9506406790506	203.6524604179174	1037.736147153251
-245.0199204569676	203.7029107941468	1037.588669845532
-245.2618573373076	203.1077434791642	1039.106692584814
-245.2957552328588	203.500848371546	1038.063114831928
-245.3395977831405	203.3579571577053	1038.355172934
-245.1249753066905	203.2514977392419	1038.834752284177
-245.4215995984301	203.4835166937983	1038.116086449147
-245.3334860970903	203.6120087373795	1037.761679071131
-245.5100446955433	203.2853607255739	1038.578730332728
-245.5190641167496	203.3684519573649	1038.457362129253
-245.4036416082246	203.5811237369503	1037.916277168301
-245.4388099232379	203.2691557917883	1038.652064827726
-245.3627700873493	203.2835172786398	1038.648366110623
-245.5111073439413	203.7145370109797	1037.427857047465
-245.434498046309	203.1708952469928	1038.867633822601
-245.1147905493979	203.2702752852131	1038.667772232631
-245.4333770131402	203.4977408936293	1038.004436384625
-245.1398376437997	203.4659940476689	1038.22658200923
-245.266719055476	203.0407046104532	1039.248377617329
-245.3887278892782	203.2793418854433	1038.628590395512
-245.2045566269346	203.9032171866793	1037.028588881741
-245.5504039959375	203.4950370698537	1038.090236485393
-245.1659332544974	203.3054304399324	1038.649295967757
-245.1670235665161	203.4752879865643	1038.152062576073
-245.2938996016958	203.2525250226454	1038.749595156454
-245.1789004569912	203.2736797870814	1038.620956518648
-245.3241131973545	203.5063443236074	1038.03726587881
-244.8922443108337	203.4526232482516	1038.246125312135
-245.3588651865398	203.1386315669653	1039.060423141161
-245.1588064542119	203.693291446965	1037.701865267268
-245.1739957789649	203.761442508848	1037.387148279496
-245.6402870274447	203.5180301329003	1037.858580462894
-245.3857817925156	203.6857991069304	1037.552252217604
-245.2315171953215	203.7384313734089	1037.553417680002
-245.4389595064776	203.2839798894139	1038.58246103673
-245.5652053315048	203.4820370703166	1038.13169882473
-245.1070140069429	203.4653384986978	1038.269477627586
-245.2715989242083	203.2588240368173	1038.705059302103
-245.0480338007305	203.6773270364041	1037.689872634012
-245.1070140069429	203.4653384986978	1038.269477627586
-245.4566049236508	203.7157841372454	1037.523422917249
-245.2172314648603	203.6749027975108	1037.588367318097
-245.1641629447958	203.4686433170388	1038.110922490122
-245.4108081650627	203.4476538807467	1038.227232900469
-245.3182792235047	203.4663157863954	1038.273846475315
-245.0111260558758	204.1084330384578	1036.599856037548
-245.0577715581601	203.6735895316481	1037.668393163304
-245.5224012001882	203.2738020327305	1038.576307162439
-245.1014207787076	203.4549835477014	1038.266919930075
-245.7440432146006	203.4037718568438	1038.219526656834
-244.969201680471	203.4545483144001	1038.240179035696
-245.7114171719074	203.3766821691657	1038.371982493536
-245.3812829445073	203.4820552684286	1038.150869849998
-245.4854328938751	203.2892812541376	1038.539198784136
-245.4894296164912	203.3875702880182	1038.375713309671
-245.113622892312	203.6606549678946	1037.770059540528
-245.3035652011716	203.6935532964289	1037.575953284856
-245.4349291381598	203.6974875293245	1037.522724301155
-245.2951940165303	203.4504073847323	1038.109463998941
-245.4028945638999	203.7572772888265	1037.381616237326
-244.6717553398574	203.4809394284504	1038.25948053724
-244.9888622086866	203.431210839657	1038.400805617904
-245.5549442157307	203.7113321513121	1037.438753159687
-245.5167443010358	203.0800222441907	1039.060100327974
-245.1973087732832	203.7114474382567	1037.516649786886
-245.1450479705824	203.8951598104749	1037.142294172774
-245.099414007287	203.2569881310758	1038.712182622586
-245.5255520989047	203.498767166224	1038.052612817104
-245.1192156472766	203.6761562477463	1037.62849868939
-245.3383910991988	203.682373024223	1037.654431619655
-245.2939642162613	203.099214581276	1039.186712300424
-245.5339188212563	203.6136419243202	1037.772256513028
-245.1934853596223	203.5673346970704	1037.958707971625
-245.2001314794159	203.2598623086399	1038.766545530583
-245.1216226131516	203.8716375255144	1037.184635955853
-245.1853003385027	203.6600266724429	1037.70705243099
-245.1670235665161	203.4752879865643	1038.152062576073
-245.432068182377	203.4741692341674	1038.168557017527
-245.5352124415268	203.279144837313	1038.562609494581
-245.0688741766737	203.5451123426184	1038.160807221023
-245.2813433149352	203.7144243422796	1037.589330508134
-245.2083885599012	203.6561241919144	1037.745901513229
-245.4231529573321	203.3663200757831	1038.443328843432
-245.123455875131	203.5631011916897	1038.034229520881
-245.4394194382181	203.1570712835565	1038.919161417325
-245.6169283224517	203.1717817108449	1038.854774487886
-245.5619622773802	203.7067787296047	1037.4452763363
-245.409143618265	203.5225722762572	1038.04399453735
-244.8903729667951	203.6495659358247	1037.776666234837
-245.4714157614301	203.3501421090629	1038.558816990884
-245.1914248344691	203.6336012688448	1037.794112638059
-245.2881881557073	203.2422117229794	1038.746986005156
-245.0823987373305	203.6782981085957	1037.646239229566
-245.4106422442665	203.3645409030358	1038.554058033817
-245.6992836154439	203.3712937610251	1038.38531372046
-245.6854146567847	203.3808309229961	1038.392015301833
-245.2160788058287	203.4517445353666	1038.230148453141
-245.3786579831547	203.482239241351	1038.119727233747
-245.5888465937625	203.6714253802009	1037.562802648112
-245.3486228830716	203.4997625082035	1038.026671264044
-245.4463601954055	203.6975915564509	1037.590111206681
-245.4829991724029	203.3552730499596	1038.546426409962
-245.3668607433175	203.6911015510493	1037.58000813361
-245.8133805448769	203.1961832443588	1038.755514844554
-245.4541756608394	203.1476234185418	1038.974225541628
-245.6992836154439	203.3712937610251	1038.38531372046
-245.6361117277716	203.4873877872994	1038.065780281586
-245.5364224535014	203.1683720232764	1038.927980393143
-245.6993883972092	203.3842615198868	1038.320057850218
-245.5146521080574	203.3747086411532	1038.358392032424
-245.2745541167908	203.3646768694022	1038.475322665632
-245.6122218114448	203.3930787149793	1038.341975275579
-245.5092835468648	203.2832596036854	1038.582602576477
-245.0102406885835	203.3416075400288	1038.592882149089
-245.7710639324087	203.3860801137537	1038.313252651184
-245.645735446595	203.5279937139121	1037.838308580095
-245.4138216810582	203.4547008865661	1038.125194024716
-245.1301559774993	203.6914027206093	1037.584350966853
-245.4291995685453	203.5910896392277	1037.799199399761
-245.3753191096451	203.4537270258755	1038.158157044158
-245.6383031754755	203.5970049754713	1037.797977990122
-245.197900394305	203.567690883514	1038.005268413562
-245.5976533085848	203.2600309120509	1038.715819879146
-245.5682654425173	203.5912157743412	1037.852436661209
-245.7969413103985	203.3819725397318	1038.293124349326
-245.4628515419104	203.1689719476645	1038.97959973239
-245.5009282584519	203.0947939758722	1039.194866505285
-245.5798886343389	203.8245870756498	1037.178467706487
-245.211571836011	203.3588932937213	1038.440373302958
-245.6448289974864	203.5919632641946	1037.785062996586
-245.1561620668501	203.4444681057456	1038.329987086284
-245.4520741295611	203.7754743416765	1037.328091305762
-245.650940040325	203.3808007085712	1038.422631831285
-245.2622987290658	203.5543205866051	1037.968570633809
-245.1829453115544	203.5597175235139	1038.025088681456
-245.512712371075	203.1587365374247	1039.003136222279
-245.2890784620382	203.5911168123395	1037.899347248857
-245.5385528840364	203.1545690342055	1038.983415199022
-245.665301262948	203.3712863555278	1038.415520015732
-245.650940040325	203.3808007085712	1038.422631831285
-245.6112544605592	203.2514562897346	1038.758955529825
-245.1680115054299	203.7869988859357	1037.349334685784
-245.2613108713329	203.2014992360503	1038.91431425918
-245.3446554573875	203.5866406978956	1037.875353645731
-245.5688692376644	203.1627557147121	1038.952678464128
-245.470643110721	203.0254831882363	1039.346968410822
-245.0514041805054	203.5841210712813	1038.038348029555
-245.4545615873083	203.3637065248032	1038.413177069443
-245.3024877024856	203.0164225365487	1039.396155134386
-245.2066218051579	203.3511968359443	1038.601622094063
-245.750005055425	203.3763056844336	1038.33776016473
-245.5980060970504	203.1632266108803	1038.92670732031
-245.5263674890102	203.3712831235125	1038.361445020998
-245.5050912184875	203.4409222769557	1038.225781139021
-245.0630402677233	203.3400773294546	1038.682124956923
-245.5469878433709	203.1585724082142	1038.973283086938
-245.5012444062239	203.1536245476852	1039.015265526309
-245.5257823522361	203.5967734124377	1037.874722504088
-245.3499098613678	203.1328564953088	1039.086257409125
-245.3210696529732	203.1516390743056	1038.973009879126
-245.5006646993655	202.7438917144355	1039.92964098761
-245.4678554350493	203.1472090975123	1039.033607831222
-245.3939698847377	203.3427334275835	1038.485276465462
-245.548349756323	203.17342952669	1038.903219241853
-245.505648634089	203.233092497285	1038.690534213989
-245.6191438784273	203.1579360374272	1038.91030909452
-245.3104787851971	203.5868777543477	1037.905127751414
-245.2210889145151	203.4220492393331	1038.313884806223
-245.5717272631086	203.5923676668561	1037.849969556614
-245.423665286369	203.66936223332	1037.652333269867
-245.5350597070755	203.1534263937666	1038.985847197286
-245.6501703759367	203.6100796787654	1037.718713598249
-245.1927682137054	203.5662799425592	1037.981818321379
-245.4971803726939	203.1687997527529	1038.949763251119

