53.4502	47.8779
53.3955	48.3604
52.6074	50.1641
53.8193	49.6855
54.3447	48.1289
53.6816	49.3408
54.0117	48.6934
54.3174	49.623
54.2227	49.0391
54.207	49.6855
53.6777	50.3994
54.0352	48.7402
54.5137	49.0703
53.96	50.792
54.5527	49.6426
53.7959	50.6191
54.8311	48.6816
54.4541	50.0078
55.3799	49.5957
53.3682	49.7646
54.5801	48.2666
55.0898	49.2705
54.4541	49.7959
55.1602	50.207
55.207	48.96
56.0547	50.1133
55.2227	48.9873
54.7568	50.8896
54.8271	50.2383
55.1836	49.4463
54.9131	50.0391
54.5293	49.9482
55.3252	49.1055
56.0078	49.7012
55.7441	49.4854
54.4268	48.6777
54.9053	49.5723
54.623	49.835
54.5527	50.2461
54.333	48.8623
56.0859	50.0469
55.1289	50.3252
53.8428	48.8545
53.2627	49.0977
52.7842	49.0547
53.835	48.1523
53.6699	48.6816
53.835	49.2627
54.3525	48.7051
53.8311	49.3955
55.1211	49.125
55.5996	49.2344
53.5215	49.3291
55.3135	50.3291
54.7607	49.2861
55.4697	48.0508
54.251	49.1133
54.7881	49.6035
56.6582	49.0977
54.9756	48.8467
56.0898	49.2422
55.2109	48.8896
55.1523	49.0156
55.1602	50.0195
55.4424	49.6152
56.2461	48.6973
54.584	49.376
55.9951	49.1719
55.168	49.9248
55.8193	50.0352
55.1875	49.2979
54.8467	49.6855
55.9678	50.3252
55.5293	50.1758
55.0352	49.2148
55.6699	50.4502
55.0977	50.7998
56.1484	50.9443
56.168	49.5137
56.8037	52.1367
54.7568	51.1914
55.1602	51.8115
55.9482	51.5723
54.8584	49.8154
54.5371	49.5449
54.835	50.5879
54.7207	50.0273
55.251	50.1992
56.1875	49.9053
55.7207	49.5762
55.2031	49.8271
54.9209	49.6035
55.5176	50.666
55.6777	50.3838
56.0977	49.2031
56.2588	49.6465
55.2266	49.7803
55.5879	50.709
55.458	50.4268
56.9678	49.9834
55.4854	50.3447
55.9873	50.5762
54.7285	49.3955
55.8115	49.7168
56.0781	49.9834
55.9561	49.9482
55.333	48.4658
56.3955	49.1094
56.0313	49.0117
55.9521	50.4736
56.6934	49.0898
56.9678	48.9717
55.7568	49.3799
55.709	48.8545
56.1797	49.2627
55.2344	48.2227
56.082	48.7168
54.8662	48.4072
55.415	48.2031
55.5059	47.9092
56.6191	47.5801
57.1289	48.7607
55.4072	46.9365
56.6465	47.4424
55.541	48.0273
56.9131	47.2939
56.3135	47.1484
55.5098	47.2861
56.584	47.3564
55.0859	47.3877
55.4346	47.3838
55.8662	47.2705
55.7129	47.5059
55.4189	47.4932
54.7402	46.917
54.0977	45.5449
55.043	45.627
54.6074	46.9365
55.7881	47.1563
55.0195	47.2383
54.8857	47.5566
56.9131	47.0117
57.4814	47.8701
55.8936	48.1367
56.7207	48.4072
56.5918	47.4697
58.4971	46.3252
58.6934	47.4775
58.6074	47.7129
57.3682	47.0547
59.0586	47.9443
58.8389	49.5684
58.4268	48.9131
60.4502	49.8662
60.1055	49.4385
61.3604	49.0508
60.4385	50.2344
60.3135	49.3799
61.0977	50.7129
62.043	50.4814
62.0625	50.5957
62.2549	51.4619
61.8311	52.0234
62.7764	51.7686
64.2227	52.043
63.6582	52.5176
64.6348	52.9561
64.4189	53.4385
63.5684	52.3916
66.1797	53.5996
65.8037	52.4697
65.5605	55.4541
65.207	54.3135
66.917	55.2627
67.1875	55.5332
66.4697	54.3174
67.6309	55.748
69.0039	55.4385
69.5645	55.3564
68.1914	56.8232
70.1797	56.7285
69.5801	57.0859
69.0313	57.541
69.5332	58.251
69.7168	56.6309
70.3643	56.7764
70.7646	58.7607
72.7285	59.6191
71.5762	59.6699
72.0313	58.623
72.7646	59.7568
72.2588	58.8037
73.2344	58.0977
73.8623	60.0273
72.5098	59.0273
72.3838	58.6074
72.5059	60.0078
74.5215	60.8115
74.0977	59.9365
74.043	61.0117
73.9756	61.0703
74.9639	62.0156
75.584	62.8389
76.1133	63.0352
75.9014	62.0586
76.082	62.8076
75.0391	63.2031
76.3486	63.0742
76.8271	63.4307
76.8545	63.4463
77.1406	62.3682
77.5527	63.3799
77.4932	63.6621
78.0703	62.8193
77.251	63.3564
78.3018	64.5527
77.1172	64.2627
79.1523	64.3604
77.7959	62.7207
79.2666	65.1016
78.6777	64.8311
79.1406	64.0859
77.8232	63.5332
79.0938	65.1992
77.6035	63.8037
79.6621	65.6074
78.541	65.6855
79.6582	64.9561
81.5527	65.6309
80.4033	64.6152
80.8584	66.4072
79.7441	65.0703
81.874	64.9639
80.6699	65.5254
81.5605	67.4619
83.0273	64.9326
80.1289	65.9287
80.0977	66.5332
80.3369	65.0703
80.7324	66.9561
82.5293	65.7441
81.9443	66.2783
81.4658	66.623
83.9092	67.5137
83.8701	66.0234
83.333	65.5449
83.0586	65.3408
82.9912	67.627
84.0742	66.9912
83.0352	67.5605
82.7012	67.0742
84.0586	66.9209
85.5605	68.5449
84.3447	66.415
85.0195	67.9834
84.7129	66.9209
86.5645	68.9014
86.3994	68.376
86.0352	69.5371
105.45	85.3721
108.792	87.5059
110.267	88.748
111.568	88.8154
110.145	89.2979
112.812	91.333
111.399	90.0195
112.282	92.5566
112.748	91.9014
114.925	92.29
116.725	95.2148
117.812	93.1836
117.674	94.6895
119.337	96.7402
120.345	97.2588
122.815	98.6191
122.255	97.7441
124.929	101.086
126.207	99.9014
125.607	100.639
127.234	103.666
126.878	103.164
128.564	103.191
129.944	104.843
129.493	103.502
132.113	106.313
131.462	106.188
132.129	106.666
135.725	107.972
135.765	109.839
137.215	109.968
138.168	109.403
139.047	110.105
139.427	112.592
140.772	111.251
140.819	110.561
141.023	111.588
142.886	113.553
142.306	113.407
144.333	114.145
144.58	112.944
144.321	113.686
145.615	115.215
144.753	117.008
146.662	116.435
145.921	113.772
145.878	115.411
148.576	116.18
147.027	115.18
149.023	116.302
148.466	117.905
149.8	119.152
148.827	118.489
148.489	116.65
150.478	118.925
152.09	119.474
150.302	117.639
148.066	119.411
151.246	118.407
150.242	118.18
149.839	119.776
150.176	118.184
150.937	118.399
150.188	119.784
151.392	118.847
152.278	119.662
151.678	120.113
152.337	120.568
153.016	119.736
153.188	121.533
154.682	121.082
153.497	118.341
153.983	123.137
152.948	119.987
154.917	120.89
156.96	122.948
155.925	122.353
155.356	122.874
157.438	124.686
159.693	122.6
157.263	123.372
158.933	124.462
158.979	124.415
158.576	124.521
161.815	125.921
161.466	123.055
161.313	126.113
160.399	125.353
163.102	125.804
163.894	127.129
164.427	127.506
163.51	127.529
165.137	129.525
165.349	128.055
165.294	128.356
166.353	129.399
167.607	130.792
168.886	129.8
168.757	130.489
170.191	130.238
171.094	130.278
170.282	130.384
172.521	131.427
172.792	134.125
172.023	133.078
172.031	132.203
170.74	132.086
173.497	133.267
173.882	131.65
173.968	135.769
175.082	133.168
173.729	134.152
175.937	134.686
176.623	136.251
175.96	136.152
175.686	135.035
176.207	135.125
175.964	136.199
175.368	134.145
176.442	134.446
176.47	137.615
178.059	135.403
176.176	137.87
176.251	137.271
178.442	136.435
178.514	138.878
177.897	136.886
177.761	137.709
179.423	136.055
179.227	137.533
179.098	133.952
182.259	138.937
180.769	138.485
179.58	138.368
180.027	138.983
181.874	135.843
182.188	139.121
181.627	136.525
180.732	138.631
182.043	138.576
183.537	137.87
184.533	139.078
184.274	139.944
186.199	140.121
183.995	139.689
186.203	139.784
186.588	141.271
184.078	139.396
185.627	138.537
186.364	140.341
185.964	140.952
188.259	139.909
188.105	139.392
189.944	140.933
189.458	140.689
191.564	141.388
189.384	141.557
191.023	143.274
191.662	142.47
190.858	142.094
190.983	141.58
193.399	143.913
194.234	141.306
194.623	141.646
194.725	144.525
196.485	140.972
197.012	143.541
197.592	141.545
197.584	144.478
198.851	142.557
196.725	143.808
198.286	143.812
199.294	144.294
199.09	144.757
199.234	145.991
201.063	143.251
202.027	143.697
201.592	147.592
201.485	145.172
201.333	144.796
201.121	143.666
204.749	144.148
202.407	144.035
203.607	143.553
202.388	143.948
202.199	144.58
201.485	142.619
201.564	143.215
203.086	143.125
202.098	143.063
201.631	145.882
203.557	145.564
203.697	145.808
204.744	144.438
203.78	142.063
204.58	142.438
204.133	144.937
203.282	145.364
205.349	145.557
204.929	144.411
205.345	145.792
208.749	145.109
205.658	147.234
205.415	144.925
207.191	146.176
207.705	146.506
207.866	145.251
207.399	145.368
207.576	147.725
206.027	146.987
204.827	146.207
211.031	146.866
210.31	145.784
208.831	147.016
208.474	147.141
205.686	146.184
211.227	148.321
210.364	146.666
209.286	147.055
208.07	146.493
208.956	146.682
209.819	146.749
207.31	147.23
206.399	145.839
209.827	146.729
207.94	146.506
208.356	145.364
208.831	146.886
207.635	147.458
210.012	146.761
207.948	147.643
207.635	147.246
207.184	146.442
206.442	148.263
208.784	147.333
207.481	147.557
206.282	149.541
206.102	146.094
209.403	146.027
208.133	149.604
207.643	148.765
209.263	148.345
208.145	146.446
208.819	148.039
209.713	149.188
210.411	151.211
207.446	151.063
209.392	150.835
209.234	149.686
207.47	148.812
206.901	151.215
211.23	152.188
207.31	154.411
210.792	154.732
209.345	153.804
210.008	153.995
207.94	154.078
209.063	155.964
210.769	155.968
209.329	156.749
209.631	158.09
209.242	156.87
211.639	156.693
208.215	156.952
211.059	158.008
212.125	159.905
210.639	159.74
210.306	160.485
212.827	161.812
210.862	161.211
211.396	161.701
211.933	162.831
211.933	162.399
213.199	162.294
212.485	163.207
210.937	163.952
209.568	164.717
210.796	166.839
210.658	166.897
211.446	167.066
211.623	168.364
212.545	167.478
214.533	169.933
213.866	169.45
213.066	167.878
210.788	169.282
215.353	173.188
216.09	173.627
213.753	172.557
213.725	173.113
213.493	171.701
213.133	172.804
213.337	176.195
214.553	174.74
213.164	176.819
213.976	175.843
213.518	177.438
214.772	176.399
214.271	178.396
214.442	179.074
213.823	176.564
215.976	178.514
215.234	175.851
214.753	180.878
213.525	181.693
215.631	181.031
215.776	178.588
213.23	179.812
215.458	181.29
214.78	181.964
215.246	182.399
215.662	183.732
215.678	184.858
216.58	184.983
215.195	186.223
217.521	183.894
216.796	186.67
216.545	185.51
215.983	185.886
216.897	185.8
217.882	186.345
215.753	188.059
215.831	187.749
216.89	187.333
215.082	188.45
216.489	187.113
216.968	188.736
218.329	189.211
216.462	186.744
216.345	189.282
214.568	186.399
217.392	189.271
216.972	190.423
217.255	189.353
217.533	190.568
217.58	190.674
216.251	190.078
216.302	190.478
217.976	191.976
216.195	192.553
218.349	194.274
219.18	196.564
219.588	194.831
217.6	197.682
216.96	196.804
217.525	199.557
216.211	198.964
217.47	200.098
219.195	198.36
217.929	200.623
216.172	201.682
217.839	203.102
220.234	199.38
217.972	201.639
217.251	202.481
216.843	204.156
216.082	202.729
217.815	201.666
217.294	201.407
217.105	203.392
215.063	201.729
215.442	202.255
218.078	204.203
214.725	201.148
214.376	205.329
216.23	204.133
214.784	206.909
216.215	207.596
213.415	208.635
213.627	210.109
212.646	210.823
212.282	208.016
212.121	210.027
213.489	210.012
211.164	210.259
211.8	215.321
209.121	213.368
210.662	212.364
210.808	214.286
212.203	212.937
212.462	216.506
209.419	217.654
209.446	214.705
206.6	215.372
210.368	214.823
210.753	216.274
207.137	215.631
208.082	216.184
205.753	215.804
206.804	217.242
208.968	218.164
205.02	218.325
205.937	217.843
207.438	219.615
205.757	218.458
206.055	219.623
206.815	216.333
203.518	217.952
205.808	219.788
203.607	218.736
207.372	218.925
206.51	218.925
206.411	218.705
202.392	220.481
202.302	216.858
200.008	221.063
193.431	219.458
191.784	220.843
190.102	224.349
188.721	224.129
187.105	224.909
186.553	223.427
188.082	224.678
187.117	224.654
186.403	224.481
188.431	222.399
188.502	224.364
184.765	221.925
186.298	224.815
183.854	225.164
185.411	223.697
184.643	224.45
184.772	222.827
186.658	225.242
182.442	222.611
182.004	223.604
182.384	222.255
182.234	222.847
179.948	223.133
180.246	223.078
181.674	222.607
181.442	223.302
181.259	223.549
178.317	222.227
180.008	220.874
177.545	221.753
177.937	220.819
177.537	222.721
176.596	220.631
176.45	221.09
176.431	219.96
175.753	220.055
175.407	222.078
177.066	220.933
177.388	217.29
175.717	219.145
175.736	218.819
172.604	218.905
172.796	216.772
169.96	218.537
171.697	218.012
171.474	216.043
171.493	216.094
171.804	214.51
170.082	216.349
171.972	215.882
169.211	214.564
168.207	214.043
169.008	216.113
169.682	214.415
168.313	215.098
168.67	211.839
168.991	215.043
166.812	216.251
170.227	214.835
165.07	214.164
166	212.729
166.141	212.929
166.607	213.341
166.709	212.156
165.004	212.45
166.349	213.345
162.701	212.055
162.937	209.854
161.725	209.074
164.529	212.372
163.004	208.251
161.776	207.976
162.31	210.537
159.234	208.646
158.894	209.757
161.035	208.51
157.415	206.96
157.823	207.227
159.485	204.776
156.749	205.725
156.082	202.772
155.909	200.353
154.792	204.313
155.219	203.223
153.313	203.259
154.219	203.364
152.89	202.631
153.729	200.415
154.812	202.246
153.141	201.545
152.059	197.407
150.474	198.063
152.133	201.039
149.102	198.576
149.02	198.466
150.168	198.251
149.8	193.423
148.58	195.6
148.721	192.485
149.8	194.039
149.137	195.6
145.925	193.392
147.878	193.035
147.744	192.298
146.458	193.6
146.051	192
142.337	189.372
146.693	188.168
144.862	188.446
145.729	188.251
142.635	188.557
143.705	187.58
144.454	187.427
143.321	186.925
141.271	185.442
141.263	185.227
142.776	186.462
143.066	183.207
142.207	184.16
142.749	183.345
142.145	181.152
139.442	180.788
140.878	180.012
139.545	180.329
139.137	179.376
138.478	178.627
138.991	177.979
139.47	178.438
138.219	176.502
138.364	177.843
138.36	174.588
137.874	175.156
135.658	172.87
137.109	173.882
135.972	174.051
136.78	171.96
134.89	174.753
135.788	173.721
136.141	173.819
135.129	176.333
133.431	175.023
133.442	173.399
132.933	172.792
134.238	168.732
134.016	169.596
131.255	168.572
131.8	168.592
132.45	171.627
132.427	170.38
132.23	169.744
131.627	168.874
130.466	167.568
130.02	168.717
131.796	166.031
133.098	164.125
130.545	163.713
129.125	164.195
129.051	166.255
130.191	162.909
130.65	162.533
129.376	161.392
130.199	163.148
127.639	162.831
127.521	161.403
127.678	160.812
127.356	160.415
126.929	160.874
124.654	162.514
126.411	159.345
126.615	160.086
125.023	158.78
124.45	159.246
125.38	159.223
126.415	157.156
125.027	156.784
124.259	156.604
123.184	156.991
125.823	155.74
123.431	154.611
122.607	154.607
125.337	154.438
124.506	152.693
123.736	153.987
124.133	153.561
122.772	151.882
120.454	151.246
120.882	150.012
120.862	150.403
120.862	150.847
122.184	150.368
120.121	148.506
122.349	149.489
120.278	149.8
118.682	148.117
119.607	150.117
118.227	147.066
120.121	147.105
120.023	147.102
120.474	144.804
116.765	148.607
118.497	147.744
117.78	145.979
117.481	145.604
117.921	145.337
116.051	143.313
116.561	145.709
115.765	144.195
117.317	144.23
115.203	145.246
114.87	141.646
114.458	142.956
114.748	142.435
116.152	140.388
114.654	141.478
115.278	141.133
114.725	140.761
112.894	138.765
112.744	138.199
111.423	139.353
114.399	138.886
114.485	137.937
115.576	138.466
113.514	137.047
113.705	137.105
114.454	136.854
113.117	135.341
112.207	135.948
112.819	136.639
110.804	135.725
112.368	135.45
112.721	132.372
110.619	130.705
113.541	133.976
109.937	133.596
112.392	132.051
109.74	134.191
110.812	131.843
109.306	131.979
109.897	133.031
108.972	129.396
107.96	130.372
110.658	130.619
109.748	130.831
109.282	130.627
108.968	129.596
107.137	128.466
107.615	128.246
106.368	128.948
107.607	124.917
105.753	125.604
105.995	126.345
107.744	127.674
106.388	126.462
106.403	126.596
107.246	126.858
105.199	123.682
105.435	123.145
104.051	124.137
103.18	125.396
102.894	124.701
105.58	124.31
104.514	123.259
105.627	121.415
105.008	121.345
103.972	121.023
103.894	122.325
104.109	120.396
103.16	120.23
104.329	119.121
101.662	118.839
103.403	117.203
102.302	117.094
103.086	118.306
102.466	117.905
100.862	118.047
100.384	117.604
100.442	117.242
101.141	116.815
101.407	117.066
101.843	117.113
100.839	116.744
98.5449	114.109
100.125	115.337
100.729	115.47
102.016	117.392
103.282	116.596
100.921	115.697
100.525	117.004
101.545	115.219
102.823	117.188
103.074	116.168
102.489	117.016
101.635	115.274
101.761	116.294
101.521	116.129
103.58	115.399
101.039	116.976
101.8	115.725
103.302	115.736
103.713	115.481
104.227	115.568
104.697	115.878
103.991	114.066
103.199	115.267
105.662	113.729
103.933	115.607
104.623	116.619
105.094	116.29
104.419	115.623
105.757	115.45
105.502	116.419
106.278	116.047
107.831	116.792
107.109	116.411
107.709	118.082
105.568	116.58
107.913	117.403
119.478	124.141
119.607	124.215
120.933	123.156
121.493	123.979
121.757	123.827
120.09	124.364
120.925	123.561
123.631	124.278
123.227	124.016
123.442	124.979
123.176	123.674
123.035	124.533
124.059	126.693
123.94	125.333
122.776	125.894
128.047	124.662
128.812	125.697
130.485	125.039
130.45	125.631
131.195	125.478
132.619	124.094
131.497	124.58
132.223	125.623
133.549	125.94
132.055	125.337
131.176	124.493
131.568	124.094
132.427	125.251
130.442	122.812
131.497	123.776
132.584	124.267
129.851	124.263
131.729	122.819
130.882	124.925
129.082	124.333
131.207	123.063
131.983	123.251
131.403	122.564
131.407	123.701
131.705	123.109
129.658	122.812
130.027	124.078
130.866	124.944
129.8	123.878
131.446	124.121
131.137	122.557
131.238	122.901
131.721	124.168
132.191	124.094
129.635	125.242
129.059	123.843
130.721	121.094
130.944	122.678
132.689	123.485
130.882	124.016
131.89	124.792
133.529	125.611
129.968	124.29
131.16	123.263
132.246	124.191
130.423	123.788
130.31	123.188
130.572	123.666
130.341	122.744
129.199	123.267
129.972	123.753
131.215	123.317
129.74	123.67
129.16	124.349
130.827	124.929
128.835	123.172
130.886	123.364
129.995	122.956
130.901	123.259
130.796	122.937
128.145	123.631
129.333	123.36
130.572	123.518
129.372	123.964
129.6	123.627
129.819	123.223
128.627	122.729
131.043	123.713
130.098	122.172
129.286	122.607
130.976	123.09
129.776	123.133
130.662	123.89
129.259	122.717
128.466	123.819
128.105	122.458
130.765	124.129
130.141	123.804
129.604	123.917
128.533	121.059
130.399	122.023
130.607	123.321
129.259	122.717
129.302	123.035
126.878	124.145
128.462	123.392
128.415	121.995
129.643	122.748
128.839	123.317
128.674	123.306
129.066	123.435
128.808	123.31
128.74	122.337
129.141	123.485
128.059	123.349
129.776	121.847
129.368	122.098
128.592	122.156
127.808	121.784
130.191	121.016
129.956	123.502
130.658	123.368
130.302	122.619
129.674	122.89
128.493	123.023
128.929	124.012
128.725	123.87
127	124.109
128.168	123.094
128.435	122.129
128.89	121.74
129.921	123.419
128.074	121.983
127.611	121.878
127.847	122.772
129.141	123.674
130.238	122.207
128.349	123.36
127.96	123.047
128.67	123.481
129.866	122.894
129.023	123.446
128.211	123.561
128.29	122.094
128.878	121.164
128.415	122.074
128.353	121.514
127.717	121.47
130.627	122.729
130.09	123.827
128.321	122.937
129.631	122.866
129.211	121.901
129.345	121.689
128.584	123.035
129.251	122.557
129.148	121.557
129.141	123.442
128.427	123.521
127.761	123.627
127.964	120.58
128.392	123.321
128.905	123.219
128.812	121.129
128.952	123.419
126.964	121.368
128.094	122.438
127.098	122.732
128.004	122.234
128.094	122.729
127.909	120.533
127.317	122.396
127.294	122.125
127.109	121.592
127.58	121.74
126.47	120.67
127.333	121.407
126.537	120.8
125.219	120.894
126.321	121.274
126.125	122.027
124.576	122.384
126.376	120.415
127.497	122.529
126.493	123.098
125.909	121.152
127.238	122.078
127.376	122.004
127.121	121.819
127.736	121.905
127.039	122.055
126.65	123.223
126.282	123.274
126.234	122.78
127.423	122.753
126.51	122.584
127.983	122.792
128.207	123.364
127.909	122.066
128.866	121.102
126.639	121.921
127.02	120.689
127.333	122.145
127.815	122.004
127.31	121.917
129.156	122.819
129.384	123.525
129.384	124.074
127.557	123.485
127.991	122.897
129.047	122.584
130.631	124.008
128.812	123.866
127.514	123.263
127.564	122.917
129.039	123.117
128.827	123.094
127.886	122.736
128.313	123.242
128.572	122.894
127.321	123.521
129.129	124.238
129.592	124.376
129.96	124.333
129.658	124.407
128.105	123.697
130.117	125.035
129.271	125.403
129.792	123.823
128.074	124.388
129.145	124.553
130.098	124.16
128.333	124.736
131.066	126.238
131.623	125.717
131.274	125.152
131.929	124.557
131.541	125.521
130.333	126.646
129.835	124.929
130.897	125.191
131.485	126.568
131.804	127.6
131.658	126.631
131.341	125.643
131.905	125.878
131.709	126.78
130.886	126.757
132.466	128.211
131.78	125.815
130.796	126.274
130.979	128.094
129.207	128.02
130.051	127.278
129.858	127.306
131.678	129.561
132	127.686
132.541	128.497
130.909	127.38
130.438	129.518
132.788	128.396
130.732	129.125
131.215	128.341
129.944	129.388
130.255	130.152
129.537	128.137
131.016	129.489
130.271	126.654
129.968	128.658
129.894	128.023
130.568	127.45
132.086	129.246
130.485	127.271
131.765	129.223
130.564	130.234
130.933	129.251
132.078	128.278
131.635	131.442
132.043	130.36
131.485	131.757
134.744	130.654
133.074	130.897
132.537	130.874
132.808	130.631
133.729	131.242
130.744	132.96
134.435	131.321
132.812	132.121
131.074	128.929
132.349	131.407
133.415	130.29
132.584	131.004
133.172	131.286
132.58	129.267
134.18	131.693
132.474	130.278
133.839	131.023
133.156	129.643
134.09	131.67
132.078	130
132.784	128.6
132.725	130.435
131.012	130.489
134.611	130.129
134.592	129.372
132.557	129.94
134.016	131.294
134.689	129.525
132.199	129.697
133.948	130.792
135.098	130.02
132.882	129.592
134.255	130.263
135.725	130.286
133.65	131.035
133.933	129.983
132.839	128.827
133.141	128.596
132.639	128.043
133.51	129.564
134.074	130.851
132.835	129.466
132.337	129.074
133.415	129.066
132.866	130.063
133.227	128.195
131.191	127.521
132.666	127.086
131.102	127.831
131.141	127.736
132.784	127.561
131.882	126.411
130.485	126.956
129.493	125.921
130.537	124.878
130.156	123.784
128.658	124
129.545	121.518
128.341	123.059
128.215	122.306
126.944	121.643
127.549	120.831
127.407	119.553
128.02	120.991
125.191	118.976
125.819	118.894
125.478	118.693
126.109	118.956
124.36	118.89
125.878	119.423
123.066	116.894
125.446	119.368
124.639	121.188
124.976	118.96
124.972	118.199
126.027	118.172
125.925	120.23
124.874	120.148
124.983	118.172
124.399	119.302
123.952	116.686
124.753	119.137
125.6	118.242
123.481	120.156
125.09	118.854
125.541	117.851
124.368	117.721
124.905	117.481
124.964	119.082
124.553	118.874
125.521	117.972
125.238	118.819
125.611	120.596
124.263	119.203
124.748	118.368
124.705	119.627
124.466	117.364
125.725	119.184
125.102	120.701
125.435	119.094
126.384	120.769
124.411	118.78
124.674	118.203
125.615	120.419
125.572	119.102
126.392	120.29
124.584	118.757
126.356	120.514
125.933	120.736
127.207	119.446
127.317	121.263
128.145	121.972
126.059	120.619
125.96	120.376
128.188	120.858
128.623	120.419
128.36	120.725
127.776	121.152
128.74	121.016
129.729	121.87
130.023	123.255
128.765	123.431
129.812	122.886
132.518	124.313
131.368	123.533
130.392	124.462
129.67	123.419
133.674	123.012
132.611	124.29
133.533	124.191
131.396	124.541
131.246	124.537
134.066	125.133
133.364	124.89
134.572	122.991
135.431	124.847
135.937	123.917
136.129	122.886
136.65	124.271
136.008	124.384
135.156	124.195
134.808	124.8
135.267	124.267
136.78	126.325
136.905	123.481
136.521	122.804
137.858	125.07
137.619	126.678
136.113	125.263
134.835	126.384
138.372	125.693
138.557	127.259
138.732	126.933
139.219	125.65
138.812	126.678
140.466	129.255
142.607	127.141
143.09	125.901
142.804	128.133
143.45	127.38
142.972	128.329
141.172	126.259
143.87	128.882
143.02	128.298
144.129	126.89
142.866	127.921
143.364	127.588
144.557	128.991
142.098	127.976
145.227	129.725
144.682	129.403
146.121	131.282
145.345	129.874
145.929	129.736
147.553	128.203
147.983	129.674
146.878	129.074
148.172	128.278
146.956	130.317
148.102	128.749
148.234	130.298
149.557	128.851
147.533	128.604
149.948	128.674
149.862	129.847
147.995	129.454
148.333	130.619
149.639	130.227
150.051	128.294
149.267	129.333
149.925	128.518
151.968	128.815
151.458	129.592
151.438	128.561
151.839	130.831
151.286	128.133
151.769	129.004
151.203	127.654
150.905	128.321
150.78	128.298
149.678	127.611
150.753	126.215
152.518	127.396
149.376	127.286
150.788	126.384
148.812	126.125
148.051	125.282
149.219	123.016
148.549	123.693
148.211	123.521
147.051	123.074
146.709	123.423
145.67	121.58
145.438	122.223
145.004	123.023
144.521	118.812
143.345	120.497
142.396	120.141
143.74	122.263
142.913	119.493
140.031	119.553
141.478	119.164
139.827	118.796
138.983	116.701
138.67	119.255
139.29	116.137
136.882	118.729
136.407	117.847
137.313	116.506
135.851	115.643
133.485	114.682
133.827	113.89
134.078	116.074
132.725	112.376
128.769	113.886
129.403	114.38
129.514	113.133
129.388	112.497
126.063	112.732
126.102	113.317
125.039	111.721
124.521	109.674
125.047	110.427
121.693	110.772
123.701	111.376
123.646	110.047
121.568	109.584
121.533	110.866
120.744	109.31
118.901	107.933
119.282	108.689
118.298	109.666
117.537	107.866
116.854	108.991
116.333	109.407
115.607	108.274
116.121	107.604
114.497	108.525
115.152	107.502
113.145	107.693
112.639	107.07
112.38	108.102
111.769	108.168
111.094	107.545
110.909	106.772
111.646	107.979
109.313	107.396
109.223	108.399
110.94	106.564
109.234	108.219
108.972	105.396
110.172	108.141
107.306	107.148
107.658	108.176
106.004	107.047
107.117	107.557
106.658	105.537
105.658	106.082
106.263	109.796
105.063	108.553
104.725	108.843
105.156	109.709
104.878	107.376
103.302	106.909
101.952	107.082
101.894	109.242
101.349	105.917
101.215	108.784
98.9404	108.804
99.7607	107.148
98.9482	106.67
97.2979	104.736
96.082	105.282
96.1719	105.545
94.5566	104.223
95.0625	104.753
95.3916	105.866
93.1523	103.952
91.9795	102.913
93.4033	103.643
90.0078	102.238
89.2188	102.191
89.3174	103.251
89.5723	100.772
88.1445	101.337
87.748	100.172
86.8662	98.9443
85.0391	98.2461
85.0898	97.8545
84.168	97.917
85.6074	96.2383
85.333	95.9756
84.9873	96.0039
82.376	95.6387
82.3955	93.6113
81.4541	93.3838
79.5918	92.917
79.3135	91.8584
81.5918	91.1133
79.5176	92.1016
78.5449	89.5293
78.7129	89.5527
77.7725	89.7568
76.9014	88.7568
76.4502	89.2783
76.9287	87.1445
78.1055	87.2305
76.541	86.5723
74.7646	87.0977
75.6504	85.8037
74.9365	85.9209
74.4697	85.3096
74.3682	83.5254
73.2588	84.0391
72.5332	82.0156
70.5176	80.9717
71.9482	79.9912
71.0664	81.1016
71.5254	79.1133
71.0625	78.8896
69.4775	78.6738
70.0352	78.0039
69.9873	76.7764
68.8154	76.0664
69.2148	75.627
69.5332	76.0117
68.4385	75.1875
68.4229	75.502
67.6191	74.3838
67.3252	71.9521
66.1328	71.6348
65.3018	72.8506
65.0977	69.8311
65.3682	70.8154
63.7402	69.3721
62.168	68.6465
62.0352	69.2148
62.9678	67.4268
61.7285	67.4072
60.0273	65.9795
62.0586	65.3799
60.9248	66.2422
59.6465	64.3955
60.1992	64.4111
60.0586	63.4307
59.6582	62.5605
58.8818	62.5879
60.3721	62.6074
56.9131	62.7803
57.125	61.5762
56.2305	60.8115
55.9678	60.0781
53.6855	59.8701
54.1641	59
53.1758	56.7842
53.6191	57.9639
51.6855	58.2344
51.0664	57.4932
50.6191	55.1719
50.6113	55.6855
49.7285	53.6582
47.8389	53.082
49.0039	50.7686
48.1406	51.8662
47.7207	51.792
48.6074	50.623
47.7529	51.0391
46.333	50.9092
45.7959	49.4463
45.2031	49.0391
46.6035	48.2627
44.4736	47.6777
46.6621	48.4111
45.3877	47.9365
46.2783	48.5176
47.4111	49.1328
45.4541	46.9404
44.2861	46.7012
45.376	47.5488
46.623	48.1797
46.7207	48.0313
45.6973	46.9014
46.7051	48.2783
45.7051	46.4502
45.748	46.7529
44.7881	44.4229
44.502	46.1445
44.2666	45.0234
45.1484	45.0703
45.3682	43.9482
43.502	44.3877
43.3057	43.8623
44.2344	43.5293
45.9365	43.2627
45.376	44.2148
45.1133	41.9951
45.6777	44.3408
45.4775	42.7959
44.3682	43.4229
45.0313	43.5059
44.5605	42.6934
44.6738	43.2744
46.0117	43.6348
46.2461	43.9014
45.6582	43.7764
46.8623	44.458
47.29	44.3447
49.1406	45.8545
47.8037	46.0742
49.0664	46.4502
49.4424	46.1172
50.7324	46.6582
50.8896	47.8154
51.6426	47.3018
50.8506	46.2939
50.7363	47.666
52.3174	47.9014
52.4541	48.2979
53.1094	49.2148
52.2461	48.6816
53.082	48.2227
54.1094	49.7129
54.2344	49.502
55.0273	49.3291
54.5762	51.0547
55.5215	51.5254
55.6582	50.6309
56.835	50.6934
57.0234	49.6465
57.6504	51.5645
58.2422	51.8818
58.6191	52.8467
58.5137	52.2266
59.1992	52.9834
60.3369	52.7363
61.3057	52.3682
60.4932	52.5566
60.1836	53.5801
62.5215	53.3252
62.6426	53.8701
63.4775	55.4775
64.2383	54.9482
64.6816	54.5684
64.7363	54.0156
65.5566	56.0117
64.9756	54.2744
65.7051	55.6191
65.9014	55.1836
67.3018	55.792
66.9951	57.1133
67.8584	57.3291
69.0977	56.7842
68.8467	57.7764
70.6582	57.9873
69.5176	58.0195
70.5684	57.5996
69.8232	57.9873
72.1055	59.9678
71.6621	59.502
72.2227	59.125
73.207	60.1914
73.748	60.2549
73.2979	59.7646
74.0508	59.541
75.0898	60.8506
77.3486	60.6465
76.9756	62.8584
78.4893	60.96
78.1094	62.623
78.7764	62.8389
79.376	63.2627
80.5879	62.9951
80.6113	61.9287
81.0859	64.3252
82.0195	64.168
82.5293	64.5137
83.0547	63.8779
83.4854	64.29
83.2666	65.4072
83.5879	66.0742
84.4736	66.7725
84.1406	66.7012
85.3096	65.748
86.9639	67.3447
83.7646	66.9873
86.0625	65.7207
87.4424	68.8896
86.7803	67.9482
89.1836	69.1211
89.2461	68.3057
88.96	69.1289
89.8271	69.2939
91.9365	70.5957
90.9404	69.8779
92.5879	72.3525
94.0742	72.0977
96.0234	71.1836
94.0664	73.0039
96.8467	72.3643
98.3799	73.4072
98.8896	75.0313
100.646	76.5645
101.753	76.4346
100.788	76.1836
100.847	74.9092
104.6	77.2588
103.481	78.082
104.188	77.5918
106.321	77.9014
107.705	78.8076
109.481	79.8936
111.333	82.1875
110.356	81.7881
112.141	82.792
112.564	80.9248
114.839	83.5059
115.866	83.4619
116.952	84.1953
117.176	83.9717
118.195	85.2627
119.831	85.1016
120.415	85.6504
120.349	87.1641
121.392	86.7881
125.968	87.7051
126.952	90.2109
128.396	89.5488
128.713	90.0859
129.263	90.2266
133.223	90.6543
133.223	93.9131
134.717	91.9092
133.442	94.9326
136.321	94.4424
138.674	97.2266
137.29	96.0508
139.796	97.6816
140.905	99.7686
144.321	101.635
141.553	101.851
144.238	102.074
147.18	103.78
148.979	104.145
151.442	108.008
151.944	108.917
152.129	106.843
157.164	110.282
160.396	112.917
160.843	115.51
162.658	119.168
163.812	119.697
165.572	121.055
167.561	125.537
170.341	125.611
172.729	127.481
173.274	130.588
173.882	130.384
178.744	131.615
178.415	131.172
179.255	137.082
178.541	137.506
181.987	135.306
182.874	137.117
180.462	140.894
181.238	139.203
184.96	141.121
185.333	142.886
184.964	142.259
186.858	144.078
189.195	146.38
189.851	145.31
189.415	147.329
188.627	147.345
189.199	149.545
190.518	150.725
190.666	150.353
189.392	151.172
191.18	153.238
192.427	153.02
192.987	153.576
193.278	157.125
194.701	156.835
196.431	158.604
196.16	159.341
196.643	160.047
194.572	160.074
197.345	160.164
196.732	161.776
195.604	161.415
198.944	163.137
195.561	164.812
195.744	164.267
198.561	167.697
198.506	166.948
201.815	169.729
200.732	168.234
202.063	171.372
198.878	170.47
202.325	175.368
201.376	172.259
201.047	174.38
200.96	172.271
201.697	173.732
200.784	175.364
200.94	175.321
200.376	175.188
202.125	175.736
201.368	177.686
200.207	178.643
199.74	175.757
199.051	179.317
198.662	177.804
200.435	179.639
198.518	178.109
200.701	178.812
193.753	178.866
198.353	181.18
196.929	180.744
194.823	178.623
197.238	179.709
196.133	177.078
193.549	182.921
195.74	181.929
194.141	180.561
193.553	181.843
195.588	182.438
192.804	181.16
192.199	181.282
190.882	182.066
192.125	183.45
191.78	183.027
190.133	182.901
190.419	184.195
188.561	183.89
189.141	185.31
190.588	182.646
187.815	182.384
188.89	180.38
187.302	184.074
186.639	185.078
189.039	179.925
188.29	182.215
185.744	182.396
187.619	183.438
186.823	185.133
189.446	184.678
188.129	183.987
186.808	184.485
186.129	183.497
186.317	184.74
186.109	184.808
185.991	182.866
186.317	185.329
188.004	185.113
185.466	185.964
188.012	184.568
185.956	186.411
184.592	185.553
187.356	185.45
187.302	185.858
186.392	183.533
184.58	185.008
184.901	183.78
186.313	185.929
185.489	182.678
184.438	186.051
185.623	182.392
185.012	185.658
183.121	184.584
183.749	185
183.78	185.678
181.65	183.521
183.137	182.592
181.141	180.761
182.682	184.717
180.894	184.65
181.717	184.94
181.199	183.059
179.976	181.937
181.195	182.991
178.121	183.188
178.012	183.259
179.717	185.541
178.035	184.921
179.713	186.458
180.45	183.227
176.732	186.321
177.933	183.913
178.518	182.964
178.502	183.568
179.29	187.353
178.199	189.564
176.808	188.541
179.223	188.808
179.701	192.761
178.211	191.349
180.376	193.979
181.07	192.442
179.242	193.172
179.31	194.415
181.039	194.701
180.074	194.769
181.031	194.514
183.199	196.693
181.227	196.693
183.423	197.246
182.203	196.921
183.623	199.843
182.337	196.604
181.086	196.329
180.89	198.333
181.619	197.557
183.16	199.341
185.211	198.446
183.584	198.302
188.419	196.438
189.125	196.313
189.063	196.215
186.89	195.627
191.274	196.78
189.518	197.686
190.557	197.909
192.983	198.242
191.271	199.172
192.666	199.529
192.804	200.113
191.968	201.438
194.721	200.489
193.188	198.8
194.105	200.302
191.979	194.372
190.568	195.051
192.815	196.435
192.921	194.506
191.654	196.446
192.843	195.693
192.219	194.976
191.658	195.223
191.242	194.689
193.646	194.059
192.152	194.188
193.481	196.302
193.31	194.545
192.36	194.207
192.376	194.086
193.282	194.572
193.572	194.251
192.156	193.008
191.815	195.866
195.709	195.125
192.596	194.749
194.87	195.251
194.541	195.666
194.478	193.263
195.039	194.082
193.697	193.082
193	193.658
195.055	194.059
194.278	196.082
192.306	193.749
194.129	194.023
194.607	194.917
193.604	194.944
194.125	192.744
192.274	192.454
194.506	190.403
195.059	191.765
193.454	192.16
193.129	189.541
195.223	193.341
194.553	190.866
193.917	189.576
192.493	192.129
194.168	190.929
194.407	191.117
191.302	192
192.823	190.133
191.627	189.191
190.094	190.815
194.317	193.584
192.012	190.604
190.497	191.023
190.721	190.321
191.023	187.462
190.905	188.234
188.843	186.753
188.753	187.925
189.886	185.979
186.815	184.223
186.02	185.195
185.188	184.874
185.514	183.113
183.298	184.765
181.557	185.862
181.937	186.964
179.576	185.576
179.987	186.78
180.983	185.666
180.368	185.191
181.031	184.776
176.866	181.568
177.129	180.843
177.191	179.478
178.415	176.518
176.246	177.592
175.294	179.619
177.23	181.983
174.858	177.376
174.744	177.117
172.568	179.145
175.372	175.521
175.615	177.227
173.662	174.878
174.211	178.901
174.615	177.004
174.055	177.094
172.576	178.442
173.839	177.349
172.321	174.47
171.325	174.345
171.117	173.267
171.753	176.145
169.925	174.557
169.874	172.862
168.561	172.701
167.87	172.259
168.545	173.58
168.851	172.446
169.689	169.259
168.125	168.654
167.074	168.094
168.553	171.345
165.474	168.493
167.525	167.435
166.121	169.819
167.259	169.251
165.066	170.521
166.689	169.094
165.866	169.58
167.337	170.098
167.278	169.242
168.035	169.697
168.396	171.615
168.815	168.862
170.514	175.481
170.137	175.321
170.133	175.02
169.909	176.518
170.717	175.929
170.271	175.701
172.306	175.215
172.557	176.572
172.905	175.043
174.016	179.58
171.705	178.952
173.823	176.168
172.399	179.564
173.851	177.78
175.972	180.337
174.862	180.125
173.74	177.921
175.769	177.36
176.203	177.623
176.321	181.294
176.45	181.141
177.18	179.769
177.36	179.282
177.039	177.968
177.874	179.478
178.109	178.666
175.744	178.267
177.502	180.317
175.611	180.141
176.894	179.753
176.094	177.929
177.662	179.8
176.188	179.462
175.89	178.874
177.105	178.933
176.666	179.113
176.211	180.403
177.145	180.995
177.635	180.607
176.576	181.533
176.89	178.788
176.788	177.686
178.133	178.525
176.65	178.027
179.956	177.979
180.02	179.478
178.843	179.09
178.493	178.701
179.368	179.858
180.18	181.227
178.399	181.263
178.176	180.09
178.462	179.215
177.219	181.717
177.023	180.952
179.635	179.765
178.749	180.168
177.658	180.438
180.027	178.36
179.952	180.607
178.298	178.274
179.012	177.349
178.979	181.203
178.588	178.537
176.944	178.298
177.682	179.45
177.717	178.851
178.259	178.274
177.529	179.023
177.36	179.423
179.878	180.765
178.991	179.682
177.862	179.485
179.815	179.286
178.874	180.133
181.823	180.353
182.008	179.502
180.489	179.211
178.925	180.474
179.925	180.07
179.968	179.172
181.368	180.337
179.423	180.835
181.666	182.454
177.337	178.133
180.623	181.65
179.035	180.263
179.294	178.607
180.246	178.654
177.341	177.952
176.744	179.031
177.164	179.819
175.827	178.298
177.074	179.353
179.725	176.631
178.102	180.039
179.259	178.435
178.572	178.557
178.769	178.615
176.23	179.87
177.972	176.572
175.847	177.176
175.376	174.384
174.38	173.937
173.812	175.31
174.306	172.972
174	170.329
171.278	170.705
171.16	169.45
171.407	170.325
167.65	168.976
167.396	169.51
172.302	166.929
167.804	169.199
169.489	169.415
169.51	169.125
171.753	171.059
171.078	171.769
170.623	170.082
172.835	172.286
171.917	171.631
174.596	172.438
176.145	176.564
177.654	179.349
179.388	177.784
181.238	177.956
180.917	181.514
182.353	180.78
184.211	180.168
182.944	181.105
183.843	182.172
182.964	182.184
187.125	176.203
187.234	176.866
188.238	177.847
187.878	178.203
185.497	177.388
188.753	178.31
186.839	176.466
185.478	176.604
187.604	176.227
186.145	178.141
184.968	177.141
186.897	175.854
187.588	175.168
187.027	174.866
186.227	176.761
185.553	174.286
185.438	177.274
187.995	176.705
187.004	175.545
187.337	175.549
186.278	176.431
188.717	177.403
186.921	177.458
189.137	175.388
188.09	175.525
187.086	177.349
187.059	176.485
186.388	177.286
187.184	178.109
187.521	177.117
186.141	177.012
187.643	177.45
186.098	177.983
188.65	178.255
188.364	178.8
187.732	178.066
186.466	176.976
187.925	177.58
187.18	177.364
186.769	176.917
188.141	176.917
187.697	178.878
186.619	176.839
188.047	176.215
186.744	175.493
185.415	175.223
184.874	175.956
187.878	177.8
186	174.796
186.078	175.541
187.302	173.596
183.819	174.839
185.325	174.654
185.403	173.506
182.242	175.263
185.063	174.658
184.697	174.051
184.537	174.392
185.623	174.851
183.713	173.979
181.039	175.533
182.812	176.858
180.396	174.246
180.905	175.313
180.568	174.725
180.658	173.47
181.862	174.313
181.427	173.035
185.152	173.317
182.059	174.882
181.964	175.804
179.776	173.682
181.635	174.195
183.481	174.944
181.549	175.09
185.442	174.356
183.772	175.446
184.141	172.427
182.489	176.008
182.549	173.572
182.744	174.113
181.047	176.148
183.454	173.384
186.09	173.964
183.51	173.654
183	175.937
185.012	173.611
184.851	172.466
184.403	173.493
186.125	175.031
186.102	176.701
183.823	174.238
182.121	176.223
181.753	174.016
184.215	173.529
183.364	175.302
184.518	175.129
183.854	173.721
183.176	174.564
182.713	174.506
184.313	173.858
181.835	173.521
183.964	172.627
184.349	172.29
183.788	173.407
185.749	173.031
184.831	174.372
184.384	174.137
182.65	174.242
184.897	174.035
184.145	174.388
185.506	172.481
184.808	175.298
185.843	176.082
182.403	174.541
183.415	176.333
186.016	174.549
183.321	175.074
183.732	175.909
185.333	175.937
183.749	177.78
184.176	175.611
181.497	176.697
184.921	180.109
185.497	178.109
184.234	177.541
185.337	179.063
185.215	179.388
183.349	179.976
187.948	181.259
186.203	180.537
187.372	179.78
186.67	183.474
188.894	183.956
187.337	183.529
187.584	182.721
187.023	183.776
192.227	190.991
190.682	193.063
192.407	191.697
193.267	191.815
193.117	194.489
193.94	195.96
195.317	196.983
193.207	196.442
195.298	199.776
197.227	201.078
196.082	202.851
197.796	205.012
198.298	206.913
197.333	208.012
199.18	209.306
201.148	211.623
199.784	210.263
201.255	210.506
203.039	212.929
203.493	216.059
201.223	214.518
203.96	217.004
205.238	222.646
199.152	222.765
187.549	214.176
185.302	214.156
181.176	210.23
180.263	207.466
176.117	203.051
174.356	200.411
171.325	199.07
168.827	194.611
167.278	193.862
165.549	191.944
162.804	190.964
161.211	186.604
158.827	186.31
157.518	179.454
153.317	179.823
152.678	178.223
149.776	174.701
149.808	174.721
147.604	168.744
143.666	166.987
141.812	164.615
139.45	160.697
141.227	158.125
138.098	156.427
137.403	154.89
132.87	149.392
131.129	150.819
127.435	146.831
126.36	143.6
124.948	142.164
122.039	141.58
121.325	134.925
118.815	135.725
116.823	132.729
115.51	130.18
113.686	128.666
113.035	127.047
110.493	125.678
110.313	121.991
109.541	121.693
108.423	119.043
105.525	117.596
104.376	113.8
102.619	114.098
102.172	113.152
100.693	108.757
98.3096	108.29
98.3018	106.274
96.7285	105.427
95.1406	104.148
95.6309	103.113
93.6426	101.545
91.7012	98.0625
91.7959	98.5879
90.8154	96.8936
88.4658	96.4697
88.1523	93.4658
85.7686	91.8584
86.3955	92.2305
85.0469	90.6387
84.4307	88.623
83.8389	89.1172
80.6699	86.2031
81.6348	84.1875
79.9951	85.1758
79.1172	83.0352
76.8779	82.3643
76.874	79.8467
76.7803	79.5215
77.0625	76.5254
76.1172	77.2383
74.9561	75.1914
75.458	75.8506
73.1992	75.1953
75.8506	73.1563
73.4033	72.9326
74.3486	73.8037
73.1133	73.7168
74.2588	72.5996
73.0156	71.627
73.6074	70.9756
73.4541	71.2344
73.0898	71.5684
73.2939	71.2031
73.1055	71.5059
73.5176	70.8311
73.0469	70.0117
73.7764	68.3682
75.2148	69.1953
75.5176	69.6855
74.3291	69.8115
75.3877	69.6035
76.3877	68.9717
75.1211	68.4854
76.3096	68.3682
75.8428	70.6191
77.168	69.6973
78.2109	68.1719
78.2227	69.8076
76.6387	69.0898
77.4502	69.5957
78.1211	68.4502
77.6348	69.5723
78.9404	69.7959
77.5215	69.9951
77.7051	69.835
80.4775	69.96
78.9053	69.835
79.5371	69.1094
77.9287	68.8779
80.7207	69.6543
80.8584	69.3877
81.5137	70.5371
81.3447	69.5176
81.0039	70.0781
80.2188	70.2783
81.1602	68.7051
81.835	69.4307
82.2305	70.1367
83.7012	70.502
83.2344	70.2979
82.9053	71.1602
85.4619	69.5645
85.0234	70.5215
85.5488	70.5957
85.1289	70.8428
84.9404	71.8193
84.3213	70.7842
87.623	70.415
86.8311	68.9639
87.8467	71.0664
87.748	69.5801
88.2461	71.0859
89.458	70.7686
89.2383	69.9873
90.3721	71.4736
88.8232	72.3018
89.3369	73.2188
92.7842	72.8154
91.8936	72.5801
93.1953	73.5684
95.9639	73.6582
95.3018	75.1289
95.8506	74.7529
97.4736	76.2031
98.6348	75.6074
99.5684	76.9287
98.9248	74.8115
103.051	78.0391
100.674	77.8975
102.012	79.7881
104.854	82
105.568	80.8975
111.415	82.1875
115.533	85.9912
113.952	86.7285
113.757	87.2627
117.246	87.9209
117.725	87.7998
121.31	91.3174
125.133	92.0039
125.623	92.6465
127.886	93.4463
131.259	95.7129
131.592	96.3564
132.372	99.1758
132.753	99.458
136.944	99.6738
137.812	100.604
140.819	102.933
141.894	100.991
143.227	102.948
144.808	105.917
146.145	105.615
147.172	106.843
150.36	110.744
150.18	109.6
154.921	113.168
155.493	113.419
159.242	114.047
161.066	115.831
163.321	115.514
163.987	117.769
163.658	119.164
168.113	120.847
167.666	120.45