21.8271	19.7051
21.6738	19.1094
22.0703	19.6621
21.8818	19.1758
22.7402	19.5254
22.835	19.2939
23.5059	18.9053
22.96	19.4307
22.1602	19.6035
21.874	19.2188
23.1563	18.8506
22.0938	19.4697
22.4775	19.4111
22.0273	19.2461
21.8311	19.9912
22.4697	20.0234
22.8389	19.4463
22.7129	19.0039
21.96	19.4502
22.251	19.1602
22.6348	19.9834
23.3096	19.5801
22.1133	19.3682
23.6816	19.2627
22.6309	19.6934
21.8037	20.0664
22.2227	19.8037
21.8037	20.0469
22.6465	20.7529
23.2344	19.3682
21.9951	19.5137
22.1992	19.5488
21.7803	20.3057
22.4072	20.1797
21.9795	18.8193
22.1953	19.5566
23.1445	19.3174
22.5215	20.2744
23.0742	20.3564
23.1641	19.3486
22.9912	20.1484
22.5371	18.9131
22.1836	19.8662
22.6934	19.2422
22.4736	19.2627
23.0078	19.7568
22.082	19.7529
22.6738	18.8896
22.6973	18.9131
22.2627	19.251
21.7051	20.2588
21.666	20.6699
21.8037	20.709
22.2979	19.3057
22.1563	18.96
22.6426	19.8857
21.6621	18.9521
21.6113	19.29
22.1797	19.4736
21.7607	19.4033
21.6934	19.8193
22.1719	19.3135
23.4775	20.4619
22.9717	19.6738
22.1563	20.2939
22.0039	20.8311
22.0195	19.9443
22.7568	19.3564
23.1484	19.3916
22.6465	18.9131
22.1094	19.7402
22.0469	19.6855
22.7012	19.4619
22.6113	19.1953
22.0625	20.5762
21.6074	19.7324
22.6738	19.5488
22.0391	19.9365
22.1445	19.5059
21.5254	19.0313
22.0547	19.3643
21.5176	19.8115
22.1484	20.1836
22.376	19.4189
22.7959	19.5332
21.4307	19.5098
21.666	19.3018
22.4541	20.1016
22.0273	19.7207
21.2744	18.584
21.3564	19.1211
22.3369	18.7246
22	19.0039
22.3291	18.5957
21.2783	19.5566
20.9248	19.8115
21.627	19.1055
21.6855	18.5215
21.2822	18.8896
22.1133	18.4307
21.0859	19.9365
20.8467	19.8818
22.5684	18.9521
20.7207	18.458
20.5293	18.8115
21.6035	18.9951
21.1445	18.6738
20.6348	18.6777
21.3838	18.0508
22.3877	18.2109
21.9443	18.1406
21.3135	18.4736
21.4111	18.1797
21.4463	18.3213
20.4854	18.7803
21.5918	17.6738
21.8896	17.8779
20.0234	18.0977
21.4189	18.9092
20.3252	17.5566
20.8779	18.0195
20.6582	16.96
20.5566	18.3018
20.8232	17.6504
20.2148	17.8311
20.666	17.7012
20.0938	17.6465
20.1836	16.8936
20.6309	17.792
20.4619	17.2266
20.0117	17.3994
19.4971	17.3252
19.8271	16.7568
19.2422	17.4424
19.6973	17.1758
20.2266	16.6348
19.1797	17.3291
19.748	17.3213
19.0117	16.7959
20.207	16.9521
20.1992	16.4736
19.0039	17.082
19.1563	15.9092
19.3213	17.1484
19.1016	16.1289
19.4307	16.5801
19.6777	15.7363
19.4658	16.4033
18.8389	15.8818
18.9053	16.2344
18.168	15.5605
18.3486	16.0078
18.1484	15.4736
18.3916	15.1797
18.3682	15.7129
18.2031	15.6582
18.1289	15.0742
18.2109	14.8076
17.5918	15.5215
18.3174	14.7168
17.9287	14.874
17.7012	14.6348
17.5332	15.0703
17.7402	14.3135
17.9795	14.8154
17.2227	14.9365
17.0781	15.2549
16.9014	15.1445
17.3682	15.1445
17.5605	14.1328
16.1875	14.5957
17.168	14.2266
16.9561	14.1523
17.8389	14.1797
16.458	14.7285
16.0977	14.0625
16.666	13.8506
16.9951	14.458
16.6855	13.8623
17.1875	13.9092
16.1055	14.7959
16.3135	13.5996
16.9639	14.1836
16.0859	13.7646
16.7363	13.6582
16.1992	13.6699
16.1172	13.0156
15.4619	13.792
14.7324	14.3604
15.6699	13.5723
16.0273	13.3877
15.1641	13.8857
16.0781	13.4385
15.0234	13.3096
16.082	13.0977
14.6582	13.502
14.9404	13.29
14.541	12.1484
14.917	13.043
14.3564	12.4932
14.5996	12.3564
14.6777	12.5293
14.623	12.9717
14.6934	12.5879
14.5215	12.4307
14.6504	12.3643
15.6582	12.5176
14.709	11.9092
14.6895	12.4307
14.0156	11.8975
14.1953	12.0469
14.1797	11.9521
14.4932	11.8584
14.4814	11.9756
14.6934	11.9521
14.7529	12.0586
14.4229	12.0703
14.0703	11.8232
14.5684	11.8818
15.3799	12.2979
15.458	12.7998
14.7168	12.8076
14.6543	13.0234
14.6816	12.2705
14.6426	12.7803
14.627	12.5996
14.1719	12.9873
15.4736	12.5059
14.6895	12.8975
14.7607	12.584
15.5801	12.7129
14.7051	12.7012
15.4189	13.0625
14.9482	13.4463
15.7842	12.7842
15.6309	13.1484
15.4893	12.541
15.5918	13.3643
15.5801	13.2344
15.7803	13.4619
15.6855	13.2266
15.541	14.0195
15.8154	13.7402
16.7012	14.2422
16.7129	13.9014
16.4736	13.7842
16.1484	13.1484
16.3252	14.1914
16.8662	14.5723
16.2822	15.168
17.2266	14.2109
17.4385	14.4424
17.2705	14.5059
17.2861	14.9287
17.3682	15.3018
17.4736	14.5215
17.8936	14.5449
17.6191	16.0508
18.2666	15.8701
18.5332	16.1602
50.6426	43.6387
50.6738	43.3916
52.2627	44.5996
53.3564	45.0391
52.5488	43.6934
51.9365	45.458
52.7881	46.0313
53.7012	45.8193
53.6387	45.7646
54.9639	46.9287
55.043	47.6777
54.623	46.2744
54.1797	48.2744
55.3877	47.4229
55.7607	47.6113
56.3838	48.4932
57.4463	47.7207
57.0078	48.4697
56.627	50.1094
56.835	50.207
57.4658	49.4775
57.4502	50.9248
57.6777	50.8701
58.4736	51.043
57.0391	49.5684
57.4346	51.0313
58.4346	50.6309
57.748	51.1406
56.8623	50.9795
57.2822	50.6738
57.8467	50.9834
57.0742	51.0313
55.5684	51.8467
57.4424	51.3408
57.96	51.2266
57.7725	51.2227
56.666	50.541
56.502	50.6777
57.1484	51.5254
56.6777	51.8662
56.5723	51.6152
56.6934	51.2461
56.2783	51.9209
56.4619	50.666
55.5645	52.2744
55.2148	51.3486
55.6035	53.2461
57	52.082
55.4072	52.0547
55.8584	53.2861
55.4346	51.6582
55.1641	51.8193
55.4463	52.2939
55.7568	52.9326
54.5957	53.0703
55.709	53.0234
55.5996	53.9795
56.0547	53.0859
55.9248	53.1094
56.5293	53.2783
54.6699	53.0547
54.2305	53.1289
55.9717	51.9326
56.3291	53.5293
54.9209	53.4854
55.627	53.8232
55.3174	54.168
54.207	54.3096
54.1602	54.6543
54.4502	54.2031
54.0586	54.0195
55.3564	54.8506
54.3408	54.4775
53.3213	54.7324
54.5371	54.5176
54.1602	55.0273
53.7285	54.9443
53.3525	53.5098
54.1406	54.9873
53.8936	54.9092
53.3682	55.6582
54.1289	55.1055
53.5762	55.376
54.9014	56.3799
53.7012	56.1367
53.5957	54.6777
52.6895	54.7646
52.874	55.376
52.3291	55.0234
53.1211	55.043
53.3213	56.0859
53.5293	55.6816
53.5684	55.9248
53.1953	55.8467
51.9756	55.1328
52.6074	56.4814
51.2109	56.1875
51.9834	55.2109
51.7881	55.541
51.1836	56.4424
50.666	55.0703
51.7363	55.874
50.5723	55.7646
50.082	55.7324
50.0859	56.3799
49.9521	55.9756
50.1445	56.458
51.0547	55.2861
49.6777	56.0234
51.3799	55.5137
49.5332	56.5879
51.0938	56.4072
50.0781	55.8975
48.458	55.3291
49.2783	55.3447
49.376	55.6621
49.0508	56.5059
48.6113	56.1406
48.9639	55.917
48.5801	55.4971
47.5215	56.7012
47.9209	55.6582
47.8975	55.1094
47.2344	54.7129
46.9795	56.5215
47.2422	55.7324
46.082	55.4033
46.1055	55.125
45.8584	54.8701
46.8896	55.3525
46.2188	55.0195
45.3057	55.207
44.96	53.5879
45.5254	52.5527
45.4893	54.0313
45.4346	52.3369
45.2148	54.8037
44.835	51.9248
44.5762	52.0781
44.5684	52.2627
44.3486	53.0781
42.29	51.8818
42.7402	52.7285
43.7363	51.7764
43.2783	51.9561
42.5488	49.9951
43.3721	50.0664
41.1406	50.1289
42.5918	50.4658
40.6934	50.3682
41.4893	49.874
41.7324	49.7168
40.9834	48.29
37.8975	4.77246
38.7725	45.6582
37.9326	45.0781
38.3955	45.3213
36.9092	44.0664
37.1641	43.7129
36.4658	43.3916
36.3682	43.1523
36.9248	43.9678
36.9873	42.8975
36.1875	43.0273
35.6465	42.7012
36.1055	42.7607
36.0078	42.8857
36.4346	42.082
35.1523	42.0938
35.2422	42.9209
35.0547	41.4854
35.9326	42.4189
34.4775	42.1602
34.584	42.666
35.9912	41.9248
35.458	41.0664
34.5488	41.5371
34.9404	42.1133
35.125	41.8506
34.6465	43.043
35.8076	42.0508
34.3955	42.3564
35	41.0273
35.4775	41.6465
34.9053	43.5527
34.1211	42.3213
35.1055	42.8428
35.1875	42.3174
35.9521	43.1719
35.3643	43.96
35.5371	44.1484
36.4111	43.9639
36.5176	44.4346
37.4502	44.6738
36.1563	44.125
37.0977	45.333
37.8115	45.6348
37.2549	45.5566
37.4697	45.6309
37.6973	46.7764
38.0664	46.5488
38.1914	46.4229
39.3486	46.9912
37.9014	47.502
39.0938	46.5527
38.3838	46.4463
38.4072	47.1484
38.0859	48.6309
38.4893	47.7012
39.4229	47.0273
39.6191	48.0898
39.082	47.3447
38.8896	47.6855
39.0391	47.5918
38.3643	46.9756
39.2979	47.0078
39.1523	47.1875
39.502	46.7129
39.3643	46.2148
38.5723	46.0352
38.709	46.7324
39.5566	47.5215
38.4307	47.1055
39.8115	45.9014
39.3135	44.8037
38.8232	45.9287
38.2861	45.0547
38.0977	44.376
36.5879	43.7959
37.6035	44.4463
38.0156	43.6621
36.7607	43.6152
37.835	42.3721
36.7402	41.6855
36.1211	42.6973
35.0273	42.6543
35.8779	41.3369
35.7168	40.9248
34.7881	40.1055
33.8506	41.043
34.4541	39.7402
35.4229	40.2461
34.125	39.0938
34.1367	39.1289
32.4385	39.748
32.6738	37.7012
33	37.9092
32.1563	37.3096
31.8076	37.3994
32.0547	37.3916
31.6074	36.4932
33.1641	37.4268
32.333	36.8584
31.9951	36.5449
32.2705	37.2939
32.5566	36.9521
33.0781	37.29
32.0664	37.0508
32.0977	37.3408
32.0781	37.0391
33.7998	35.6113
31.5137	35.4268
32.4463	35.4541
31.8271	37.251
33.0352	36.9756
32.4268	35.6934
34.0703	36.0859
33.541	36.1523
33.1641	36.043
33.7842	38.2148
34.0703	38.584
34.8506	38.3682
35.1289	35.835
34.9365	37.2031
34.0977	38.3955
33.8936	37.8584
34.1914	38.5879
35.2422	38.4775
35.4775	37.5527
34.4346	38.6543
36.3682	39.0664
36.2861	38.8662
37.2705	39
37.3604	37.9951
35.7012	38.2822
36.9678	39.5645
37.4932	38.4072
37.2979	38.4697
37.1953	39.0313
37.7285	37.9912
39.5332	38.4541
37.4229	38.1484
38.7686	39.0391
38.6855	37.6504
38.9014	40.1641
39.1211	38.4893
38.7051	38.748
39.0039	38.4619
39.7568	39.2666
41.043	38.7285
40.5059	38.5332
40.7168	39
40.5645	38.7803
41.0234	37.7285
41.5215	38.2861
41.7607	38.6621
40.4932	39.0117
40.5879	37.7363
40.7568	38.1602
42.5527	38.917
41.9717	37.8232
40.8311	38.2939
41.3838	38.0508
42.4189	37.5215
43.2939	37.502
43.251	38.168
44.0625	37.8037
42.2979	38.2383
42.4736	37.1484
43.3643	38.2822
42.8154	36.4736
43.3174	38.1563
42.8115	38.5879
42.5176	37.709
44.5527	37.3408
44.3174	39.1055
44.9521	38.1055
44.2861	37.4619
44.0664	37.9561
44.792	38.4072
45.376	37.6934
46.2148	37.1328
44.8896	38.3721
45.5254	37.4346
45.666	37.6895
45.0547	37.6113
44.9326	37.1914
45.0039	37.3682
46.1172	36.7998
45.5879	37.9014
46.9561	35.7529
46.5059	37.0391
46.1445	36.9092
47.4072	38.3916
47.2422	35.96
46.3018	36.3604
45.792	37.4033
47.4189	35.125
48.0078	36.7051
45.6816	36.7529
48.0234	36.8193
47.835	35.1758
46.9912	36.623
47.1992	36.4502
47.5098	34.9287
48.2627	35.8779
46.7607	35.415
48.3486	34.4463
47.8545	35.709
47.709	35.4697
48.5996	34.5137
46.9795	34.709
46.5957	35.0586
48.0977	34.3096
46.4971	34.4697
47.8428	34.2383
48.3174	34.458
46.627	33.5645
47.8506	33.6699
47.5957	34.0469
47.125	34.8428
46.8193	33.3643
47.5488	32.5371
46.6934	33.0039
47.1875	33.7168
45.748	32.9131
46.4619	33.541
47.168	33.4072
47.2109	33.1953
46.666	32.6621
46.6543	32.1719
45.3721	32.5645
45.4971	33.0664
45.8467	32.8193
45.0117	32.3525
43.5371	31.5918
43.6543	31.7051
44.2031	30.8936
43.6895	30.4385
43.4854	30.4189
42.5098	31.2461
43.6074	31.9053
42.9521	30.0313
41.5918	29.5098
41.2344	29.9873
40.7959	30.6973
42.1133	29.6309
40.6738	30.1289
40.3447	30.1484
40.4619	29.3721
40.6309	29.5371
39.1172	28.7012
39.748	28.5566
39.0664	30.1563
40.2109	29.0156
39.9717	28.6309
38.2305	28.4111
38.9326	28.3096
38.5605	29.8154
38.3564	27.8975
37.9014	27.4307
38.3604	28.1758
37.9287	27.4971
38.0859	28.1211
36.9014	28.3682
36.9678	27.3799
37.5996	27.125
37.4893	28.1406
36.6621	26.7324
35.5176	27.4619
36.8896	26.5293
36.3604	27.0391
36.3994	26.3799
35.5645	27.1641
34.3994	26.1211
34.4971	26.8623
34.3721	25.874
34.4658	25.9443
33.4697	25.7764
34.7441	26.2266
34.0117	25.8037
33.3799	25.666
33.5215	25.4463
33.2783	25.2422
33.1211	25.8545
33.0742	25.458
32.3408	24.8545
32.1953	25.333
33.4541	25.1406
31.9404	24.6074
33.0664	24.8232
31.9678	23.8701
32.0234	24.3643
31.2666	24.3174
30.6426	23.4854
31.2705	24.1484
30.3135	23.9365
30.7529	22.8857
31.1133	22.9639
30.2705	23.5332
30.0742	22.9912
29.9639	23.3018
29.4893	22.5449
30.8154	22.7363
29.9561	22.5566
29.4268	23.3525
29.5645	21.5488
29.5879	23.0156
28.6934	20.9326
29.1563	22.1797
28.6816	21.0586
28.3838	22.3135
27.9951	21.8311
27.917	21.1758
27.4775	21.6504
27.0117	21.9912
27.1523	21.874
27.5801	20.8154
27.5449	20.8975
26.9404	21.7998
26.6738	21.4736
26.4814	21.2588
26.5918	21.6621
26.6504	21.3291
26.3174	21.1758
26.835	20.5723
26.3291	20.7725
25.2744	20.9326
26.666	21.0547
25.4502	20.5293
25.7646	20.709
25.7803	19.6621
26.0625	20.4229
25.623	20.333
25.4736	20.9053
25.5059	20.1836
25.2305	20.792
24.7051	21.3018
25.5332	20.3486
24.8545	20.1523
24.251	20.1602
24.6309	19.8232
24.7246	19.7363
24.4697	19.5293
24.7129	20.3213
24.1602	20.9209
24.1133	21.1641
24.1016	20.8076
24.4424	19.6621
24.502	19.7246
24.0664	19.8467
23.7568	20.1914
24.1055	20.5879
24.1523	20.8115
24.0234	19.9561
23.9639	19.8428
23.541	20.3369
24.5176	19.8662
24.7168	19.3525
24.0977	19.5527
23.2188	20.3721
24.0938	20.2383
23.6621	20.4697
24.0273	19.6621
23.541	20.5801
23.0781	21.2979
23.3721	20.917
23.9717	20.9482
24.0703	21.2627
24.2148	20.9209
23.8936	21.1563
22.9951	21.7402
23.7998	20.6699
22.3877	21.3604
23.541	20.9678
23.6504	21.1953
23.6582	20.5801
23.8584	20.3955
23.6152	20.6426
22.7012	21.5684
23.3525	20.8545
23.4736	21.5723
23.6934	20.8584
23.3174	21.0781
23.0586	21.8662
23.6113	22.0469
23.7207	21.748
23.0156	21.5801
24.0156	21.6973
23.3018	21.1797
22.748	21.333
23.8818	20.7324
23.0391	21.0703
23.874	21.0781
23.376	20.627
23.1406	21.6387
23.1797	21.8232
22.8662	21.7646
23.2705	21.3955
22.8857	20.2109
22.8076	20.3135
22.7324	20.6191
22.7646	20.7881
22.8115	21.3096
22.6777	20.8037
22.4854	21.2744
22.3174	21.2188
23.623	21.7529
21.9326	20.4893
23.2666	20.874
22.8662	20.9443
23.1719	22.1211
22.1328	20.458
22.6504	20.7168
22.8311	22.666
22.1563	21.7881
22.9131	20.9365
21.4463	21.1797
22.2822	21.4111
23.3291	20.8076
22.2461	21.8857
22.0391	21.3174
22.792	21.5879
23.5762	21.5605
22.4033	21.5449
22.8115	21.2705
22.29	21.9873
22.6465	21.1992
23.3174	22.1484
22.5996	21.5957
22.1719	21.2939
22.2549	22.9678
23.6191	22.0586
22.3994	21.207
22.7324	21.7402
22.7324	21.627
22.6348	22.6621
22.2383	22.6074
21.8467	22.4424
22.1367	22.3369
21.9912	22.376
22.4033	22.4893
22.3916	22.3174
22.0859	22.1094
22.1328	22.4072
22.1758	22.9717
22.1523	22.4619
22.3174	22.9053
22.3057	21.7764
22.3447	23.3799
22.4385	22.9443
22.7881	23.1328
22.8936	22.8232
23.5566	22.2705
23.168	22.6035
22.7998	22.6621
22.1133	22.6387
22.29	23.0703
22.1172	22.4893
22.1836	22.3447
22.1797	22.376
22.3994	22.584
22.0039	21.874
23.0508	22.1289
22.9834	23.1641
21.8975	23.2979
22.2031	22.3408
22.8623	22.5371
22.8311	22.3369
21.4541	23.3877
22.1211	22.2939
22.29	21.8623
22.7363	22
21.1563	21.8389
21.666	21.8076
20.9092	21.6973
21.0508	21.5605
21.0625	21.5137
20.9248	22.5371
21.3955	22.1406
20.7129	21.4775
20.9834	21.3408
20.5645	21.9561
21.2461	21.3252
20.5449	20.6191
20.0664	21.1328
19.8389	20.623
19.7441	20.9561
19.9834	20.3916
19.9561	20.5879
19.6465	20.6348
19.748	20.3564
18.6895	20.3564
19.0078	19.29
19.9834	20.5449
19.4463	19.6426
19.8389	20.3955
19.1484	19.4893
18.1836	19.6465
19.1719	19.8779
18.2822	19.5254
19.6387	19.6855
18.125	20.3291
18.4424	19.4775
18.6387	18.9717
18.4971	19.874
19.251	19.1445
18.29	19.3525
19.0156	19.3682
17.7646	20.0273
18.458	19.1445
17.8311	19.4736
18.3604	19.1836
18.333	19.6816
18.2979	19.5566
19.1563	19.3447
17.7959	19.043
19.0938	19.2148
17.5566	19.1094
17.6074	19.2266
18.8662	20.2109
18.2227	19.0625
18.2939	19.5215
18.2461	18.623
18.2422	19.458
18.1523	19.4307
18.0898	20.043
18.5176	19.4814
18.5918	20.3721
18.4072	19.4658
18.7959	19.8623
18.6348	20.0078
18.1523	19.3955
18.7529	19.0977
18.8623	19.7051
19.3096	20.7129
18.2861	20.0156
18.251	20.7529
19.0078	19.7129
18.8936	20.7363
18.5371	20.1875
19.7363	19.9287
19.415	20.5762
19.3799	20.3018
19.4502	21.3291
19.0117	20.6621
19.6504	20.5645
19.0664	20.376
19.6816	21.5176
19.1719	21.0352
19.1055	21.3135
19.5488	21.8232
20.0898	20.4814
19.2588	21.6973
20.1094	20.8662
19.9521	21.2588
19.1172	20.666
20.6855	20.7646
19.3721	21.2744
19.207	21.3174
20.043	21.3291
20.3057	21.5098
19.0977	21.3564
19.9209	20.9482
20.6816	21.8037
20.0039	21.0273
20.2744	21.7607
19.9912	20.7324
19.1641	22.7959
19.2148	22.8271
19.6973	21.4619
21.1953	20.3955
19.7842	21.458
19.6387	21.4541
19.2979	21.3174
19.709	21.2549
20.458	20.7402
19.6309	21.0742
19.6738	20.8662
19.4307	21.7568
18.9717	20.333
19.2109	21.1875
19.7129	20.748
19.666	20.8545
20.251	21.7363
19.5293	21.8623
18.4346	21.9092
18.6504	21.8779
19.1602	22.3604
19.4189	21.3174
19.3096	22.251
18.8857	21.6191
18.4385	21.1289
19.1211	21.7881
18.8311	20.584
18.96	21.9053
18.5645	21.7842
19.8154	22.6855
19.1523	21.5527
19.0547	21.9404
19.5566	22.8545
19.5879	21.835
19.9756	21.6582
19.1055	22.4111
19.3252	21.7959
19.8271	21.6035
19.7168	21.6191
19.2422	22.7686
19.7881	22.5918
19.2627	21.8545
18.8467	21.3994
19.1992	20.9678
19.1992	20.8662
19.1406	20.8701
19.2588	21.7803
19.4424	21.8467
18.7051	21.8662
19.6191	21.7402
19.5293	21.7324
19.8506	21.8037
19.2461	21.3799
19.6348	21.8037
19.1211	21.5762
19.4775	20.8857
18.6855	21.3838
19.2822	21.5684
20.1563	21.4424
19.6816	21.5605
19.2148	21.9678
19.6855	22.4619
20	22.5332
20.2188	21.8857
20.2266	21.0273
19.2744	21.3838
19.5762	21.1055
20.4854	22.1875
19.3525	21.4854
19.7441	21.7842
20.3252	22.1211
19.2783	22.6895
19.9326	21.9014
19.5137	23.6738
20.5488	21.4893
20.1133	22.168
20.3447	22.6816
20.6035	22.1445
20.0156	22.9287
19.5957	22.4502
20.1328	22.8545
20.0039	23.5566
20.8271	23.6816
20.2422	22.7646
20.2227	22.6621
21.6855	24.1094
21.6699	23.4346
20.2979	23.1133
20.5254	23.6582
21.4775	23.541
20.6777	23.6426
21.8506	24.3135
21.0977	23.6855
22.1602	25.2188
20.9795	24.1602
21.0313	25.1016
22.1289	24.7324
21.7529	25.1328
22.082	25.3877
22.8662	26.1719
22.5879	25.6543
22.6543	26.458
22.6465	26.0547
23.251	25.8545
22.4307	26.1406
23.541	26.6738
23.5605	27.0391
23.0039	26.8467
24.5723	26.9951
24.1914	27.1953
24.4189	27.1641
24.6113	27.5645
25.1016	27.3447
24.627	27.8115
24.7959	27.9561
25.1641	28.5098
25.7441	29.4619
24.8545	28.5488
25.666	28.2588
25.9873	29.5762
26.7363	28.7324
26.8076	29.9365
26.8818	30.3213
26.5957	30.3799
26.9014	28.709
26.6699	30.8662
27.502	30.5762
26.9131	29.376
27.7207	31.4424
27.9092	30.8271
29.1133	30.4463
28.0664	32.6895
28.8154	31.4072
29.1875	32.1328
30.2939	33.1406
29.8506	31.627
29.9131	32.0117
30.4385	32.6738
30.2109	32.3057
32.3252	33.8154
31.1914	33.3018
31.627	33.584
32.0039	33.5293
32.0625	33.917
32.6426	34.1719
32.4346	34.4385
32.7529	34.5449
33.3604	33.7285
33.3955	34.1563
34.2266	35.4268
32.5293	35.4111
33.5645	35.917
33.1641	34.4346
33.6309	33.9873
33.1367	35.2383
33.6895	35.251
34.2422	35.2305
34.4189	35.4111
33.6934	35.6777
34.4385	35.7129
33.8271	34.3213
33.6152	34.5254
34.2148	34.502
33.6504	35.3721
34.5449	35.7441
34.5723	35.6309
34.7168	36.4268
35.3096	35.8701
34.5605	35.7129
34.415	36.2744
35.5371	36.4541
34.9873	35.4541
34.8545	36.7168
35.0938	36.0234
35.458	35.2627
35.4033	36.3955
35.1602	37.2266
35.3877	36.207
35.5137	36.4072
35.1055	35.9561
35.6426	35.8896
36.0117	36.8584
35.3018	36.2461
35.6738	36.4072
36.4229	36.7529
35.8428	36.7686
35.2148	35.9834
35.9443	36.0547
35.9014	36.2549
36.0586	36.376
37.207	36.2588
36.1328	35.6113
35.9717	36.4971
37.9209	37.3135
36.8701	36.5293
35.792	36.0547
36.874	36.8584
37.502	36.7324
38.2305	36.5566
36.1328	36.3213
37.1563	36.9014
36.2383	37.0117
37.168	36.4541
36.0547	36.6738
36.415	37.1836
36.8115	36.9131
36.5762	37.6816
36.666	36.5723
37.8662	37.5449
37.2939	36.5801
36.6973	37.8701
37.2861	37.3174
36.6426	37.4502
37.8193	36.9287
36.3486	37.3564
37.7402	38.0078
37.4385	37.6582
38.0156	37.1641
37.9326	37.4189
38.1172	38.2705
38.4971	37.8584
37.3018	37.9248
37.1094	36.8389
38.0586	37.0078
38.3877	37.6309
38.7529	37.8271
38.6387	38.4932
37.2266	37.7246
37.3408	38.082
37.8545	38.0469
38.2266	38.0977
38.3682	37.3213
39.5957	38.3369
38.6973	37.4697
38.6816	37.9326
39.4814	38.0352
38.082	37.3486
39.1445	39.0039
37.5684	38.3018
39.4111	37.9795
38.7959	38.168
40.1367	37.1953
38.0977	37.9951
37.7402	38.0742
38.2627	38.6035
39.6152	38.2188
38.4307	38.1445
40.0117	37.8271
39.8701	38.125
39.8154	38.6426
39.5527	37.7568
38.4775	39.333
39.2148	37.5566
39.0469	37.709
39.5762	38.9209
39.6816	38.376
38.3447	38.5996
38.96	37.7246
38.9912	38.2461
39.6426	38.4268
38.7402	39.251
39.125	37.9521
39.2266	38.8076
38.917	37.6465
38.5137	37.9287
38.5645	37.8154
39.0938	37.4697
38.6152	36.8975
38.8506	36.835
37.4541	37.7402
38.6348	36.8545
38.5566	38.5176
37.8623	36.4619
38.6973	37.6699
37.6738	37.874
37.3369	38.3408
37.6152	36.9717
37.4932	37.3955
37.0781	38.1211
36.5723	37.6777
37.6074	37.3955
37.207	37.3252
36.8271	37.3486
36.9365	36.7529
36.666	35.7129
37.3564	35.8037
37.3291	37.2588
36.3877	36.2344
35.6934	36.8232
35.8467	35.6855
36.8857	36.0508
36.4502	36.2227
36.4463	35.709
35.4307	35.6543
36.4814	35.8857
36.1992	36.1914
34.4893	34.9834
35.4189	35.6152
34.5176	35.4346
35.2666	34.8467
35.7998	34.502
35.2939	35.2344
35.8154	34.3838
33.6074	34.2744
33.9248	34.1172
33.1484	35.0898
34.1797	34.2549
33.168	34.5801
33.1875	34.1523
34.3096	34.4697
33.1563	34.3525
33.9482	33.9639
33.4385	33.5996
33.3721	34.4268
33.9443	32.9248
33.415	33.4111
33.8779	32.6426
32.7607	32.8662
33.0703	32.3291
32.7168	32.5176
32.7207	32.4658
32.2627	31.9639
31.9912	31.4111
31.6543	31.5293
32.0664	32.4814
31.5059	31.1914
31.5527	31.6621
31.1992	32.2979
31.623	31.5293
31.2549	31.29
30.7646	30.3369
29.6543	30.6191
30.2939	31.0234
29.4502	30.627
29.0742	30.1758
29.1289	30.0469
29.4697	29.7012
28.5605	30.2031
28.3682	30.125
29.4541	30.6152
28.4346	29.3174
28.5137	28.9482
27.2627	28.917
28.7246	28.333
26.7168	28.0664
27.7725	27.2783
26.1133	28.4424
27.9912	28.4541
27.9873	28.6074
27.6113	28.5918
26.7998	28.2627
27.2783	28.1094
27.1367	28.0664
27.4736	27.3799
27.8428	28.6777
26.7686	27.7881
26.2266	27.9834
27.9014	27.3799
27.9561	27.7646
27.8623	27.9365
28.2383	29.2266
27.3564	28.6191
27.5332	28.5215
27.3877	29.2627
28.3799	28.7686
29.1133	29.4854
27.8662	28.3057
29.1094	28.6621
28.7529	29.2109
28.7725	29.0781
29.3682	29.1211
29.4072	28.835
29.7246	29.8936
28.709	30.0039
30.29	29.8623
29.2422	29.5371
29.125	28.9639
29.502	30.082
29.1445	30.1055
30.3057	29.6074
28.8037	29.2861
29.8506	29.7285
29.125	29.5957
29.8623	28.9717
29.3838	29.3408
28.5566	28.6855
29.0117	28.6621
28.1914	28.6152
28.0859	28.2627
27.4619	29.2666
27.7402	27.8467
27.8857	27.6699
27.7881	27.6113
27.3408	27.7129
27.1172	27.3799
26.7207	28.3994
28.1484	26.8389
27.2305	26.8936
26.623	27.3096
26.3213	26.376
28.082	26.9912
26.2666	27.6777
26.8701	27.2666
26.0703	26.5176
25.8115	27.4658
26.2422	26.1016
26.0664	26.4736
26.0313	26.5566
26.7207	26.1094
25.8779	28.0234
25.2305	26.4814
24.7842	25.9795
23.2383	25.2109
21.3643	21.082
21.2666	21.4268
20.6621	21.584
20.6621	21.0117
20.3682	21.3369
20.1406	21.6934
21.1133	20.9561
20.7246	20.9561
19.4893	20.6387
20.2939	21.2588
20.2939	20.6738
20.0234	21.1133
20.2861	19.9678
19.1563	20.3799
19.4072	20.6348
19.125	20.7803
20.0273	20.4854
19.1289	20.1328
20.0195	19.874
19.4619	20.5488
18.8389	19.6816
19.2705	19.627
18.7764	20.4541
19.0742	20.2266
18.7959	20.4893
19.3057	19.5527
19.4463	20.6035
18.835	20.0547
19.0977	19.9014
19.5215	20.6309
19.9209	20.3408
19.1328	20.6934
19.1094	20.5879
19.7725	20.1953
20.1758	20.9443
19.8896	20.6738
20.1797	20.5762
19.8662	20.3643
20.3369	20.6035
21.2031	21.2188
20.3525	20.6582
21.2861	20.7803
22.3994	21.4072
22.0352	21.6543
22.5449	22.1523
21.9951	22.8936
22.0313	21.6777
22.3174	22.0156
22.1641	22.2939
22.0508	22.2344
24.376	22.4775
22.4854	22.9014
24.1211	22.4111
24.0273	23.2588
24.584	24.6074
24.835	24.5801
24.5293	24.2227
25.1875	24.1641
25.7168	24.6074
26.1211	24.7803
26.3838	24.7607
26.5371	25.7881
26.5918	24.9092
27.7842	25.9561
26.8936	25.2705
27.7246	25.5879
27.5254	25.8545
28.4072	26.6113
28.3291	26.623
30.0625	27.1641
28.0625	25.8818
28.6699	26.8779
30.3486	27.2344
28.8389	26.4932
28.8115	27.2305
30.3721	27.0586
30.7207	27.8076
29.9834	26.5723
29.9951	26.8467
29.043	27.1289
30.1758	27.5488
30.5137	27.9248
30.1563	26.7129
30.4229	27.1992
31.5996	27.9795
31.6035	27.0859
31.4697	26.1094
31.7402	26.5098
30.9248	25.4697
31.2588	26.4697
31.0391	25.7568
29.6738	26.0078
30.6816	26.6582
29.5762	25.623
30.7803	26.29
31.1016	25.9014
30.627	26.5918
31.415	24.8389
30.9951	25.9639
30.8076	25.8623
31.0859	26.0234
31.458	24.5723
31.2822	25.0313
31.207	25.3564
31.666	25.8271
31.1406	25.7168
30.9131	25.168
32.0039	25.4463
32.2109	26.7207
32.2422	26.541
32.0078	25.7646
32.9014	25.6621
32.9248	26.2344
33.8232	26.0938
34.3291	25.8115
33.9326	27.4893
34.5957	27.8193
35.1211	27.666
35.0508	27.6074
36.2979	27.6504
36.6152	28.0195
36.4189	28.6504
36.5605	29.5527
38.5215	28.5293
37.5801	31.0977
37.7646	30.125
39.5957	30.627
40.4307	31.2383
40.7129	31.2666
42.1484	31.9404
41.3916	32.3057
41.9717	33.043
41.8779	32.8193
41.0586	32.709
42.4463	32.8271
43.4072	33.7725
43.9639	34.5918
43.8818	34.4971
44.7129	34.9092
45.2939	35.6699
44.9717	36.0352
45.5957	36.3174
45.9834	36.3291
47.0469	36.0977
46.3213	36.9131
47.623	38.3916
47.2939	37.7529
47.2344	38.4424
47.8037	39.3252
47.9131	38.8818
48.9404	39.5059
48.9756	41.0352
49.1914	40.4658
48.8896	41.2783
49	41.5566
50.5605	41.1172
51.1094	42.1016
50.5723	43.5723
50.627	42.9092
50.6191	42.8584
51.1719	43.6543
51.4463	44.0508
50.7285	44.0313
52.4814	44.6074
51.5918	44.9717
51.5605	46.1406
52.1953	46.6113
52.0859	46.5059
53.9248	45.9131
52.5332	47.3682
53.1719	46.96
52.8232	47.709
52.2783	49.2422
52.1211	49.4229
51.8311	48.168
53.627	48.2148
51.8818	49.1602
53.1602	50.1445
51.9912	49.9912
54.0273	50.7686
52.8975	48.7881
53.6621	49.9209
54.4111	49.9678
53.9795	50.3838
53.043	51.2979
54.2109	51.6191
53.1914	49.7725
53.1914	50.627
53.2627	51.1133
54.3096	50.6855
52.5879	51.7012
52.709	51.96
53.0391	51.6348
53.7012	51.4385
52.3838	52.7402
53.6699	51.7646
52.6543	52.2461
52.7246	52.1875
52.4814	52.502
53.0703	53.4541
52.7607	54.082
51.9521	53.082
51.5371	53.3174
51.0938	53.5215
53.0352	53.0664
51.3291	53.6973
51.2549	54.0664
49.8779	54.2979
50.2344	53.7285
50.0703	51.3291
50.3213	52.9482
49.7764	52.8154
50.2588	52.7051
49.9912	53.5254
50.6699	53.1992
49.3682	53.9209
50.3408	52.7402
49.1992	54.7998
49.6309	52.7168
49.5957	52.2461
49.4189	54.6777
48.9756	54.3369
47.8506	53.4268
48.4385	51.5332
48.0508	52.0664
47.6426	53.5918
45.9287	52.5059
46.4502	51.4268
46.5762	52.6934
46.2383	52.1445
45.6426	52.7607
45.1172	51.3135
44.9014	50.9131
44.1523	51.9131
43.2148	51.6816
42.7803	50.4307
42.8115	50.1055
41.6035	50.333
42.3916	49.9795
40.9873	49.9131
41.415	49.2305
41.5605	49.2705
40.9053	49.5605
40.3369	49.7529
41.6543	48.7568
40.8467	49.6348
38.4736	49.0547
39.8623	49.9404
39.333	49.8467
38.5996	48.835
38.125	49.2588
38.9131	48.6777
38.3564	48.7051
37.9795	48.8193
37.5996	48.0547
37.3018	48.6699
36.3174	47.541
36.0469	47.0859
36.2031	46.8506
36.8154	46.4736
36.3916	46.4033
35.0156	46.5605
36.0508	45.2549
35.4189	45.1797
34.9678	44.8506
34.7725	43.9756
34.7207	43.7881
34.2705	44.5879
34.2148	43.1992
33.6816	43.2588
33.792	43.2305
33.5449	40.6426
33.3174	42.9131
32.3604	40.874
31.7803	39.9053
31.8428	40.3135
31.4893	38.5176
30.3525	38.4189
31.3057	37.5371
29.333	36.7246
28.9365	35.8428
29.5059	35.4893
28.5527	35.3135
28.8193	34.627
28.3604	34.0938
27.1563	33.2266
28.2188	32.2148
27.8623	30.9014
26.627	32.8545
26.2422	30.5293
26.874	30.5762
26.7168	29.3838
25.4854	29.3486
24.7881	28.9717
24.6816	27.9131
24.6777	28.2549
23.4502	27.3564
23.9717	26.8389
23.6816	26.0469
24.1914	26.0703
22.6113	25.4072
22.2383	25.0859
22.4932	25.0234
22.6816	25.1094
22.1016	23.9131
21.1602	23.1992
21.5762	23.1094
21.1211	24.7686
20.9756	23.8271
20.2383	23.3291
20.4424	22.3408
20.5254	22.125
19.8662	21.5879
19.458	21.3252
19.2979	21.2344
19.1758	20.4619
18.7725	21.1758
18.8857	19.9248
18.6074	20.6191
18.0078	19.6855
18.4775	19.3604
17.7324	19.333
17.623	18.5566
17.4932	18.8467
18.0313	18.7842
17.7881	19.3877
16.6816	18.0547
17.1172	17.627
16.96	18.1094
17.043	17.8115
16.7012	17.4814
15.4541	17.3408
16.584	17.3408
16.5371	16.1953
15.6113	15.1953
15.1719	15.8975
15.3291	16.168
16.1719	15.5957
15.2344	16.5449
14.627	14.5371
15.1875	15.5645
14.5879	14.3877
15.1758	14.835
13.8857	14.7646
13.8545	14.3916
13.8623	15.3877
14.0898	13.9365
14.1719	13.5215
14.1641	13.8545
14.0586	13.5293
14.6113	13.8428
13.7012	14.4268
14.0039	14.3799
14.0078	13.3799
13.7568	13.6465
13.1563	13.8545
14.1289	14.6035
13.9092	13.9717
14.8623	13.5449
14.4697	14.0625
13.6934	13.6309
13.5332	13.7246
14.333	13.6855
14.1875	14.5215
14.7764	13.415
15.1875	13.9756
13.8545	14.4775
13.9795	13.2549
13.8271	14.5059
14.9209	13.627
14.3252	13.9053
15.082	13.5605
15.2939	14.7051
15.835	13.8623
15.3096	13.6543
14.2227	14.1172
14.3096	13.6348
15.2383	13.4463
15.7168	13.8154
14.5137	13.4658
15.9209	14.3486
16.376	13.5723
15.5137	14.0156
14.9834	13.2744
15.7129	13.7363
16.3682	13.7129
16.5293	13.6895
15.7246	13.5098
15.7012	14.5566
16.3721	14.5918
16.6074	13.9248
15.8662	13.7246
16.1797	14.1641
16.8115	14.3096
16.5059	14.0313
16.9326	14.1484
16.8975	13.4541
16.8975	14.1484
16.4111	14.1406
16.6191	14.0977
16.5879	14.2031
16.1563	13.2822
16.9287	14.1328
16.9092	13.7998
17.1914	13.4033
16.3135	13.6934
17.1523	13.9053
16.3994	14.1641
17.0547	13.7529
16.7725	13.6426
17.3994	14.3604
17.4932	14.3955
17.4697	13.8154
17.3564	14.2148
18.3799	14.6426
18.1094	15.1836
18.3604	14.8936
18.3369	14.9912
18.458	15.1797
18.9834	15.5215
18.7803	14.7168
18.5098	16.0898
18.6777	15.7529
18.8193	16.4697
21.1445	15.9404
19.3486	17.4033
20.8506	17.2783
21.2549	17.4229
21.5605	17.6699
20.4346	18.7324
23.1641	18.2588
22.2666	18.376
23.4971	18.7402
22.4932	19.0117
23.29	18.3486
22.6504	18.748
22.4424	19.4854
22.8701	19.2744
24.2783	19.9404
23.1523	20.4072
25.3174	19.5137
24.0117	20.5488
24.1523	20.8506
24.9287	20.1523
25.3525	21.3955
25.7607	20.5801
25.2705	21.6973
26.7441	21.7168
26.8311	21.5605
27.251	23.0039
26.3643	22.9287
27.792	23.3096
26.709	22.7998
27.1445	22.8701
27.8975	23.415
28.5293	23.9834
29.0078	24.4619
28.7129	24.7568
28.6074	25.9092
29.8584	25.0508
31.0586	28.1602
31.6152	27.627
35.9639	32.0547
36.7363	32.4346
36.8271	32.9482
36.8779	32.9717
37.4932	32.8506
38.6973	33.3682
38.082	33.2939
38.0625	33.2422
38.5879	35.0586
37.9912	34.6191
38.7998	35.2383
38.3213	34.9287
38.3643	35.1523
39.2627	35.6074
39.1016	36.4111
38.8975	35.9443
39.9912	35.1797
39.3135	34.6074
39.5059	35.3369
38.4658	36.0859
38.3174	36.8896
38.251	37.2148
38.3018	37.168
39.1328	2.72461
38.6504	36.7842
38.4111	36.9131
38.1094	36.7324
37.748	38.043
38.3096	37.1797
37.5918	35.3525
38.3682	37.7803
37.043	36.3486
36.5762	36.8896
37.082	36.3564
37.3486	37.6934
37.3174	36.415
37.2822	36.3682
37.0391	37.792
36.2383	36.7012
36.4229	36.5762
36.6973	35.7959
36.4346	36.4229
34.9678	35.4111
34.9951	35.7529
35.6582	35.8428
35.251	35.9951
34.6621	36.0156
34.9053	36.4775
35.1758	35.0938
35.2383	35.5801
34.9131	34.2783
34.5801	34.8506
34.0469	35.2627
34.7607	34.541
34.5801	35.4072
34.2266	35.0469
34.2227	33.6074
34.1758	35.3057
33.8584	34.4385
33.5332	34.207
33.7051	33.6738
33.4502	34.627
32.6191	33.8232
32.9561	34.9404
32.5645	34.2744
32.6816	33.8154
32.502	34.1602
32.3369	33.5762
31.5605	34.0039
32.4229	32.7725
32.9209	33.0625
32.6191	35.0703
32.3291	34.0391
31.8936	33.5527
32.0703	33.2822
32.4111	32.6582
31.5957	33.3955
31.7441	33.0781
31.6543	34.4424
32.1445	32.3135
31.8271	33.7402
31.4111	33.4541
31.7363	33.6465
30.9678	33.3877
30.2979	33.0898
30.9834	33.0156
30.7012	32.7285
30.1523	31.7881
30.6426	32.4971
30.0547	32.4346
29.8975	32.502
30.8193	31.251
30.043	31.7568
30.2305	31.8584
30.6191	32.5605
29.3369	31.8311
30.3291	32.1328
30.5996	31.96
30.1602	31.4541
29.5879	31.5371
30.6582	31.458
30.1211	32.1328
28.8779	30.9131
30.4229	32.4736
28.9834	31.2549
30.4229	32.1523
30.7686	31.1055
29.0352	31.5176
29.8662	31.2266
29.8545	30.0508
29.3838	31.5254
30.8857	31.5254
28.8154	31.0469
29.623	31.5527
29.584	30.6309
29.1289	30.7607
29.29	30.9326
28.8857	30.3174
29.7998	31.6699
30.2549	32.4854
29.0273	31.7842
29.3447	31.2031
30.2344	31.4033
30.2461	30.6191
28.7842	31.6895
29.5723	31.4736
30.9326	32.0586
30.7207	32.8584
29.4346	32.3721
30.8037	32.1289
30.8623	32.0117
30.2422	32.7881
32.1211	32.2305
31.6543	33.207
31.9287	33.9678
31.9287	33.2188
30.8115	32.8037
31.8545	32.7568
32.1875	33.1602
32.96	33.6699
33.043	32.8857
32.5488	33.7207
33.0781	34.2148
33.2344	34.9014
33.0195	34.1172
32.502	34.8584
32.96	34.6699
33.6621	34.4893
32.9521	34.6816
32.9834	34.4111
32.7207	33.8975
33.5059	35.0781
33.1406	34.6738
33.3291	34.4814
33.7568	34.125
33.9053	35.4229
33.7725	34.7803
34.3291	34.5293
34.2939	34.9951
33.7764	35.6426
34.5566	35.6699
33.7842	34.9365
33.541	35.3564
34.4033	35.0664
34.0547	35.1563
33.8467	35.8271
33.8779	34.8623
34.8193	35.1289
33.9912	35.9287
33.9561	36.2588
34.5605	34.9873
35.1172	35.9951
34.2783	35.4189
34.6035	35.4189
34.6035	35.3877
34.6543	35.5996
35.4385	35.8545
34.4971	34.6035
34.2549	35.0117
35.1094	35.0352
34.6035	35.1797
33.8076	34.8232
35.29	35.4893
35.3525	35.3408
35.6504	35.0234
34.2188	34.9521
34.5293	35.3682
35.0078	36.1523
35.2344	34.9443
34.043	35.7803
34.0977	34.8076
34.4893	35.2227
34.6582	35.1172
34.9951	35.5254
35.0547	36.082
34.9561	36.2939
35.0195	34.2549
34.2305	35.7998
34.7803	35.0234
35.333	34.6113
34.709	34.6895
34.4658	34.5957
33.5918	35.3643
34.3916	34.376
34.4111	34.2861
34.5098	35.7402
34.4854	34.835
34.2461	36.4189
35.1094	35.2188
34.2783	36.4502
34.2148	35.3604
33.6504	35.2783
34.2344	35.5059
34.6504	35.3252
34.502	35.6465
33.5176	34.9482
34.0781	35.5449
34.2422	35.9561
34.1367	36.1758
33.4229	36.1406
32.9404	35.9053
34.251	35.6973
34.2861	35.6504
33.541	36.1875
34.0625	35.8428
34.4111	35.1289
33.9482	35.7246
33.2822	35.8037
34.4072	35.1914
34.7529	35.3916
33.4424	37.3213
33.9795	36.6309
33.9365	36.9482
34.0156	35.9092
34.3369	36.0938
35.4854	36.376
34.0078	37.043
35.1797	36.5957
35.0352	36.6621
34.2588	36.2227
34.9014	36.5332
35.7881	36.5371
34.2422	35.9951
35.0625	36.1836
34.96	36.0352
35.5137	36.1914
36.2109	37.333
35.8779	36.6582
35.4268	36.3135
36.0273	35.5293
36.2383	37.2549
36.7207	37.3408
36.1172	37.1328
36.5918	36.8779
37.5254	37.3564
37.8076	5.58008
37.3799	37.6035
37.2666	38.9951
38.1055	38.6191
39.3682	38.6309
38.333	39.9795
38.3721	38.8506
40.2109	39.333
40.1484	39.1875
39.4424	39.4229
39.3486	39.9404
40.6621	39.4854
40.7803	39.5566
39.8975	39.4971
40.7881	39.7129
40.5371	40.7363
40.6309	40.2705
41	41.1016
41.9521	41.3604
42.0859	42.1406
40.5488	40.9053
42.168	41.1602
41.5879	41.8623
42.3096	41.9521
40.5176	41.5098
41.623	43.0742
43.2305	41.9287
42.8584	42.6816
44.3525	43.5723
43.1328	41.6855
43.0117	44.6035
43.0586	43.8076
42.6855	43.6582
43.8467	43.3564
43.0703	44.8467
42.7686	44.9873
44.7363	44.5879
44.1914	44.9795
43.2344	45.6504
43.6621	44.9014
43.6543	46.0078
44.6543	45.541
44.7803	45.3799
46.1953	46.251
43.4658	45.0938
45.0469	45.3174
45.0273	45.9365
45.1836	46.4189
45.0313	46.6934
45.1641	45.6426
45.9131	47.0391
44.9951	46.2109
45.5254	46.2939
45.1719	45.2422
45.5371	45.7363
44.6387	45.3018
45.3721	47.6855
45.082	46.7646
45.5449	45.8428
44.7881	46.1133
44.6621	46.043
45.251	46.9326
45.709	46.376
45.9912	46.3174
45.8662	46.3994
45.6855	46.0234
45.5566	46.2422
47.1875	45.8428
45.0781	47.6738
46.1836	45.8975
46.0586	46.666
46.3643	46.3682
46.6582	47.0273
46.3799	46.7959
46.8467	47.2461
46.29	46.9014
47.1445	47.1602
47.9834	46.0273
47.0508	48.1328
46.3877	47.623
46.3408	46.3213
46.9561	46.6699
46.584	48.2549
45.5371	47.7441
46.623	46.043
47.1328	47.0391
46.0156	47.1523
46.8311	47.2705
46.2031	47.6387
46.8779	47.251
47.1016	47.6738
46.5332	46.7646
46.251	47.3643
47.1016	47.1328
46.4229	47.1367
46.1836	46.7529
46.2705	46.3174
46.8232	46.8311
46.4307	47.125
45.4268	47.0938
46.7725	45.6465
46.2344	47.376
45.6191	46.9404
46.0742	47.8975
46.8115	45.5879
45.7959	46.4385
46.5566	45.8975
45.6113	45.8389
45.8193	45.6855
44.7324	46.3252
45.2031	45.376
44.7246	46.3408
44.7051	45.4814
42.9561	44.7568
44.333	43.8076
43.6895	45.1133
43.9248	44.0117
43.3408	42.8506
42.8154	43.7607
42.333	43.5176
42.0664	42.4229
40.541	42.748
42.9951	41.1719
41.2148	40.7168
40.3955	40.3916
40.9443	39.623
37.6934	38.1172
38.4932	39.1211
37.6035	37.7686
36.4814	36.2266
36.7129	35.3643
35.8662	35.5645
36.3877	35.1992
35.5527	34.6699
35.0742	34.2344
32.96	33.4893
34.1641	32.917
32.8896	31.7441
32.8936	32.2549
32.333	31.4229
32.6816	30.8545
32.2148	30.29
30.9756	30.6582
31.0195	30.6465
31.7881	29.627
29.5605	30.4971
29.0156	29.5293
28.5566	29.1094
28.8428	28.1602
27.9717	29.2188
30.1875	28.2666
29.4736	26.9092
28.5957	27.3877
27.4502	26.8936
28.0313	27.1758
28.6152	26.4697
26.9717	26.2305
27.7129	25.7568
26.6035	25.6816
26.5176	26.458
26.1523	25.9561
26.043	25.0977
25.6348	25.3916
25.623	24.2666
25.9443	23.7051
25.415	23.8779
24.3525	23.0977
23.7686	23.0586
23.9131	22.251
23.6426	22.2588
23.8389	23.1094
23.333	22.2588
24.1758	22.5723
23.2344	20.5137
22.7051	21.3994
22.3174	21.251
21.4971	20.3955
21.2861	20.5137
23.3525	19.7246
21.0469	19.7363
20.9482	19.2705
21.792	19.7168
20.8623	19.0781
20.6934	19.9912
21.2861	18.5684
19.5762	18.835
20.7646	18.3525
20.4072	19.2383
19.7129	18.6543
19.2666	17.9131
20.125	18.458
20.0977	18.0664
20.1797	17.5879
20.3877	17.8662
19.623	17.8154
19.3721	17.6152
19.1523	16.5605
19.3057	17.3916
18.6855	16.7324
18.5762	15.96
18.6582	17.1406
18.8037	16.5762
18.4541	16.8428
18.2705	15.7363
18.1641	16.7803
18.3135	16.8701
17.9092	16.9756
18.2109	16.4385
17.584	15.8975
18.2031	15.8115
17.792	15.7402
17.8818	15.5098
18.0352	15.9834
17.1914	15.6934
17.7881	15.4971
17.9092	15.6348
17.0898	15.6113
16.9326	15.5645
17.9326	15.9834
17.2705	15.9678
17.3213	15.7764
17.4463	15.666
17.4033	15.2344
17.5176	15.2549
17.5293	15.3369
17.5801	15.8506
16.9951	15.8428
17.0156	14.5332
16.9092	14.4932
16.6504	14.7803
16.4385	14.7129
16.3799	14.6504
16.8701	14.5449
17.2109	14.7246
17.2705	15.3135
17.082	15.6465
17.4736	14.7764
16.7441	14.7363
16.8936	14.8584
17.2979	15.1211
17.376	15.2266
17.2305	15.1875
17.2227	15.502
17.0313	15.1133
17.4111	15.458
16.6621	14.6738
16.4893	14.5723
16.7246	14.5996
16.5762	14.6855
16.6855	14.6777
16.5293	14.6777
15.9365	14.4854
16.1367	14.3838
16.0469	14.623
15.9756	14.4229
16.3604	14.5371
16.3604	14.5059
15.8076	14.5488
16.2109	14.0234
16.7051	14.1289
16.584	14.7363
16.5059	14.1289
17.3447	14.3057
17.1914	14.1406
17.168	14.4854
16.6152	14.6426
16.8701	14.1289
16.4307	14.4697
16.6973	14.7168
15.8857	14.9365
15.835	14.4502
15.5059	14.2861
15.1875	14.3486
15.748	14.3799
15.0313	14.4775
15.7441	14.4072
14.9873	14.4385
15.3721	14.3604
16.0625	13.7998
16.7363	13.9131
16.5996	14.4033
17.1719	14.7607
16.251	14.3447
16.8662	14.9092
15.8232	14.4111
15.5723	13.7324
16.2266	14.6152
16.3057	14.7363
16.5059	14.3721
16.7246	13.8662
16.2422	13.9795
16.6777	14.0859
16.2461	13.9951
15.8662	14.5762
14.8545	14.0703
16.6855	13.6191
17.0195	13.5293
16.5645	13.7402
15.9209	13.9014
15.3799	13.6777
16.1094	12.9717
16.0195	14.1641
16.7051	14.0234
15.6387	14.0781
15.9326	13.6113
16.4541	13.8311
14.9951	13.6621
15.6543	13.3252
16.1016	13.125
15.6816	13.4072
16.1836	13.9131
15.5566	13.8232
15.6465	13.043
15.9951	13.5098
16.2627	13.3799
15.8936	13.502
16.1992	13.415
15.0039	13.541
15.4893	13.1914
16.2188	13.3994
15.4072	13.0742
15.7842	13.4502
16.0898	13.3564
15.0859	12.8271
15.1445	12.2979
15.1602	13.2344
15.2979	12.6621
14.415	12.7568
14.6973	12.3408
15.0352	12.6426
14.7168	13.2148
15.1719	12.9834
15.1406	13.207
14.9717	12.5488
14.9248	12.7646
14.1172	13.6621
14.9717	13.0391
15.3486	12.4775
15.2822	12.8975
14.5645	13.082
15.0508	12.3838
14.458	12.9873
14.9014	12.541
15.4189	12.4697
14.8389	12.6621
14.8389	12.6855
14.917	12.4971
14.9092	12.541
14.7881	11.9834
14.0547	12.6738
14.1914	12.7764
14.2109	12.5293
15.6855	12.3447
14.6855	12.7764
14.8271	12.8193
14.8779	12.792
14.7568	12.8154
14.458	12.792
13.7012	13.1016
13.874	12.5527
13.8584	12.5996
13.9482	12.5762
13.8818	12.5723
13.7881	12.7207
14.3447	12.4424
14.7168	12.4189
14.7842	12.5215
14.9443	12.3799
14.9248	12.3135
14.7959	12.4385
14.2979	11.9248
14.4814	12.6309
14.4268	11.9248
14.3096	12.4463
14.3252	12.7012
14.3447	12.792
14.3135	12.3408
14.3799	12.3486
14.7402	12.5137
14.7646	12.0039
14.8154	11.9404
14.3525	12.4346
14.709	12.8467
15.3057	12.917
14.7402	12.8154
15.2461	12.333
15	12.623
13.9482	12.0156
14.4619	12.6816
14.7725	12.9912
14.8975	12.6582
14.7324	12.333
15.207	12.96
15.0977	13.2705
14.709	13.4229
14.7363	12.9014
14.7881	12.7363
14.1875	12.9756
14.7607	13.0781
14.8311	12.9834
14.29	12.3877
13.8271	12.5684
13.8936	12.5371
14.835	12.8037
14.7881	12.7646
14.8076	12.8975
14.4893	12.6895
15.6348	12.9639
15.1445	12.9756
15.2148	12.5293
13.9014	12.5371
14.1523	13.0273
13.9014	12.8311
14.5645	12.5801
14.8584	13.0117
14.9014	12.0625
15.3838	12.5293
14.2861	12.4658
13.7529	12.4502
14.0313	12.3955
13.7207	12.3604
14.3604	12.7842
14.2666	13.0469
14.3799	12.584
14.8584	13.5957
14.9014	13.5566
14.0313	13.6035
14.1875	13.125
14.0977	14.082
14.9326	13.6934
14.7998	14.0352
14.8701	13.2266
14.8857	13.1914
14.333	13.2783
14.9795	12.6777
14.792	12.7764
15.043	12.6816
14.8311	12.8779
14.5566	12.5684
14.6738	12.9482
15.2705	13.5332
15.2148	12.458
15.2588	12.874