objeto:POINTER
[-218.5453186035156, -218.0853729248047, -230.911865234375, -203.9093017578125;
 112.8182907104492, 164.1472778320313, 121.9349365234375, 141.3735656738281;
 1102.904296875, 1112.35400390625, 1089.745971679688, 1125.669921875]centroid:[-219.5207396726782;
 138.7495611797461;
 1106.238739795014]
[-219.5207396726782;
 138.7495611797461;
 1106.238739795014]objeto:BROCA
[-246.9051055908203, -253.8708953857422, -243.5623779296875;
 -38.89347839355469, -145.7860717773438, 9.422458648681641;
 1075.365966796875, 1052.296508789063, 1085.742919921875]centroid:[18746.38923881575;
 -254.7859881611075;
 -3919.522076740861]
[18746.38923881575;
 -254.7859881611075;
 -3919.522076740861]objeto:POINTER
[-218.5453186035156, -218.0853729248047, -230.911865234375, -203.9093017578125;
 112.8182907104492, 164.1472778320313, 121.9349365234375, 141.3735656738281;
 1102.904296875, 1112.35400390625, 1089.745971679688, 1125.669921875]centroid:[-219.5207396726782;
 138.7495611797461;
 1106.238739795014]
[-219.5207396726782;
 138.7495611797461;
 1106.238739795014]objeto:BROCA
[-246.9051055908203, -253.8708953857422, -243.5623779296875;
 -38.89347839355469, -145.7860717773438, 9.422458648681641;
 1075.365966796875, 1052.296508789063, 1085.742919921875]centroid:[18746.38923881575;
 -254.7859881611075;
 -3919.522076740861]
[18746.38923881575;
 -254.7859881611075;
 -3919.522076740861]objeto:POINTER
[-218.5574188232422, -218.1060791015625, -230.9058685302734, -203.9254608154297;
 112.8248672485352, 164.1543426513672, 121.9319686889648, 141.3770751953125;
 1102.955200195313, 1112.392211914063, 1089.723999023438, 1125.69970703125]centroid:[-219.5671991465062;
 138.7641301332567;
 1106.239605270982]
[-219.5671991465062;
 138.7641301332567;
 1106.239605270982]objeto:BROCA
[-246.9270935058594, -253.8814849853516, -243.5762939453125;
 -38.8950309753418, -145.7897186279297, 9.419000625610352;
 1075.4365234375, 1052.3369140625, 1085.796752929688]centroid:[16284.71908634901;
 198.7542192233959;
 -5261.259228035808]
[16284.71908634901;
 198.7542192233959;
 -5261.259228035808]objeto:POINTER
[-218.5425109863281, -218.0789489746094, -230.8840942382813, -203.9176635742188;
 112.8234481811523, 164.1481018066406, 121.9301834106445, 141.3750457763672;
 1102.898559570313, 1112.300415039063, 1089.65869140625, 1125.665649414063]centroid:[-219.5436591202009;
 138.7592895382441;
 1106.167163633832]
[-219.5436591202009;
 138.7592895382441;
 1106.167163633832]objeto:BROCA
[-246.9156951904297, -253.8687896728516, -243.5613861083984;
 -38.89238357543945, -145.7866668701172, 9.422321319580078;
 1075.420776367188, 1052.320190429688, 1085.76220703125]centroid:[15035.50601824373;
 441.4223620099947;
 -6006.962684363127]
[15035.50601824373;
 441.4223620099947;
 -6006.962684363127]objeto:POINTER
[-218.5472564697266, -218.1020050048828, -230.8959197998047, -203.9094543457031;
 112.8194732666016, 164.1505889892578, 121.9380187988281, 141.3766021728516;
 1102.905151367188, 1112.38037109375, 1089.693115234375, 1125.654663085938]centroid:[-219.5503792332062;
 138.7580682214272;
 1106.221207670945]
[-219.5503792332062;
 138.7580682214272;
 1106.221207670945]objeto:BROCA
[-246.9075164794922, -253.8715667724609, -243.5555877685547;
 -38.88949203491211, -145.7857513427734, 9.418785095214844;
 1075.388916015625, 1052.313720703125, 1085.735473632813]centroid:[16382.36604869738;
 236.4722009875113;
 -5479.100299805403]
[16382.36604869738;
 236.4722009875113;
 -5479.100299805403]objeto:POINTER
[-218.5434265136719, -218.0986480712891, -230.9007263183594, -203.9204254150391;
 112.8200607299805, 164.1587066650391, 121.9344100952148, 141.3785552978516;
 1102.908203125, 1112.400634765625, 1089.71923828125, 1125.71826171875]centroid:[-219.543639294368;
 138.7615641687993;
 1106.239650807879]
[-219.543639294368;
 138.7615641687993;
 1106.239650807879]objeto:BROCA
[-246.8926544189453, -253.8680114746094, -243.5585632324219;
 -38.89377593994141, -145.791748046875, 9.414607048034668;
 1075.366577148438, 1052.33154296875, 1085.757080078125]centroid:[21153.19842760637;
 -958.3503921711817;
 -1398.623718872666]
[21153.19842760637;
 -958.3503921711817;
 -1398.623718872666]objeto:POINTER
[-218.5487060546875, -218.0953216552734, -230.8868103027344, -203.9227294921875;
 112.8241958618164, 164.1526947021484, 121.9325485229492, 141.3783416748047;
 1102.92236328125, 1112.376342773438, 1089.684448242188, 1125.69775390625]centroid:[-219.5597492400792;
 138.764368414174;
 1106.210641396147]
[-219.5597492400792;
 138.764368414174;
 1106.210641396147]objeto:BROCA
[-246.8990478515625, -253.8651428222656, -243.5541229248047;
 -38.89656448364258, -145.7847290039063, 9.415876388549805;
 1075.374877929688, 1052.3046875, 1085.736083984375]centroid:[17771.75046397373;
 40.04015166242607;
 -4991.325993537903]
[17771.75046397373;
 40.04015166242607;
 -4991.325993537903]objeto:POINTER
[-218.5536499023438, -218.0888824462891, -230.8968200683594, -203.9131011962891;
 112.8202896118164, 164.1410522460938, 121.930046081543, 141.3716735839844;
 1102.926513671875, 1112.33447265625, 1089.705810546875, 1125.656494140625]centroid:[-219.5455608992337;
 138.7521328896754;
 1106.210140191883]
[-219.5455608992337;
 138.7521328896754;
 1106.210140191883]objeto:BROCA
[-246.9035034179688, -253.8826904296875, -243.5509948730469;
 -38.8960075378418, -145.7964019775391, 9.417036056518555;
 1075.376342773438, 1052.349609375, 1085.724365234375]centroid:[18009.02166792378;
 -117.2903263020562;
 -4354.592684939504]
[18009.02166792378;
 -117.2903263020562;
 -4354.592684939504]objeto:POINTER
[-218.5547790527344, -218.0792846679688, -230.8879699707031, -203.9191284179688;
 112.8136138916016, 164.1461944580078, 121.9214324951172, 141.3683471679688;
 1102.942138671875, 1112.342041015625, 1089.68212890625, 1125.688354492188]centroid:[-219.5567411148797;
 138.7556089812016;
 1106.199185023929]
[-219.5567411148797;
 138.7556089812016;
 1106.199185023929]objeto:BROCA
[-246.8952178955078, -253.8645629882813, -243.5487518310547;
 -38.89163208007813, -145.7912750244141, 9.411508560180664;
 1075.353515625, 1052.310913085938, 1085.724609375]centroid:[18874.22555970401;
 -467.8437233074801;
 -2978.459294363856]
[18874.22555970401;
 -467.8437233074801;
 -2978.459294363856]objeto:POINTER
[-218.5470428466797, -218.0939788818359, -230.8794097900391, -203.9412994384766;
 112.8108215332031, 164.1415405273438, 121.9198913574219, 141.3759307861328;
 1102.919311523438, 1112.347412109375, 1089.654663085938, 1125.735595703125]centroid:[-219.5630134176797;
 138.752987475365;
 1106.186014008521]
[-219.5630134176797;
 138.752987475365;
 1106.186014008521]objeto:BROCA
[-246.8927917480469, -253.8609008789063, -243.5620727539063;
 -38.90486907958984, -145.7906951904297, 9.409676551818848;
 1075.33740234375, 1052.291381835938, 1085.765991210938]centroid:[21460.07806082815;
 -1726.047896287637;
 2076.508416026831]
[21460.07806082815;
 -1726.047896287637;
 2076.508416026831]objeto:POINTER
[-218.5452575683594, -218.0979766845703, -230.8913726806641, -203.9163665771484;
 112.8110427856445, 164.1428375244141, 121.9223327636719, 141.3603210449219;
 1102.890380859375, 1112.357666015625, 1089.677856445313, 1125.662353515625]centroid:[-219.5493185033278;
 138.7502599033331;
 1106.200081342315]
[-219.5493185033278;
 138.7502599033331;
 1106.200081342315]objeto:BROCA
[-246.9118957519531, -253.8739471435547, -243.5552978515625;
 -38.90326309204102, -145.7997589111328, 9.415884017944336;
 1075.40234375, 1052.330200195313, 1085.725952148438]centroid:[14811.82654088736;
 528.2321930384496;
 -6356.43123473227]
[14811.82654088736;
 528.2321930384496;
 -6356.43123473227]objeto:POINTER
[-218.5366821289063, -218.0933227539063, -230.8994598388672, -203.9147796630859;
 112.8092727661133, 164.1413116455078, 121.9306259155273, 141.3683166503906;
 1102.885498046875, 1112.355590820313, 1089.712768554688, 1125.6826171875]centroid:[-219.5237079687998;
 138.7433732538108;
 1106.224015786199]
[-219.5237079687998;
 138.7433732538108;
 1106.224015786199]objeto:BROCA
[-246.9030303955078, -253.8746643066406, -243.5565338134766;
 -38.90090560913086, -145.7974700927734, 9.408641815185547;
 1075.385620117188, 1052.331176757813, 1085.746826171875]centroid:[18255.7032158412;
 -120.9445040721912;
 -4399.772015973926]
[18255.7032158412;
 -120.9445040721912;
 -4399.772015973926]objeto:POINTER
[-218.5727844238281, -218.1070098876953, -230.8937835693359, -203.9293060302734;
 112.8179931640625, 164.1544494628906, 121.9253921508789, 141.3652648925781;
 1102.964111328125, 1112.395385742188, 1089.676513671875, 1125.672729492188]centroid:[-219.5924264878863;
 138.7662448448893;
 1106.21737781951]
[-219.5924264878863;
 138.7662448448893;
 1106.21737781951]objeto:BROCA
[-246.91748046875, -253.8930511474609, -243.5836029052734;
 -38.90179443359375, -145.8009033203125, 9.410989761352539;
 1075.381958007813, 1052.342163085938, 1085.79345703125]centroid:[21483.89628957212;
 -1415.944765959634;
 624.7001725435257]
[21483.89628957212;
 -1415.944765959634;
 624.7001725435257]objeto:POINTER
[-218.5453796386719, -218.0981140136719, -230.8883514404297, -203.9303283691406;
 112.8151702880859, 164.1498260498047, 121.9244155883789, 141.3778839111328;
 1102.906860351563, 1112.378295898438, 1089.68798828125, 1125.7314453125]centroid:[-219.5529047165155;
 138.7568654348281;
 1106.213661201467]
[-219.5529047165155;
 138.7568654348281;
 1106.213661201467]objeto:BROCA
[-246.9014739990234, -253.8727264404297, -243.5658264160156;
 -38.89636611938477, -145.7914123535156, 9.419632911682129;
 1075.378540039063, 1052.309936523438, 1085.761352539063]centroid:[19922.83001474664;
 -355.8015357328113;
 -3811.625214591622]
[19922.83001474664;
 -355.8015357328113;
 -3811.625214591622]objeto:POINTER
[-218.5478668212891, -218.0999145507813, -230.8873443603516, -203.9239044189453;
 112.8197402954102, 164.1534729003906, 121.9278717041016, 141.3744964599609;
 1102.926513671875, 1112.391967773438, 1089.686645507813, 1125.697631835938]centroid:[-219.5638324054879;
 138.7632217934901;
 1106.217761462396]
[-219.5638324054879;
 138.7632217934901;
 1106.217761462396]objeto:BROCA
[-246.9128112792969, -253.8816223144531, -243.5635223388672;
 -38.89968490600586, -145.7925872802734, 9.419288635253906;
 1075.397705078125, 1052.317626953125, 1085.751708984375]centroid:[16875.71647037193;
 239.1306183175184;
 -5642.409165591002]
[16875.71647037193;
 239.1306183175184;
 -5642.409165591002]objeto:POINTER
[-218.5523834228516, -218.0901336669922, -230.8802795410156, -203.9302978515625;
 112.8213958740234, 164.1508636474609, 121.9332656860352, 141.381591796875;
 1102.933471679688, 1112.361083984375, 1089.666748046875, 1125.714721679688]centroid:[-219.5632499249707;
 138.7631476691577;
 1106.199926037168]
[-219.5632499249707;
 138.7631476691577;
 1106.199926037168]objeto:BROCA
[-246.9080963134766, -253.8777008056641, -243.5586242675781;
 -38.88896179199219, -145.7867126464844, 9.419369697570801;
 1075.391723632813, 1052.3203125, 1085.74609375]centroid:[17220.60894775763;
 114.0510298800655;
 -5170.200399935246]
[17220.60894775763;
 114.0510298800655;
 -5170.200399935246]objeto:POINTER
[-218.5442962646484, -218.0969390869141, -230.8918762207031, -203.9268951416016;
 112.8123397827148, 164.1438598632813, 121.9263305664063, 141.3715972900391;
 1102.895141601563, 1112.360717773438, 1089.677490234375, 1125.715454101563]centroid:[-219.5497135852078;
 138.7517514039741;
 1106.202014719234]
[-219.5497135852078;
 138.7517514039741;
 1106.202014719234]objeto:BROCA
[-246.9171295166016, -253.88525390625, -243.5677795410156;
 -38.89379501342773, -145.7931976318359, 9.419410705566406;
 1075.418212890625, 1052.34375, 1085.758178710938]centroid:[16256.17788833007;
 383.1229742512805;
 -6123.587638422847]
[16256.17788833007;
 383.1229742512805;
 -6123.587638422847]objeto:POINTER
[-218.5497589111328, -218.1037292480469, -230.9029693603516, -203.9365386962891;
 112.8197479248047, 164.1549530029297, 121.9270477294922, 141.3881225585938;
 1102.922241210938, 1112.388549804688, 1089.700073242188, 1125.734497070313]centroid:[-219.563773378672;
 138.7626812476704;
 1106.220579565056]
[-219.563773378672;
 138.7626812476704;
 1106.220579565056]objeto:BROCA
[-246.9141540527344, -253.8848876953125, -243.5643005371094;
 -38.89490509033203, -145.7950592041016, 9.419047355651855;
 1075.398071289063, 1052.359619140625, 1085.7646484375]centroid:[18506.33063868061;
 -374.1139646773227;
 -3303.90687417984]
[18506.33063868061;
 -374.1139646773227;
 -3303.90687417984]objeto:POINTER
[-218.5451812744141, -218.1067810058594, -230.8725738525391, -203.9035949707031;
 112.824951171875, 164.1622772216797, 121.925537109375, 141.3738861083984;
 1102.9130859375, 1112.414428710938, 1089.64306640625, 1125.640625]centroid:[-219.5852161626331;
 138.7761745442546;
 1106.195139251187]
[-219.5852161626331;
 138.7761745442546;
 1106.195139251187]objeto:BROCA
[-246.893310546875, -253.8657684326172, -243.5565490722656;
 -38.88783645629883, -145.7864532470703, 9.421293258666992;
 1075.3623046875, 1052.31103515625, 1085.75244140625]centroid:[20491.88504803553;
 -760.7398035903461;
 -2110.532816082239]
[20491.88504803553;
 -760.7398035903461;
 -2110.532816082239]objeto:POINTER
[-218.5334777832031, -218.0912322998047, -230.8859710693359, -203.9193115234375;
 112.8181304931641, 164.1517333984375, 121.9328002929688, 141.3782501220703;
 1102.877197265625, 1112.36865234375, 1089.678833007813, 1125.694946289063]centroid:[-219.5374689522207;
 138.7578882204905;
 1106.203750630561]
[-219.5374689522207;
 138.7578882204905;
 1106.203750630561]objeto:BROCA
[-246.9059906005859, -253.8644256591797, -243.5543060302734;
 -38.89345550537109, -145.7854766845703, 9.420828819274902;
 1075.398071289063, 1052.313354492188, 1085.758666992188]centroid:[16695.92754141986;
 97.14197675778996;
 -4921.657229214907]
[16695.92754141986;
 97.14197675778996;
 -4921.657229214907]objeto:POINTER
[-218.5423583984375, -218.0834197998047, -230.8906555175781, -203.9073486328125;
 112.8122787475586, 164.14453125, 121.9272842407227, 141.3664703369141;
 1102.882690429688, 1112.326293945313, 1089.68212890625, 1125.619750976563]centroid:[-219.530723357715;
 138.7488366458285;
 1106.19370080676]
[-219.530723357715;
 138.7488366458285;
 1106.19370080676]objeto:BROCA
[-246.9015960693359, -253.8686981201172, -243.5723571777344;
 -38.89274978637695, -145.7920684814453, 9.423702239990234;
 1075.368530273438, 1052.306640625, 1085.781372070313]centroid:[21524.77495790273;
 -1181.265376733383;
 -467.0273963361979]
[21524.77495790273;
 -1181.265376733383;
 -467.0273963361979]objeto:POINTER
[-218.5510711669922, -218.0845642089844, -230.89404296875, -203.9082794189453;
 112.8210906982422, 164.1461791992188, 121.933708190918, 141.3696594238281;
 1102.917724609375, 1112.34912109375, 1089.709350585938, 1125.651245117188]centroid:[-219.5387596566166;
 138.754839832264;
 1106.217933984386]
[-219.5387596566166;
 138.754839832264;
 1106.217933984386]objeto:BROCA
[-246.9057159423828, -253.8688354492188, -243.5509796142578;
 -38.89292907714844, -145.7855224609375, 9.41923713684082;
 1075.384521484375, 1052.327026367188, 1085.727661132813]centroid:[16388.71256198734;
 161.4283613970038;
 -5137.421313524246]
[16388.71256198734;
 161.4283613970038;
 -5137.421313524246]objeto:POINTER
[-218.5555267333984, -218.0955352783203, -230.8929290771484, -203.9208526611328;
 112.8248519897461, 164.1547546386719, 121.9303207397461, 141.3818054199219;
 1102.933959960938, 1112.37841796875, 1089.708129882813, 1125.7265625]centroid:[-219.5576546977479;
 138.764117495026;
 1106.225322967503]
[-219.5576546977479;
 138.764117495026;
 1106.225322967503]objeto:BROCA
[-246.9033660888672, -253.8700408935547, -243.5560607910156;
 -38.89358520507813, -145.7894439697266, 9.420132637023926;
 1075.382446289063, 1052.3134765625, 1085.751098632813]centroid:[18037.0053527467;
 -132.8197006389964;
 -4271.256487563252]
[18037.0053527467;
 -132.8197006389964;
 -4271.256487563252]objeto:POINTER
[-218.5555725097656, -218.0752410888672, -230.8988342285156, -203.9151153564453;
 112.8165435791016, 164.1439819335938, 121.9324645996094, 141.3704528808594;
 1102.9404296875, 1112.31689453125, 1089.720581054688, 1125.670532226563]centroid:[-219.5313889137256;
 138.7492570125018;
 1106.218459873883]
[-219.5313889137256;
 138.7492570125018;
 1106.218459873883]objeto:BROCA
[-246.8949432373047, -253.8583221435547, -243.5553131103516;
 -38.89263153076172, -145.7887725830078, 9.413114547729492;
 1075.353515625, 1052.296264648438, 1085.745849609375]centroid:[19754.62428805977;
 -757.0254360230174;
 -1896.205706015229]
[19754.62428805977;
 -757.0254360230174;
 -1896.205706015229]objeto:POINTER
[-218.5439605712891, -218.0871887207031, -230.8735809326172, -203.9103393554688;
 112.8051605224609, 164.1365814208984, 121.9182586669922, 141.3664245605469;
 1102.897094726563, 1112.34423828125, 1089.638549804688, 1125.648803710938]centroid:[-219.5561474678803;
 138.747844656407;
 1106.175701264851]
[-219.5561474678803;
 138.747844656407;
 1106.175701264851]objeto:BROCA
[-246.8951416015625, -253.8728790283203, -243.5520629882813;
 -38.90003967285156, -145.7962646484375, 9.412363052368164;
 1075.3466796875, 1052.300048828125, 1085.733764648438]centroid:[20051.02449985221;
 -717.5657103061676;
 -2182.833454266191]
[20051.02449985221;
 -717.5657103061676;
 -2182.833454266191]objeto:POINTER
[-218.5584564208984, -218.1048583984375, -230.9074249267578, -203.9173583984375;
 112.8215560913086, 164.1504821777344, 121.9326553344727, 141.3674163818359;
 1102.939086914063, 1112.357666015625, 1089.710327148438, 1125.644165039063]centroid:[-219.5604790194394;
 138.7585424869164;
 1106.222371563794]
[-219.5604790194394;
 138.7585424869164;
 1106.222371563794]objeto:BROCA
[-246.9093017578125, -253.8666229248047, -243.5608825683594;
 -38.89593124389648, -145.7888488769531, 9.416755676269531;
 1075.384155273438, 1052.291259765625, 1085.74267578125]centroid:[16582.38072001934;
 202.7708542060573;
 -5373.488158121705]
[16582.38072001934;
 202.7708542060573;
 -5373.488158121705]objeto:POINTER
[-218.5341796875, -218.0758056640625, -230.8702392578125, -203.8954772949219;
 112.8110961914063, 164.1316833496094, 121.9228897094727, 141.3640594482422;
 1102.868286132813, 1112.308959960938, 1089.638305664063, 1125.605712890625]centroid:[-219.5352714903222;
 138.745322583699;
 1106.159226670051]
[-219.5352714903222;
 138.745322583699;
 1106.159226670051]objeto:BROCA
[-246.9144134521484, -253.8720245361328, -243.5613861083984;
 -38.89421081542969, -145.7914886474609, 9.416426658630371;
 1075.418579101563, 1052.318481445313, 1085.764282226563]centroid:[15487.06381201372;
 390.6401844868669;
 -5911.196227774024]
[15487.06381201372;
 390.6401844868669;
 -5911.196227774024]objeto:POINTER
[-218.5536651611328, -218.0943450927734, -230.9026641845703, -203.9258422851563;
 112.8252868652344, 164.1545257568359, 121.9381790161133, 141.3779296875;
 1102.927490234375, 1112.38623046875, 1089.730102539063, 1125.709838867188]centroid:[-219.5454709379992;
 138.7615290480713;
 1106.242174646455]
[-219.5454709379992;
 138.7615290480713;
 1106.242174646455]objeto:BROCA
[-246.9076690673828, -253.8828430175781, -243.5497131347656;
 -38.88877487182617, -145.7909851074219, 9.419278144836426;
 1075.398193359375, 1052.342651367188, 1085.739624023438]centroid:[16542.3323970437;
 155.705317259999;
 -5166.682576611638]
[16542.3323970437;
 155.705317259999;
 -5166.682576611638]objeto:POINTER
[-218.5421752929688, -218.0851135253906, -230.895263671875, -203.9161987304688;
 112.8206481933594, 164.1494750976563, 121.9367370605469, 141.3743438720703;
 1102.8984375, 1112.340209960938, 1089.70166015625, 1125.664794921875]centroid:[-219.5307776289369;
 138.7551022660242;
 1106.210206611638]
[-219.5307776289369;
 138.7551022660242;
 1106.210206611638]objeto:BROCA
[-246.9078979492188, -253.8727111816406, -243.5472564697266;
 -38.89016723632813, -145.7886352539063, 9.41987133026123;
 1075.399780273438, 1052.3212890625, 1085.720825195313]centroid:[14481.65789309517;
 536.4325314912712;
 -6294.537335336208]
[14481.65789309517;
 536.4325314912712;
 -6294.537335336208]objeto:POINTER
[-218.5420379638672, -218.0969543457031, -230.8927154541016, -203.9157562255859;
 112.8146057128906, 164.1537017822266, 121.9287185668945, 141.3730316162109;
 1102.895141601563, 1112.365234375, 1089.692504882813, 1125.6650390625]centroid:[-219.5415768075592;
 138.7559564844742;
 1106.21413229964]
[-219.5415768075592;
 138.7559564844742;
 1106.21413229964]objeto:BROCA
[-246.9098968505859, -253.8711853027344, -243.5703887939453;
 -38.89351272583008, -145.7895202636719, 9.418798446655273;
 1075.399780273438, 1052.316772460938, 1085.783081054688]centroid:[18881.62097323686;
 -277.3351729906863;
 -3849.20887863636]
[18881.62097323686;
 -277.3351729906863;
 -3849.20887863636]objeto:POINTER
[-218.5557098388672, -218.0879669189453, -230.89013671875, -203.9202880859375;
 112.8167953491211, 164.1397094726563, 121.9259033203125, 141.3713531494141;
 1102.928466796875, 1112.33837890625, 1089.676513671875, 1125.677124023438]centroid:[-219.5592159303007;
 138.7534607263856;
 1106.193906945786]
[-219.5592159303007;
 138.7534607263856;
 1106.193906945786]objeto:BROCA
[-246.9131011962891, -253.8791809082031, -243.5642852783203;
 -38.90036392211914, -145.7965850830078, 9.415885925292969;
 1075.3994140625, 1052.32958984375, 1085.764404296875]centroid:[17690.91452380642;
 -56.71955045277718;
 -4518.71802456677]
[17690.91452380642;
 -56.71955045277718;
 -4518.71802456677]objeto:POINTER
[-218.5498504638672, -218.0823211669922, -230.8774108886719, -203.9142303466797;
 112.8209686279297, 164.1441497802734, 121.9275360107422, 141.3746032714844;
 1102.903076171875, 1112.331298828125, 1089.654174804688, 1125.674194335938]centroid:[-219.5541281408204;
 138.7585325828502;
 1106.176299736934]
[-219.5541281408204;
 138.7585325828502;
 1106.176299736934]objeto:BROCA
[-246.8933258056641, -253.8617553710938, -243.5653533935547;
 -38.89223098754883, -145.7857818603516, 9.422197341918945;
 1075.3583984375, 1052.292602539063, 1085.769165039063]centroid:[21680.76451852173;
 -1085.651598007185;
 -958.515670478344]
[21680.76451852173;
 -1085.651598007185;
 -958.515670478344]objeto:POINTER
[-218.5457611083984, -218.0940704345703, -230.8774108886719, -203.9035491943359;
 112.8140106201172, 164.1502685546875, 121.9246978759766, 141.3625640869141;
 1102.9150390625, 1112.377685546875, 1089.658081054688, 1125.636108398438]centroid:[-219.563425200014;
 138.7600144346226;
 1106.198207896576]
[-219.563425200014;
 138.7600144346226;
 1106.198207896576]objeto:BROCA
[-246.9030151367188, -253.8771667480469, -243.5574951171875;
 -38.89475631713867, -145.7923431396484, 9.414361953735352;
 1075.369384765625, 1052.324951171875, 1085.756225585938]centroid:[19663.8289250657;
 -752.699858606793;
 -1899.7442997545]
[19663.8289250657;
 -752.699858606793;
 -1899.7442997545]objeto:POINTER
[-218.5417633056641, -218.0988159179688, -230.8866577148438, -203.9019317626953;
 112.8121871948242, 164.149658203125, 121.9266586303711, 141.3609771728516;
 1102.905639648438, 1112.380859375, 1089.679077148438, 1125.616577148438]centroid:[-219.5526601522905;
 138.7556778218186;
 1106.212215906894]
[-219.5526601522905;
 138.7556778218186;
 1106.212215906894]objeto:BROCA
[-246.8899078369141, -253.8680114746094, -243.5527496337891;
 -38.89404296875, -145.7938385009766, 9.411344528198242;
 1075.358642578125, 1052.322998046875, 1085.7470703125]centroid:[20877.06519712508;
 -916.696551254252;
 -1510.707043275237]
[20877.06519712508;
 -916.696551254252;
 -1510.707043275237]objeto:POINTER
[-218.5285034179688, -218.0989227294922, -230.8941497802734, -203.9290313720703;
 112.8111953735352, 164.1546936035156, 121.9298324584961, 141.3779907226563;
 1102.873779296875, 1112.3984375, 1089.710693359375, 1125.733276367188]centroid:[-219.5271671037576;
 138.7530606415365;
 1106.234752935416]
[-219.5271671037576;
 138.7530606415365;
 1106.234752935416]objeto:BROCA
[-246.9063873291016, -253.8766174316406, -243.5513763427734;
 -38.90066146850586, -145.7951812744141, 9.410329818725586;
 1075.394897460938, 1052.318359375, 1085.717407226563]centroid:[14931.36419048905;
 591.9527559916023;
 -6691.566744983196]
[14931.36419048905;
 591.9527559916023;
 -6691.566744983196]objeto:POINTER
[-218.5414428710938, -218.1118621826172, -230.8961486816406, -203.9110717773438;
 112.8174057006836, 164.1575775146484, 121.9301300048828, 141.3680877685547;
 1102.900512695313, 1112.422119140625, 1089.719360351563, 1125.664306640625]centroid:[-219.5477788783916;
 138.7597780201688;
 1106.248249858269]
[-219.5477788783916;
 138.7597780201688;
 1106.248249858269]objeto:BROCA
[-246.8993988037109, -253.8781280517578, -243.5500640869141;
 -38.89463043212891, -145.7912902832031, 9.415687561035156;
 1075.37060546875, 1052.340698242188, 1085.725463867188]centroid:[18512.67390555888;
 -211.622504538158;
 -4068.242719501257]
[18512.67390555888;
 -211.622504538158;
 -4068.242719501257]objeto:POINTER
[-218.5450592041016, -218.1003265380859, -230.8976440429688, -203.9112701416016;
 112.8191146850586, 164.1515197753906, 121.9312133789063, 141.3744354248047;
 1102.9111328125, 1112.39013671875, 1089.70947265625, 1125.687866210938]centroid:[-219.5490880591413;
 138.7583039957161;
 1106.229847374656]
[-219.5490880591413;
 138.7583039957161;
 1106.229847374656]objeto:BROCA
[-246.9010925292969, -253.8689880371094, -243.5607299804688;
 -38.89569854736328, -145.7891693115234, 9.420742988586426;
 1075.379516601563, 1052.311401367188, 1085.761352539063]centroid:[19293.04236782715;
 -356.799107940984;
 -3613.947555139661]
[19293.04236782715;
 -356.799107940984;
 -3613.947555139661]objeto:POINTER
[-218.5409545898438, -218.0893707275391, -230.8937835693359, -203.911865234375;
 112.8158187866211, 164.1422119140625, 121.9303512573242, 141.3675231933594;
 1102.910278320313, 1112.351318359375, 1089.718383789063, 1125.663940429688]centroid:[-219.5296549738204;
 138.7482663866206;
 1106.225101578396]
[-219.5296549738204;
 138.7482663866206;
 1106.225101578396]objeto:BROCA
[-246.8936462402344, -253.8655548095703, -243.5478668212891;
 -38.90034484863281, -145.7908325195313, 9.416242599487305;
 1075.37255859375, 1052.307006835938, 1085.739624023438]centroid:[18312.46827708557;
 -87.01146593724843;
 -4571.778499305248]
[18312.46827708557;
 -87.01146593724843;
 -4571.778499305248]objeto:POINTER
[-218.5520477294922, -218.0879364013672, -230.8892059326172, -203.9245910644531;
 112.8134841918945, 164.1390380859375, 121.9255294799805, 141.3617401123047;
 1102.926391601563, 1112.342163085938, 1089.680786132813, 1125.670166015625]centroid:[-219.5537440775148;
 138.7505835400578;
 1106.199753266604]
[-219.5537440775148;
 138.7505835400578;
 1106.199753266604]objeto:BROCA
[-246.9127197265625, -253.8703155517578, -243.569091796875;
 -38.90344619750977, -145.7922515869141, 9.410459518432617;
 1075.394775390625, 1052.307983398438, 1085.769897460938]centroid:[17908.33474670351;
 -87.90162823384162;
 -4429.173779979348]
[17908.33474670351;
 -87.90162823384162;
 -4429.173779979348]objeto:POINTER
[-218.5445861816406, -218.0901336669922, -230.9029388427734, -203.9022064208984;
 112.8131713867188, 164.142333984375, 121.9290008544922, 141.3621368408203;
 1102.898681640625, 1112.344848632813, 1089.73095703125, 1125.611206054688]centroid:[-219.5224781823061;
 138.7445855469379;
 1106.229810249957]
[-219.5224781823061;
 138.7445855469379;
 1106.229810249957]objeto:BROCA
[-246.9019927978516, -253.8767547607422, -243.5615692138672;
 -38.90059661865234, -145.7988586425781, 9.411470413208008;
 1075.36474609375, 1052.329345703125, 1085.746337890625]centroid:[20171.64214166999;
 -713.5937492023222;
 -2236.677413389087]
[20171.64214166999;
 -713.5937492023222;
 -2236.677413389087]objeto:POINTER
[-218.5388488769531, -218.0928802490234, -230.8874816894531, -203.9056091308594;
 112.8087463378906, 164.1467437744141, 121.9248657226563, 141.3661651611328;
 1102.895385742188, 1112.383666992188, 1089.692138671875, 1125.649780273438]centroid:[-219.5403801756909;
 138.7507005926868;
 1106.220207658942]
[-219.5403801756909;
 138.7507005926868;
 1106.220207658942]objeto:BROCA
[-246.8903656005859, -253.8673400878906, -243.5634613037109;
 -38.89944839477539, -145.7960357666016, 9.410797119140625;
 1075.340576171875, 1052.3056640625, 1085.7734375]centroid:[22103.59869410098;
 -2088.579572064104;
 3556.875358462334]
[22103.59869410098;
 -2088.579572064104;
 3556.875358462334]objeto:POINTER
[-218.549560546875, -218.0825653076172, -230.8870849609375, -203.9113159179688;
 112.8154144287109, 164.1474456787109, 121.9204177856445, 141.3685913085938;
 1102.928100585938, 1112.340942382813, 1089.679321289063, 1125.681884765625]centroid:[-219.554633936689;
 138.7567885137633;
 1106.194329180711]
[-219.554633936689;
 138.7567885137633;
 1106.194329180711]objeto:BROCA
[-246.9067077636719, -253.8671722412109, -243.5749206542969;
 -38.89654922485352, -145.7937316894531, 9.413290023803711;
 1075.389282226563, 1052.302856445313, 1085.80078125]centroid:[20607.77289058268;
 -882.2744645595085;
 -1567.191842317581]
[20607.77289058268;
 -882.2744645595085;
 -1567.191842317581]objeto:POINTER
[-218.5455017089844, -218.1042175292969, -230.88525390625, -203.8999176025391;
 112.8140335083008, 164.14892578125, 121.923713684082, 141.3675994873047;
 1102.896240234375, 1112.384521484375, 1089.662109375, 1125.621459960938]centroid:[-219.5643517938774;
 138.7584172417224;
 1106.199699132319]
[-219.5643517938774;
 138.7584172417224;
 1106.199699132319]objeto:BROCA
[-246.9126892089844, -253.8705749511719, -243.5618286132813;
 -38.89993667602539, -145.7918548583984, 9.417438507080078;
 1075.385864257813, 1052.297729492188, 1085.736450195313]centroid:[16099.37441722676;
 294.5753713990562;
 -5654.698357626796]
[16099.37441722676;
 294.5753713990562;
 -5654.698357626796]objeto:POINTER
[-218.5321655273438, -218.0817413330078, -230.8774871826172, -203.9079437255859;
 112.8091506958008, 164.1425476074219, 121.924186706543, 141.3683471679688;
 1102.857666015625, 1112.333862304688, 1089.636596679688, 1125.65087890625]centroid:[-219.5387848049681;
 138.7505844168531;
 1106.166050449248]
[-219.5387848049681;
 138.7505844168531;
 1106.166050449248]objeto:BROCA
[-246.8935394287109, -253.8488616943359, -243.5533905029297;
 -38.89384460449219, -145.7835235595703, 9.419087409973145;
 1075.350952148438, 1052.258178710938, 1085.742919921875]centroid:[18766.1072811;
 -360.3645784204127;
 -3423.163389280438]
[18766.1072811;
 -360.3645784204127;
 -3423.163389280438]objeto:POINTER
[-218.5289764404297, -218.0836334228516, -230.9094848632813, -203.9226379394531;
 112.8146438598633, 164.1487884521484, 121.9341506958008, 141.3743896484375;
 1102.873291015625, 1112.339599609375, 1089.746826171875, 1125.69580078125]centroid:[-219.4995470609135;
 138.745127765089;
 1106.234146126523]
[-219.4995470609135;
 138.745127765089;
 1106.234146126523]objeto:BROCA
[-246.8900299072266, -253.8792724609375, -243.5583648681641;
 -38.89116287231445, -145.7957611083984, 9.415827751159668;
 1075.349731445313, 1052.331420898438, 1085.765258789063]centroid:[22346.82324122638;
 -1888.058392368723;
 2542.35117816925]
[22346.82324122638;
 -1888.058392368723;
 2542.35117816925]objeto:POINTER
[-218.5445404052734, -218.0857849121094, -230.8852691650391, -203.9109344482422;
 112.8212127685547, 164.1490631103516, 121.9362487792969, 141.3808746337891;
 1102.914184570313, 1112.353881835938, 1089.68212890625, 1125.681762695313]centroid:[-219.545461008369;
 138.758961645814;
 1106.204922108312]
[-219.545461008369;
 138.758961645814;
 1106.204922108312]objeto:BROCA
[-246.9073791503906, -253.8713531494141, -243.5607604980469;
 -38.88806915283203, -145.7862701416016, 9.418272972106934;
 1075.388793945313, 1052.306396484375, 1085.762084960938]centroid:[17968.97952592;
 -144.8404941534391;
 -4189.796464622021]
[17968.97952592;
 -144.8404941534391;
 -4189.796464622021]objeto:POINTER
[-218.5382537841797, -218.0895080566406, -230.9030303955078, -203.8966827392578;
 112.8169784545898, 164.1513061523438, 121.9376907348633, 141.3651275634766;
 1102.888671875, 1112.357177734375, 1089.725219726563, 1125.5947265625]centroid:[-219.5195530923198;
 138.751397484757;
 1106.231118640649]
[-219.5195530923198;
 138.751397484757;
 1106.231118640649]objeto:BROCA
[-246.9039001464844, -253.8677825927734, -243.5712890625;
 -38.89424896240234, -145.7864532470703, 9.420023918151855;
 1075.37744140625, 1052.298950195313, 1085.776977539063]centroid:[20420.40124291927;
 -646.5161711045075;
 -2606.759487181902]
[20420.40124291927;
 -646.5161711045075;
 -2606.759487181902]objeto:POINTER
[-218.5375061035156, -218.0763244628906, -230.8907928466797, -203.9085235595703;
 112.8073196411133, 164.1384582519531, 121.9274139404297, 141.3721313476563;
 1102.878173828125, 1112.321533203125, 1089.68212890625, 1125.646606445313]centroid:[-219.5223075370706;
 138.7426553148947;
 1106.192843814348]
[-219.5223075370706;
 138.7426553148947;
 1106.192843814348]objeto:BROCA
[-246.9017639160156, -253.8668212890625, -243.5473022460938;
 -38.89257431030273, -145.7882232666016, 9.417994499206543;
 1075.374145507813, 1052.306274414063, 1085.71484375]centroid:[16103.50387414172;
 268.3661254701437;
 -5545.513844743371]
[16103.50387414172;
 268.3661254701437;
 -5545.513844743371]objeto:POINTER
[-218.5263671875, -218.0872344970703, -230.8930358886719, -203.9136505126953;
 112.8102264404297, 164.1471405029297, 121.9315338134766, 141.3715209960938;
 1102.842407226563, 1112.357543945313, 1089.707885742188, 1125.677490234375]centroid:[-219.5055649611586;
 138.7449797961151;
 1106.2185540259]
[-219.5055649611586;
 138.7449797961151;
 1106.2185540259]objeto:BROCA
[-246.9055328369141, -253.8657684326172, -243.5483245849609;
 -38.90049743652344, -145.7903137207031, 9.416134834289551;
 1075.387329101563, 1052.311401367188, 1085.739013671875]centroid:[16136.24457959831;
 154.8592171806376;
 -5023.813299998641]
[16136.24457959831;
 154.8592171806376;
 -5023.813299998641]objeto:POINTER
[-218.5457305908203, -218.0724182128906, -230.8964385986328, -203.9085693359375;
 112.8214797973633, 164.1421661376953, 121.9331741333008, 141.3681793212891;
 1102.916748046875, 1112.306640625, 1089.713745117188, 1125.642333984375]centroid:[-219.5245794880207;
 138.7505317218568;
 1106.204329556727]
[-219.5245794880207;
 138.7505317218568;
 1106.204329556727]objeto:BROCA
[-246.9034729003906, -253.8757171630859, -243.5533447265625;
 -38.89608001708984, -145.7922058105469, 9.414181709289551;
 1075.380493164063, 1052.329345703125, 1085.725219726563]centroid:[17210.06202046946;
 136.0479929669527;
 -5276.513530150056]
[17210.06202046946;
 136.0479929669527;
 -5276.513530150056]objeto:POINTER
[-218.5569763183594, -218.0912628173828, -230.8977355957031, -203.9196472167969;
 112.8226623535156, 164.1504211425781, 121.9350051879883, 141.3728485107422;
 1102.940673828125, 1112.354736328125, 1089.705078125, 1125.691528320313]centroid:[-219.5538513241552;
 138.7596892922597;
 1106.219273029612]
[-219.5538513241552;
 138.7596892922597;
 1106.219273029612]objeto:BROCA
[-246.9094085693359, -253.8794555664063, -243.5687408447266;
 -38.89340209960938, -145.7896118164063, 9.418726921081543;
 1075.39306640625, 1052.337890625, 1085.784301757813]centroid:[19952.21611423418;
 -724.0542289275909;
 -2114.832877919078]
[19952.21611423418;
 -724.0542289275909;
 -2114.832877919078]objeto:POINTER
[-218.5615234375, -218.083251953125, -230.8910064697266, -203.9123077392578;
 112.8273239135742, 164.1511993408203, 121.9346694946289, 141.3786010742188;
 1102.9404296875, 1112.342651367188, 1089.6845703125, 1125.65966796875]centroid:[-219.5610207866155;
 138.7649055867359;
 1106.199890477362]
[-219.5610207866155;
 138.7649055867359;
 1106.199890477362]objeto:BROCA
[-246.8992156982422, -253.8748016357422, -243.5612030029297;
 -38.89207077026367, -145.7861480712891, 9.419038772583008;
 1075.358154296875, 1052.322998046875, 1085.749389648438]centroid:[20749.40466130152;
 -944.0454526955727;
 -1343.06681202352]
[20749.40466130152;
 -944.0454526955727;
 -1343.06681202352]objeto:POINTER
[-218.5263977050781, -218.075927734375, -230.8922119140625, -203.9126586914063;
 112.8211212158203, 164.1511993408203, 121.9384231567383, 141.370849609375;
 1102.8818359375, 1112.326538085938, 1089.708862304688, 1125.684936523438]centroid:[-219.510115159965;
 138.7536556747143;
 1106.20806433708]
[-219.510115159965;
 138.7536556747143;
 1106.20806433708]objeto:BROCA
[-246.9023284912109, -253.8701477050781, -243.5610961914063;
 -38.89404296875, -145.7891845703125, 9.417891502380371;
 1075.376586914063, 1052.32861328125, 1085.778442382813]centroid:[20126.16527796164;
 -1036.622644871823;
 -716.8277012854815]
[20126.16527796164;
 -1036.622644871823;
 -716.8277012854815]objeto:POINTER
[-218.5553283691406, -218.0806274414063, -230.8814086914063, -203.9071197509766;
 112.8236083984375, 164.1532897949219, 121.9289932250977, 141.3732452392578;
 1102.94384765625, 1112.341552734375, 1089.655395507813, 1125.650024414063]centroid:[-219.5701390727041;
 138.7675138013368;
 1106.181715816992]
[-219.5701390727041;
 138.7675138013368;
 1106.181715816992]objeto:BROCA
[-246.8959350585938, -253.8706359863281, -243.5532989501953;
 -38.8910026550293, -145.787109375, 9.418535232543945;
 1075.365844726563, 1052.325927734375, 1085.735717773438]centroid:[19424.86778347939;
 -413.2284566244343;
 -3403.495046749711]
[19424.86778347939;
 -413.2284566244343;
 -3403.495046749711]objeto:POINTER
[-218.5313262939453, -218.0959625244141, -230.8800811767578, -203.9068908691406;
 112.8195114135742, 164.1470336914063, 121.9325332641602, 141.3678894042969;
 1102.87451171875, 1112.362548828125, 1089.676391601563, 1125.65869140625]centroid:[-219.5366949719416;
 138.7556326388454;
 1106.201261733945]
[-219.5366949719416;
 138.7556326388454;
 1106.201261733945]objeto:BROCA
[-246.8930816650391, -253.8706817626953, -243.5590209960938;
 -38.8939208984375, -145.7886352539063, 9.420790672302246;
 1075.36376953125, 1052.334838867188, 1085.75927734375]centroid:[21471.55318950489;
 -1118.865729076322;
 -752.8628529757261]
[21471.55318950489;
 -1118.865729076322;
 -752.8628529757261]objeto:POINTER
[-218.5421600341797, -218.0823211669922, -230.8920440673828, -203.9073028564453;
 112.8130416870117, 164.1461181640625, 121.9386291503906, 141.3753662109375;
 1102.877319335938, 1112.3310546875, 1089.704956054688, 1125.653198242188]centroid:[-219.5125046609349;
 138.7459232568686;
 1106.216344635913]
[-219.5125046609349;
 138.7459232568686;
 1106.216344635913]objeto:BROCA
[-246.9070892333984, -253.8727569580078, -243.5597076416016;
 -38.89109802246094, -145.7855072021484, 9.415788650512695;
 1075.38427734375, 1052.320068359375, 1085.7490234375]centroid:[17940.32678052783;
 -129.8563345691655;
 -4256.079694435]
[17940.32678052783;
 -129.8563345691655;
 -4256.079694435]objeto:POINTER
[-218.5445556640625, -218.0972747802734, -230.9050140380859, -203.9370880126953;
 112.8255996704102, 164.1519622802734, 121.9400482177734, 141.3836212158203;
 1102.912475585938, 1112.352905273438, 1089.729858398438, 1125.736694335938]centroid:[-219.5330609246791;
 138.757086614751;
 1106.231378903052]
[-219.5330609246791;
 138.757086614751;
 1106.231378903052]objeto:BROCA
[-246.9073638916016, -253.8732147216797, -243.5686645507813;
 -38.8887825012207, -145.7876586914063, 9.419677734375;
 1075.390625, 1052.323974609375, 1085.780151367188]centroid:[19728.65823226422;
 -590.6401910164859;
 -2660.270375087857]
[19728.65823226422;
 -590.6401910164859;
 -2660.270375087857]objeto:POINTER
[-218.5342407226563, -218.0827331542969, -230.8939819335938, -203.9157562255859;
 112.8137893676758, 164.14697265625, 121.9317474365234, 141.3771057128906;
 1102.8662109375, 1112.331787109375, 1089.687133789063, 1125.674072265625]centroid:[-219.5216388553617;
 138.7496420305194;
 1106.196625020529]
[-219.5216388553617;
 138.7496420305194;
 1106.196625020529]objeto:BROCA
[-246.9107666015625, -253.8729095458984, -243.5624542236328;
 -38.89279556274414, -145.7855224609375, 9.420548439025879;
 1075.39599609375, 1052.299438476563, 1085.763793945313]centroid:[17132.75277311727;
 95.80885746912099;
 -5046.828795060515]
[17132.75277311727;
 95.80885746912099;
 -5046.828795060515]objeto:POINTER
[-218.5409088134766, -218.0966644287109, -230.8856506347656, -203.9092254638672;
 112.8144378662109, 164.1487426757813, 121.9292831420898, 141.3702239990234;
 1102.896728515625, 1112.392578125, 1089.668701171875, 1125.661865234375]centroid:[-219.5567051096692;
 138.758262776531;
 1106.206882825218]
[-219.5567051096692;
 138.758262776531;
 1106.206882825218]objeto:BROCA
[-246.9072265625, -253.8709259033203, -243.5569763183594;
 -38.8920783996582, -145.7915191650391, 9.418874740600586;
 1075.39453125, 1052.311889648438, 1085.749633789063]centroid:[16748.24305993319;
 170.8484856900759;
 -5283.265120074153]
[16748.24305993319;
 170.8484856900759;
 -5283.265120074153]objeto:POINTER
[-218.5465850830078, -218.1074066162109, -230.8924407958984, -203.9196319580078;
 112.8151626586914, 164.1535491943359, 121.9312286376953, 141.3726043701172;
 1102.9208984375, 1112.40234375, 1089.701782226563, 1125.695434570313]centroid:[-219.5554712969754;
 138.7581938357463;
 1106.235796652089]
[-219.5554712969754;
 138.7581938357463;
 1106.235796652089]objeto:BROCA
[-246.9127502441406, -253.8669586181641, -243.5646057128906;
 -38.89735794067383, -145.7921600341797, 9.41356372833252;
 1075.415283203125, 1052.308959960938, 1085.76953125]centroid:[15969.18674236163;
 343.4996708648978;
 -5833.982152238488]
[15969.18674236163;
 343.4996708648978;
 -5833.982152238488]objeto:POINTER
[-218.5548858642578, -218.0989074707031, -230.8985595703125, -203.9272155761719;
 112.8158721923828, 164.1522674560547, 121.9306716918945, 141.3796997070313;
 1102.925903320313, 1112.375854492188, 1089.720458984375, 1125.719360351563]centroid:[-219.5453876574616;
 138.7549290821979;
 1106.238243843753]
[-219.5453876574616;
 138.7549290821979;
 1106.238243843753]objeto:BROCA
[-246.9118194580078, -253.8760070800781, -243.5617980957031;
 -38.8943977355957, -145.7927551269531, 9.418850898742676;
 1075.400146484375, 1052.326416015625, 1085.762573242188]centroid:[17349.03779422119;
 -7.838842093129642;
 -4639.55610832572]
[17349.03779422119;
 -7.838842093129642;
 -4639.55610832572]objeto:POINTER
[-218.5372619628906, -218.0800323486328, -230.8904113769531, -203.9131927490234;
 112.8144149780273, 164.1490173339844, 121.9304122924805, 141.3752899169922;
 1102.880981445313, 1112.329956054688, 1089.697143554688, 1125.67236328125]centroid:[-219.5199446525894;
 138.7504133456512;
 1106.204298480769]
[-219.5199446525894;
 138.7504133456512;
 1106.204298480769]objeto:BROCA
[-246.8913269042969, -253.8640289306641, -243.5595550537109;
 -38.8945198059082, -145.7881164550781, 9.415543556213379;
 1075.356201171875, 1052.301879882813, 1085.769897460938]centroid:[21551.79115338624;
 -1311.452704667579;
 122.3645014613867]
[21551.79115338624;
 -1311.452704667579;
 122.3645014613867]objeto:POINTER
[-218.5623626708984, -218.0852203369141, -230.891357421875, -203.9121704101563;
 112.827392578125, 164.1526031494141, 121.9338989257813, 141.3776397705078;
 1102.965576171875, 1112.350952148438, 1089.6884765625, 1125.6787109375]centroid:[-219.5694480692433;
 138.7670617742989;
 1106.206430147036]
[-219.5694480692433;
 138.7670617742989;
 1106.206430147036]objeto:BROCA
[-246.8942718505859, -253.8677978515625, -243.5541076660156;
 -38.89398574829102, -145.7896118164063, 9.424190521240234;
 1075.356567382813, 1052.31005859375, 1085.736328125]centroid:[19882.78491570428;
 -517.9312748726225;
 -3054.165799707174]
[19882.78491570428;
 -517.9312748726225;
 -3054.165799707174]objeto:POINTER
[-218.5666046142578, -218.0999603271484, -230.8970794677734, -203.9193267822266;
 112.8250579833984, 164.1520385742188, 121.9293060302734, 141.3739929199219;
 1102.940795898438, 1112.379516601563, 1089.6943359375, 1125.658081054688]centroid:[-219.5741476652609;
 138.765307367088;
 1106.21651085282]
[-219.5741476652609;
 138.765307367088;
 1106.21651085282]objeto:BROCA
[-246.9100189208984, -253.8764495849609, -243.5635833740234;
 -38.89306259155273, -145.7907257080078, 9.420486450195313;
 1075.3857421875, 1052.324584960938, 1085.747924804688]centroid:[17955.68073613569;
 -77.64222764305305;
 -4504.066286191344]
[17955.68073613569;
 -77.64222764305305;
 -4504.066286191344]objeto:POINTER
[-218.5504455566406, -218.0937042236328, -230.8940582275391, -203.9101867675781;
 112.8147354125977, 164.1571807861328, 121.9307632446289, 141.3725128173828;
 1102.934692382813, 1112.391357421875, 1089.716430664063, 1125.672119140625]centroid:[-219.5470076033588;
 138.7586571953764;
 1106.241639986566]
[-219.5470076033588;
 138.7586571953764;
 1106.241639986566]objeto:BROCA
[-246.8952789306641, -253.87109375, -243.5625915527344;
 -38.89212799072266, -145.7929382324219, 9.419370651245117;
 1075.377807617188, 1052.33447265625, 1085.798461914063]centroid:[21610.21875359863;
 -1624.277594019892;
 1552.916785880923]
[21610.21875359863;
 -1624.277594019892;
 1552.916785880923]objeto:POINTER
[-218.552490234375, -218.1020050048828, -230.8981781005859, -203.9023132324219;
 112.8188705444336, 164.1516265869141, 121.9372253417969, 141.3709716796875;
 1102.917236328125, 1112.391723632813, 1089.697143554688, 1125.641967773438]centroid:[-219.5565877460951;
 138.7593683953117;
 1106.227750877616]
[-219.5565877460951;
 138.7593683953117;
 1106.227750877616]objeto:BROCA
[-246.9065246582031, -253.8768157958984, -243.5481719970703;
 -38.8901252746582, -145.7890319824219, 9.419548034667969;
 1075.3896484375, 1052.3330078125, 1085.707885742188]centroid:[15084.09502195194;
 488.1410743560409;
 -6263.250483542681]
[15084.09502195194;
 488.1410743560409;
 -6263.250483542681]objeto:POINTER
[-218.5513458251953, -218.0955505371094, -230.8910217285156, -203.9202270507813;
 112.8225631713867, 164.1579895019531, 121.9360198974609, 141.3796234130859;
 1102.910400390625, 1112.371337890625, 1089.68310546875, 1125.690673828125]centroid:[-219.5544776500245;
 138.7647127809668;
 1106.211072734379]
[-219.5544776500245;
 138.7647127809668;
 1106.211072734379]objeto:BROCA
[-246.8975677490234, -253.8667755126953, -243.5497436523438;
 -38.88971710205078, -145.7819671630859, 9.42609691619873;
 1075.36669921875, 1052.29248046875, 1085.730102539063]centroid:[17674.7893278487;
 29.42012714745943;
 -4914.22823253274]
[17674.7893278487;
 29.42012714745943;
 -4914.22823253274]objeto:POINTER
[-218.5519104003906, -218.0976867675781, -230.8791961669922, -203.9158935546875;
 112.8252029418945, 164.156005859375, 121.9304809570313, 141.3775634765625;
 1102.932861328125, 1112.390869140625, 1089.67431640625, 1125.67138671875]centroid:[-219.5706751767888;
 138.7690604182465;
 1106.210453410519]
[-219.5706751767888;
 138.7690604182465;
 1106.210453410519]objeto:BROCA
[-246.907470703125, -253.8689575195313, -243.557861328125;
 -38.89258575439453, -145.7906646728516, 9.415353775024414;
 1075.402587890625, 1052.320068359375, 1085.7490234375]centroid:[16271.45432959497;
 295.1320251746802;
 -5713.422135069966]
[16271.45432959497;
 295.1320251746802;
 -5713.422135069966]objeto:POINTER
[-218.5523681640625, -218.0926971435547, -230.9004058837891, -203.9060516357422;
 112.8193359375, 164.1461181640625, 121.9336242675781, 141.3693237304688;
 1102.917114257813, 1112.347412109375, 1089.716918945313, 1125.623291015625]centroid:[-219.5386606850378;
 138.7524387976475;
 1106.223567775318]
[-219.5386606850378;
 138.7524387976475;
 1106.223567775318]objeto:BROCA
[-246.9034729003906, -253.8605499267578, -243.5711364746094;
 -38.89802551269531, -145.7866668701172, 9.419849395751953;
 1075.37109375, 1052.281494140625, 1085.774536132813]centroid:[20084.0012062937;
 -595.2336008321727;
 -2735.048907592893]
[20084.0012062937;
 -595.2336008321727;
 -2735.048907592893]objeto:POINTER
[-218.5460052490234, -218.1031036376953, -230.896484375, -203.9137115478516;
 112.8203048706055, 164.1541595458984, 121.9381942749023, 141.3707885742188;
 1102.924072265625, 1112.399658203125, 1089.723022460938, 1125.673583984375]centroid:[-219.5450588358893;
 138.7588150591213;
 1106.247616941431]
[-219.5450588358893;
 138.7588150591213;
 1106.247616941431]objeto:BROCA
[-246.9133453369141, -253.8636474609375, -243.5661773681641;
 -38.89218902587891, -145.7932586669922, 9.417930603027344;
 1075.4111328125, 1052.302612304688, 1085.787841796875]centroid:[17067.71816105768;
 -17.4895825793501;
 -4491.148447215557]
[17067.71816105768;
 -17.4895825793501;
 -4491.148447215557]objeto:POINTER
[-218.5385437011719, -218.080322265625, -230.8984069824219, -203.9111175537109;
 112.8215789794922, 164.1566162109375, 121.9467391967773, 141.3805084228516;
 1102.894897460938, 1112.331176757813, 1089.73828125, 1125.671142578125]centroid:[-219.5019797898552;
 138.7527194251704;
 1106.236797011175]
[-219.5019797898552;
 138.7527194251704;
 1106.236797011175]objeto:BROCA
[-246.88916015625, -253.863525390625, -243.5524749755859;
 -38.88555908203125, -145.7839508056641, 9.426663398742676;
 1075.360229492188, 1052.317260742188, 1085.757446289063]centroid:[20891.96713409573;
 -1009.719820674043;
 -1079.437051296234]
[20891.96713409573;
 -1009.719820674043;
 -1079.437051296234]objeto:POINTER
[-218.5525970458984, -218.0897827148438, -230.8948364257813, -203.9110565185547;
 112.8272094726563, 164.1534729003906, 121.9385681152344, 141.3795623779297;
 1102.935424804688, 1112.348266601563, 1089.705322265625, 1125.667358398438]centroid:[-219.5487126663294;
 138.7627802652075;
 1106.216647545862]
[-219.5487126663294;
 138.7627802652075;
 1106.216647545862]objeto:BROCA
[-246.9054107666016, -253.8764495849609, -243.563720703125;
 -38.8899040222168, -145.7866668701172, 9.421621322631836;
 1075.371826171875, 1052.334350585938, 1085.772094726563]centroid:[20275.49378870055;
 -1118.163436095812;
 -387.2326080203056]
[20275.49378870055;
 -1118.163436095812;
 -387.2326080203056]objeto:POINTER
[-218.5401306152344, -218.0992431640625, -230.87744140625, -203.9197540283203;
 112.8227462768555, 164.1660614013672, 121.9314041137695, 141.3865051269531;
 1102.913818359375, 1112.402954101563, 1089.655029296875, 1125.697387695313]centroid:[-219.570014535778;
 138.7742269754305;
 1106.202427113274]
[-219.570014535778;
 138.7742269754305;
 1106.202427113274]objeto:BROCA
[-246.9028778076172, -253.8604583740234, -243.5576477050781;
 -38.88555908203125, -145.7835845947266, 9.42637825012207;
 1075.413208007813, 1052.334716796875, 1085.768676757813]centroid:[17002.98301524669;
 157.8686895398423;
 -5296.50324344635]
[17002.98301524669;
 157.8686895398423;
 -5296.50324344635]objeto:POINTER
[-218.5561676025391, -218.0925598144531, -230.8844604492188, -203.9223785400391;
 112.8290863037109, 164.1627960205078, 121.9352645874023, 141.3847351074219;
 1102.949340820313, 1112.3701171875, 1089.691772460938, 1125.705078125]centroid:[-219.5633671471882;
 138.7719067376233;
 1106.216968389297]
[-219.5633671471882;
 138.7719067376233;
 1106.216968389297]objeto:BROCA
[-246.9019927978516, -253.8760833740234, -243.5576477050781;
 -38.88766479492188, -145.7903747558594, 9.426017761230469;
 1075.385986328125, 1052.344604492188, 1085.757080078125]centroid:[19263.75454581901;
 -425.7356751395855;
 -3295.786379769444]
[19263.75454581901;
 -425.7356751395855;
 -3295.786379769444]objeto:POINTER
[-218.5408782958984, -218.0829315185547, -230.8872833251953, -203.9205932617188;
 112.8252639770508, 164.149658203125, 121.9399642944336, 141.3840179443359;
 1102.90234375, 1112.322875976563, 1089.704345703125, 1125.696899414063]centroid:[-219.5239029338655;
 138.7559519308314;
 1106.208750840468]
[-219.5239029338655;
 138.7559519308314;
 1106.208750840468]objeto:BROCA
[-246.9064331054688, -253.8688201904297, -243.5609436035156;
 -38.89059829711914, -145.7799682617188, 9.424579620361328;
 1075.400024414063, 1052.314208984375, 1085.760864257813]centroid:[17190.43095172197;
 166.9273330022115;
 -5396.479889199138]
[17190.43095172197;
 166.9273330022115;
 -5396.479889199138]objeto:POINTER
[-218.5410766601563, -218.0844116210938, -230.8785400390625, -203.9107971191406;
 112.820915222168, 164.1502990722656, 121.9308700561523, 141.3843841552734;
 1102.890747070313, 1112.33056640625, 1089.650146484375, 1125.673706054688]centroid:[-219.5482153801003;
 138.7607397552003;
 1106.174380233347]
[-219.5482153801003;
 138.7607397552003;
 1106.174380233347]objeto:BROCA
[-246.9113922119141, -253.8766174316406, -243.5705718994141;
 -38.8919563293457, -145.7900238037109, 9.421882629394531;
 1075.401977539063, 1052.32421875, 1085.7861328125]centroid:[19068.16031258553;
 -341.2556587212021;
 -3613.782841488719]
[19068.16031258553;
 -341.2556587212021;
 -3613.782841488719]objeto:POINTER
[-218.5597229003906, -218.1057434082031, -230.8800201416016, -203.9209747314453;
 112.8320922851563, 164.1623077392578, 121.934814453125, 141.3878784179688;
 1102.9423828125, 1112.402954101563, 1089.657348632813, 1125.686767578125]centroid:[-219.5909731691908;
 138.7791198104657;
 1106.203434898329]
[-219.5909731691908;
 138.7791198104657;
 1106.203434898329]objeto:BROCA
[-246.9045257568359, -253.8699493408203, -243.5578002929688;
 -38.88052749633789, -145.7792358398438, 9.427898406982422;
 1075.377807617188, 1052.307861328125, 1085.757202148438]centroid:[18525.60392282158;
 -363.3473303703358;
 -3349.31509667635]
[18525.60392282158;
 -363.3473303703358;
 -3349.31509667635]objeto:POINTER
[-218.5729217529297, -218.1021118164063, -230.8865203857422, -203.9095611572266;
 112.8313522338867, 164.1609802246094, 121.9315414428711, 141.3756713867188;
 1102.987426757813, 1112.380126953125, 1089.660888671875, 1125.66259765625]centroid:[-219.6045109153752;
 138.7792524473978;
 1106.200263430051]
[-219.6045109153752;
 138.7792524473978;
 1106.200263430051]objeto:BROCA
[-246.9109344482422, -253.8831787109375, -243.5661010742188;
 -38.88552474975586, -145.7819976806641, 9.420375823974609;
 1075.392578125, 1052.328247070313, 1085.755126953125]centroid:[18269.17943925038;
 -64.73365812015254;
 -4662.443304196]
[18269.17943925038;
 -64.73365812015254;
 -4662.443304196]objeto:POINTER
[-218.552978515625, -218.1015472412109, -230.892822265625, -203.928466796875;
 112.8280487060547, 164.1590118408203, 121.9350051879883, 141.3794403076172;
 1102.931518554688, 1112.39599609375, 1089.697998046875, 1125.713500976563]centroid:[-219.5657623734952;
 138.7697578474687;
 1106.224699546569]
[-219.5657623734952;
 138.7697578474687;
 1106.224699546569]objeto:BROCA
[-246.9024505615234, -253.8657989501953, -243.5553283691406;
 -38.89230346679688, -145.7846527099609, 9.42304515838623;
 1075.370971679688, 1052.284057617188, 1085.7509765625]centroid:[18072.10890223458;
 -185.6622081679525;
 -4030.413717836142]
[18072.10890223458;
 -185.6622081679525;
 -4030.413717836142]objeto:POINTER
[-218.5317840576172, -218.0707702636719, -230.8780212402344, -203.9177093505859;
 112.8123550415039, 164.1385498046875, 121.9243850708008, 141.37646484375;
 1102.864135742188, 1112.29736328125, 1089.650512695313, 1125.676879882813]centroid:[-219.5257268183899;
 138.7473924955201;
 1106.160963878064]
[-219.5257268183899;
 138.7473924955201;
 1106.160963878064]objeto:BROCA
[-246.9093475341797, -253.8702545166016, -243.5561981201172;
 -38.89659118652344, -145.7865295410156, 9.413870811462402;
 1075.382080078125, 1052.300659179688, 1085.728393554688]centroid:[16024.80305976048;
 282.1691131673288;
 -5578.796755045652]
[16024.80305976048;
 282.1691131673288;
 -5578.796755045652]objeto:POINTER
[-218.5421600341797, -218.0953369140625, -230.8983917236328, -203.9190826416016;
 112.8183822631836, 164.1560363769531, 121.9353256225586, 141.3774108886719;
 1102.901123046875, 1112.383666992188, 1089.729614257813, 1125.695068359375]centroid:[-219.528985035638;
 138.7561267117497;
 1106.243527116644]
[-219.528985035638;
 138.7561267117497;
 1106.243527116644]objeto:BROCA
[-246.9063568115234, -253.869140625, -243.5571441650391;
 -38.89156723022461, -145.7865600585938, 9.416362762451172;
 1075.392456054688, 1052.321899414063, 1085.765747070313]centroid:[17951.73435901478;
 -247.4463629325619;
 -3710.940814986825]
[17951.73435901478;
 -247.4463629325619;
 -3710.940814986825]objeto:POINTER
[-218.5567474365234, -218.0910491943359, -230.8978881835938, -203.9157867431641;
 112.8205947875977, 164.1507720947266, 121.9349594116211, 141.3737182617188;
 1102.9365234375, 1112.365600585938, 1089.738891601563, 1125.676147460938]centroid:[-219.5361365160546;
 138.7547006758031;
 1106.246453167698]
[-219.5361365160546;
 138.7547006758031;
 1106.246453167698]objeto:BROCA
[-246.9009399414063, -253.8780212402344, -243.565185546875;
 -38.8945198059082, -145.7923736572266, 9.419195175170898;
 1075.372314453125, 1052.3427734375, 1085.788330078125]centroid:[21333.52732772753;
 -1623.408931156388;
 1631.601037532091]
[21333.52732772753;
 -1623.408931156388;
 1631.601037532091]objeto:POINTER
[-218.5436706542969, -218.0944061279297, -230.8972320556641, -203.9051055908203;
 112.8145294189453, 164.1550750732422, 121.9373245239258, 141.3663024902344;
 1102.8857421875, 1112.371948242188, 1089.7177734375, 1125.619506835938]centroid:[-219.5237638061263;
 138.7526443323913;
 1106.236305521887]
[-219.5237638061263;
 138.7526443323913;
 1106.236305521887]objeto:BROCA
[-246.8931732177734, -253.8585662841797, -243.5662078857422;
 -38.8895378112793, -145.7857971191406, 9.42241096496582;
 1075.349731445313, 1052.286010742188, 1085.774169921875]centroid:[21773.45004544407;
 -1482.694984616013;
 856.5396056771278]
[21773.45004544407;
 -1482.694984616013;
 856.5396056771278]objeto:POINTER
[-218.5442657470703, -218.0988159179688, -230.8858032226563, -203.9146270751953;
 112.8229217529297, 164.1566619873047, 121.9316024780273, 141.3791656494141;
 1102.905151367188, 1112.373168945313, 1089.6806640625, 1125.677490234375]centroid:[-219.5542836289158;
 138.7645087718386;
 1106.207696717241]
[-219.5542836289158;
 138.7645087718386;
 1106.207696717241]objeto:BROCA
[-246.8899993896484, -253.8627471923828, -243.5484313964844;
 -38.88945770263672, -145.7855529785156, 9.424319267272949;
 1075.36181640625, 1052.314819335938, 1085.743774414063]centroid:[19792.64269461483;
 -589.2369182961993;
 -2695.363365143538]
[19792.64269461483;
 -589.2369182961993;
 -2695.363365143538]objeto:POINTER
[-218.552001953125, -218.0908660888672, -230.8791046142578, -203.8985748291016;
 112.8148193359375, 164.1434783935547, 121.9173889160156, 141.3628692626953;
 1102.897705078125, 1112.32958984375, 1089.645263671875, 1125.600708007813]centroid:[-219.5619706775754;
 138.7556833147282;
 1106.169388238519]
[-219.5619706775754;
 138.7556833147282;
 1106.169388238519]objeto:BROCA
[-246.9136047363281, -253.8821105957031, -243.554443359375;
 -38.89608764648438, -145.7905578613281, 9.415189743041992;
 1075.391967773438, 1052.322143554688, 1085.720581054688]centroid:[15222.00005251169;
 429.4527039652457;
 -6027.510601967573]
[15222.00005251169;
 429.4527039652457;
 -6027.510601967573]objeto:POINTER
[-218.5408477783203, -218.0921173095703, -230.9013366699219, -203.9214782714844;
 112.8170166015625, 164.1522216796875, 121.9388275146484, 141.3847045898438;
 1102.879760742188, 1112.358154296875, 1089.724731445313, 1125.694458007813]centroid:[-219.5172709299055;
 138.7510126932752;
 1106.233011974467]
[-219.5172709299055;
 138.7510126932752;
 1106.233011974467]objeto:BROCA
[-246.8937835693359, -253.8647308349609, -243.5572052001953;
 -38.89204406738281, -145.7873077392578, 9.42509651184082;
 1075.34326171875, 1052.292236328125, 1085.754028320313]centroid:[20920.48966857791;
 -1213.5529581476;
 -139.1058060675859]
[20920.48966857791;
 -1213.5529581476;
 -139.1058060675859]objeto:POINTER
[-218.5418853759766, -218.0677032470703, -230.8946990966797, -203.9049682617188;
 112.8223342895508, 164.1443176269531, 121.938591003418, 141.3709716796875;
 1102.887451171875, 1112.284301757813, 1089.6904296875, 1125.6103515625]centroid:[-219.5170106479912;
 138.7513840102315;
 1106.183017130914]
[-219.5170106479912;
 138.7513840102315;
 1106.183017130914]objeto:BROCA
[-246.89794921875, -253.8690795898438, -243.5533294677734;
 -38.88955688476563, -145.7812347412109, 9.424254417419434;
 1075.368896484375, 1052.31787109375, 1085.740112304688]centroid:[18915.71438065171;
 -316.0470457707997;
 -3695.010144501925]
[18915.71438065171;
 -316.0470457707997;
 -3695.010144501925]objeto:POINTER
[-218.5365295410156, -218.0934295654297, -230.8643188476563, -203.9009552001953;
 112.8205947875977, 164.1573638916016, 121.9257431030273, 141.3688354492188;
 1102.8525390625, 1112.348388671875, 1089.593872070313, 1125.601318359375]centroid:[-219.5659434084065;
 138.7694219640755;
 1106.142698972483]
[-219.5659434084065;
 138.7694219640755;
 1106.142698972483]objeto:BROCA
[-246.8897705078125, -253.8503570556641, -243.551513671875;
 -38.88722610473633, -145.7735900878906, 9.424290657043457;
 1075.33544921875, 1052.272827148438, 1085.726684570313]centroid:[19652.86632874608;
 -628.4901480787667;
 -2458.346731022]
[19652.86632874608;
 -628.4901480787667;
 -2458.346731022]objeto:POINTER
[-218.5531158447266, -218.0979766845703, -230.8918762207031, -203.9188232421875;
 112.8189010620117, 164.1498107910156, 121.9309158325195, 141.370849609375;
 1102.920288085938, 1112.357421875, 1089.685546875, 1125.674926757813]centroid:[-219.5563191932839;
 138.7581989879585;
 1106.208713073876]
[-219.5563191932839;
 138.7581989879585;
 1106.208713073876]objeto:BROCA
[-246.9138336181641, -253.8657073974609, -243.5716400146484;
 -38.89986038208008, -145.7866058349609, 9.414530754089355;
 1075.4013671875, 1052.300659179688, 1085.794555664063]centroid:[18351.53484774008;
 -312.0155350313289;
 -3517.747721478343]
[18351.53484774008;
 -312.0155350313289;
 -3517.747721478343]objeto:POINTER
[-218.5572967529297, -218.095947265625, -230.9022064208984, -203.9273071289063;
 112.8136215209961, 164.1407470703125, 121.9291534423828, 141.3728485107422;
 1102.936767578125, 1112.343872070313, 1089.712646484375, 1125.693115234375]centroid:[-219.5482408290259;
 138.7479640701105;
 1106.222800302178]
[-219.5482408290259;
 138.7479640701105;
 1106.222800302178]objeto:BROCA
[-246.9143676757813, -253.8801727294922, -243.5673980712891;
 -38.90122985839844, -145.8013763427734, 9.417951583862305;
 1075.400146484375, 1052.332275390625, 1085.766235351563]centroid:[17914.1356975697;
 -78.35522943397518;
 -4486.137833654881]
[17914.1356975697;
 -78.35522943397518;
 -4486.137833654881]objeto:POINTER
[-218.5466461181641, -218.090087890625, -230.8850250244141, -203.9149475097656;
 112.8125381469727, 164.140869140625, 121.9260787963867, 141.3731231689453;
 1102.898071289063, 1112.342895507813, 1089.670043945313, 1125.6875]centroid:[-219.5469933592166;
 138.7502307915027;
 1106.193378754661]
[-219.5469933592166;
 138.7502307915027;
 1106.193378754661]objeto:BROCA
[-246.8876190185547, -253.8700714111328, -243.5610504150391;
 -38.89790344238281, -145.8002471923828, 9.407611846923828;
 1075.337036132813, 1052.329223632813, 1085.755249023438]centroid:[22418.93493618444;
 -2102.997942963615;
 3526.286792457104]
[22418.93493618444;
 -2102.997942963615;
 3526.286792457104]objeto:POINTER
[-218.5618896484375, -218.1023559570313, -230.8887786865234, -203.9331207275391;
 112.8255386352539, 164.1547393798828, 121.9275436401367, 141.3800048828125;
 1102.926391601563, 1112.378295898438, 1089.661743164063, 1125.703125]centroid:[-219.5828548732282;
 138.7697273745408;
 1106.194828580974]
[-219.5828548732282;
 138.7697273745408;
 1106.194828580974]objeto:BROCA
[-246.9125671386719, -253.8691558837891, -243.5761413574219;
 -38.89268112182617, -145.7890472412109, 9.420292854309082;
 1075.385498046875, 1052.315063476563, 1085.7939453125]centroid:[20034.28430563584;
 -950.484951129416;
 -1076.536729007959]
[20034.28430563584;
 -950.484951129416;
 -1076.536729007959]objeto:POINTER
[-218.531005859375, -218.0811614990234, -230.8771820068359, -203.9097290039063;
 112.813346862793, 164.1445770263672, 121.9288940429688, 141.3750305175781;
 1102.875, 1112.317016601563, 1089.650756835938, 1125.655883789063]centroid:[-219.5326265863533;
 138.7515641372073;
 1106.172450913569]
[-219.5326265863533;
 138.7515641372073;
 1106.172450913569]objeto:BROCA
[-246.8937225341797, -253.8621826171875, -243.5529632568359;
 -38.89162063598633, -145.7870025634766, 9.414952278137207;
 1075.357666015625, 1052.296752929688, 1085.728271484375]centroid:[18946.65424771979;
 -240.0544686925132;
 -4052.34854760766]
[18946.65424771979;
 -240.0544686925132;
 -4052.34854760766]objeto:POINTER
[-218.5313873291016, -218.0914306640625, -230.8892669677734, -203.9099578857422;
 112.8194122314453, 164.1510009765625, 121.9335784912109, 141.3677215576172;
 1102.881225585938, 1112.376342773438, 1089.704711914063, 1125.670654296875]centroid:[-219.5286469733333;
 138.7559791428935;
 1106.221360512865]
[-219.5286469733333;
 138.7559791428935;
 1106.221360512865]objeto:BROCA
[-246.9102783203125, -253.8736724853516, -243.5714721679688;
 -38.89260101318359, -145.7930297851563, 9.421131134033203;
 1075.4130859375, 1052.341918945313, 1085.800537109375]centroid:[19447.46110820025;
 -478.5582792295609;
 -3091.842777222395]
[19447.46110820025;
 -478.5582792295609;
 -3091.842777222395]objeto:POINTER
[-218.5359802246094, -218.0923614501953, -230.8849945068359, -203.9107360839844;
 112.8224868774414, 164.1537322998047, 121.9277801513672, 141.3727416992188;
 1102.863891601563, 1112.362915039063, 1089.662963867188, 1125.642700195313]centroid:[-219.546691530757;
 138.7630688166362;
 1106.185126994422]
[-219.546691530757;
 138.7630688166362;
 1106.185126994422]objeto:BROCA
[-246.9057922363281, -253.8733367919922, -243.5668792724609;
 -38.8867073059082, -145.7865753173828, 9.420319557189941;
 1075.377563476563, 1052.322631835938, 1085.772338867188]centroid:[20116.08210344613;
 -840.7585486116586;
 -1620.959237098694]
[20116.08210344613;
 -840.7585486116586;
 -1620.959237098694]objeto:POINTER
[-218.538818359375, -218.0904693603516, -230.8754272460938, -203.9188232421875;
 112.8210144042969, 164.1470489501953, 121.9311752319336, 141.3760833740234;
 1102.88427734375, 1112.3544921875, 1089.66015625, 1125.701782226563]centroid:[-219.5464187224686;
 138.7588028395928;
 1106.188514466722]
[-219.5464187224686;
 138.7588028395928;
 1106.188514466722]objeto:BROCA
[-246.8927459716797, -253.8771820068359, -243.5552673339844;
 -38.89005279541016, -145.7940216064453, 9.417957305908203;
 1075.358154296875, 1052.351318359375, 1085.760498046875]centroid:[21464.23402400315;
 -1595.75191593403;
 1457.481894031167]
[21464.23402400315;
 -1595.75191593403;
 1457.481894031167]objeto:POINTER
[-218.5427093505859, -218.0989532470703, -230.8969268798828, -203.9252014160156;
 112.8194351196289, 164.1526184082031, 121.9351654052734, 141.3768157958984;
 1102.901123046875, 1112.3935546875, 1089.714965820313, 1125.695922851563]centroid:[-219.540463541455;
 138.7575750150885;
 1106.235875776942]
[-219.540463541455;
 138.7575750150885;
 1106.235875776942]objeto:BROCA
[-246.9003143310547, -253.8645477294922, -243.5709381103516;
 -38.8940544128418, -145.7885437011719, 9.420477867126465;
 1075.3779296875, 1052.299072265625, 1085.789672851563]centroid:[21175.81825558096;
 -949.9951673480682;
 -1429.291428953409]
[21175.81825558096;
 -949.9951673480682;
 -1429.291428953409]objeto:POINTER
[-218.54833984375, -218.1058349609375, -230.8896331787109, -203.9233703613281;
 112.8142776489258, 164.1513366699219, 121.9281463623047, 141.37646484375;
 1102.906494140625, 1112.398681640625, 1089.682373046875, 1125.697387695313]centroid:[-219.5605199714774;
 138.758319858369;
 1106.220019080504]
[-219.5605199714774;
 138.758319858369;
 1106.220019080504]objeto:BROCA
[-246.9081878662109, -253.8833770751953, -243.5688934326172;
 -38.8956298828125, -145.7945404052734, 9.420779228210449;
 1075.385375976563, 1052.339111328125, 1085.770874023438]centroid:[20275.38706028834;
 -668.413605942158;
 -2476.4130666852]
[20275.38706028834;
 -668.413605942158;
 -2476.4130666852]objeto:POINTER
[-218.5536041259766, -218.0997314453125, -230.8900604248047, -203.9197998046875;
 112.8189468383789, 164.1553039550781, 121.9345245361328, 141.3773803710938;
 1102.9296875, 1112.400634765625, 1089.709350585938, 1125.700073242188]centroid:[-219.5530931378904;
 138.7607336327337;
 1106.240867577686]
[-219.5530931378904;
 138.7607336327337;
 1106.240867577686]objeto:BROCA
[-246.9055328369141, -253.8745880126953, -243.5623168945313;
 -38.89913940429688, -145.7966766357422, 9.414127349853516;
 1075.392700195313, 1052.335327148438, 1085.781616210938]centroid:[19549.51292201877;
 -648.3138424127828;
 -2343.082086771727]
[19549.51292201877;
 -648.3138424127828;
 -2343.082086771727]objeto:POINTER
[-218.5413818359375, -218.1007537841797, -230.8906097412109, -203.9182281494141;
 112.8114318847656, 164.1507263183594, 121.9259643554688, 141.3758087158203;
 1102.923706054688, 1112.406616210938, 1089.695556640625, 1125.708129882813]centroid:[-219.5569674927781;
 138.7567238925446;
 1106.230281249976]
[-219.5569674927781;
 138.7567238925446;
 1106.230281249976]objeto:BROCA
[-246.8919372558594, -253.8682403564453, -243.5589904785156;
 -38.89734268188477, -145.7966613769531, 9.411102294921875;
 1075.37060546875, 1052.327270507813, 1085.774658203125]centroid:[21529.40539256483;
 -1216.699011960765;
 -313.9863971471786]
[21529.40539256483;
 -1216.699011960765;
 -313.9863971471786]