3D [-203.9093, 141.37357, 1125.6699;
 -218.54532, 112.81829, 1102.9043;
 -218.08537, 164.14728, 1112.354;
 -230.91187, 121.93494, 1089.746;
 -243.56238, 9.4224586, 1085.7429;
 -246.90511, -38.893478, 1075.366;
 -253.8709, -145.78607, 1052.2965]3D [-203.9093, 141.37357, 1125.6699;
 -218.54532, 112.81829, 1102.9043;
 -218.08537, 164.14728, 1112.354;
 -230.91187, 121.93494, 1089.746;
 -243.56238, 9.4224586, 1085.7429;
 -246.90511, -38.893478, 1075.366;
 -253.8709, -145.78607, 1052.2965]3D [-203.92546, 141.37708, 1125.6997;
 -218.55742, 112.82487, 1102.9552;
 -218.10608, 164.15434, 1112.3922;
 -230.90587, 121.93197, 1089.724;
 -243.57629, 9.4190006, 1085.7968;
 -246.92709, -38.895031, 1075.4365;
 -253.88148, -145.78972, 1052.3369]3D [-203.91766, 141.37505, 1125.6656;
 -218.54251, 112.82345, 1102.8986;
 -218.07895, 164.1481, 1112.3004;
 -230.88409, 121.93018, 1089.6587;
 -243.56139, 9.4223213, 1085.7622;
 -246.9157, -38.892384, 1075.4208;
 -253.86879, -145.78667, 1052.3202]3D [-203.90945, 141.3766, 1125.6547;
 -218.54726, 112.81947, 1102.9052;
 -218.10201, 164.15059, 1112.3804;
 -230.89592, 121.93802, 1089.6931;
 -243.55559, 9.4187851, 1085.7355;
 -246.90752, -38.889492, 1075.3889;
 -253.87157, -145.78575, 1052.3137]3D [-203.92043, 141.37856, 1125.7183;
 -218.54343, 112.82006, 1102.9082;
 -218.09865, 164.15871, 1112.4006;
 -230.90073, 121.93441, 1089.7192;
 -243.55856, 9.414607, 1085.7571;
 -246.89265, -38.893776, 1075.3666;
 -253.86801, -145.79175, 1052.3315]3D [-203.92273, 141.37834, 1125.6978;
 -218.54871, 112.8242, 1102.9224;
 -218.09532, 164.15269, 1112.3763;
 -230.88681, 121.93255, 1089.6844;
 -243.55412, 9.4158764, 1085.7361;
 -246.89905, -38.896564, 1075.3749;
 -253.86514, -145.78473, 1052.3047]3D [-203.9131, 141.37167, 1125.6565;
 -218.55365, 112.82029, 1102.9265;
 -218.08888, 164.14105, 1112.3345;
 -230.89682, 121.93005, 1089.7058;
 -243.55099, 9.4170361, 1085.7244;
 -246.9035, -38.896008, 1075.3763;
 -253.88269, -145.7964, 1052.3496]3D [-203.91913, 141.36835, 1125.6884;
 -218.55478, 112.81361, 1102.9421;
 -218.07928, 164.14619, 1112.342;
 -230.88797, 121.92143, 1089.6821;
 -243.54875, 9.4115086, 1085.7246;
 -246.89522, -38.891632, 1075.3535;
 -253.86456, -145.79128, 1052.3109]3D [-203.9413, 141.37593, 1125.7356;
 -218.54704, 112.81082, 1102.9193;
 -218.09398, 164.14154, 1112.3474;
 -230.87941, 121.91989, 1089.6547;
 -243.56207, 9.4096766, 1085.766;
 -246.89279, -38.904869, 1075.3374;
 -253.8609, -145.7907, 1052.2914]3D [-203.91637, 141.36032, 1125.6624;
 -218.54526, 112.81104, 1102.8904;
 -218.09798, 164.14284, 1112.3577;
 -230.89137, 121.92233, 1089.6779;
 -243.5553, 9.415884, 1085.726;
 -246.9119, -38.903263, 1075.4023;
 -253.87395, -145.79976, 1052.3302]3D [-203.91478, 141.36832, 1125.6826;
 -218.53668, 112.80927, 1102.8855;
 -218.09332, 164.14131, 1112.3556;
 -230.89946, 121.93063, 1089.7128;
 -243.55653, 9.4086418, 1085.7468;
 -246.90303, -38.900906, 1075.3856;
 -253.87466, -145.79747, 1052.3312]3D [-203.92931, 141.36526, 1125.6727;
 -218.57278, 112.81799, 1102.9641;
 -218.10701, 164.15445, 1112.3954;
 -230.89378, 121.92539, 1089.6765;
 -243.5836, 9.4109898, 1085.7935;
 -246.91748, -38.901794, 1075.382;
 -253.89305, -145.8009, 1052.3422]3D [-203.93033, 141.37788, 1125.7314;
 -218.54538, 112.81517, 1102.9069;
 -218.09811, 164.14983, 1112.3783;
 -230.88835, 121.92442, 1089.688;
 -243.56583, 9.4196329, 1085.7614;
 -246.90147, -38.896366, 1075.3785;
 -253.87273, -145.79141, 1052.3099]3D [-203.9239, 141.3745, 1125.6976;
 -218.54787, 112.81974, 1102.9265;
 -218.09991, 164.15347, 1112.392;
 -230.88734, 121.92787, 1089.6866;
 -243.56352, 9.4192886, 1085.7517;
 -246.91281, -38.899685, 1075.3977;
 -253.88162, -145.79259, 1052.3176]3D [-203.9303, 141.38159, 1125.7147;
 -218.55238, 112.8214, 1102.9335;
 -218.09013, 164.15086, 1112.3611;
 -230.88028, 121.93327, 1089.6667;
 -243.55862, 9.4193697, 1085.7461;
 -246.9081, -38.888962, 1075.3917;
 -253.8777, -145.78671, 1052.3203]3D [-203.9269, 141.3716, 1125.7155;
 -218.5443, 112.81234, 1102.8951;
 -218.09694, 164.14386, 1112.3607;
 -230.89188, 121.92633, 1089.6775;
 -243.56778, 9.4194107, 1085.7582;
 -246.91713, -38.893795, 1075.4182;
 -253.88525, -145.7932, 1052.3438]3D [-203.93654, 141.38812, 1125.7345;
 -218.54976, 112.81975, 1102.9222;
 -218.10373, 164.15495, 1112.3885;
 -230.90297, 121.92705, 1089.7001;
 -243.5643, 9.4190474, 1085.7646;
 -246.91415, -38.894905, 1075.3981;
 -253.88489, -145.79506, 1052.3596]3D [-203.90359, 141.37389, 1125.6406;
 -218.54518, 112.82495, 1102.9131;
 -218.10678, 164.16228, 1112.4144;
 -230.87257, 121.92554, 1089.6431;
 -243.55655, 9.4212933, 1085.7524;
 -246.89331, -38.887836, 1075.3623;
 -253.86577, -145.78645, 1052.311]3D [-203.91931, 141.37825, 1125.6949;
 -218.53348, 112.81813, 1102.8772;
 -218.09123, 164.15173, 1112.3687;
 -230.88597, 121.9328, 1089.6788;
 -243.55431, 9.4208288, 1085.7587;
 -246.90599, -38.893456, 1075.3981;
 -253.86443, -145.78548, 1052.3134]3D [-203.90735, 141.36647, 1125.6198;
 -218.54236, 112.81228, 1102.8827;
 -218.08342, 164.14453, 1112.3263;
 -230.89066, 121.92728, 1089.6821;
 -243.57236, 9.4237022, 1085.7814;
 -246.9016, -38.89275, 1075.3685;
 -253.8687, -145.79207, 1052.3066]3D [-203.90828, 141.36966, 1125.6512;
 -218.55107, 112.82109, 1102.9177;
 -218.08456, 164.14618, 1112.3491;
 -230.89404, 121.93371, 1089.7094;
 -243.55098, 9.4192371, 1085.7277;
 -246.90572, -38.892929, 1075.3845;
 -253.86884, -145.78552, 1052.327]3D [-203.92085, 141.38181, 1125.7266;
 -218.55553, 112.82485, 1102.934;
 -218.09554, 164.15475, 1112.3784;
 -230.89293, 121.93032, 1089.7081;
 -243.55606, 9.4201326, 1085.7511;
 -246.90337, -38.893585, 1075.3824;
 -253.87004, -145.78944, 1052.3135]3D [-203.91512, 141.37045, 1125.6705;
 -218.55557, 112.81654, 1102.9404;
 -218.07524, 164.14398, 1112.3169;
 -230.89883, 121.93246, 1089.7206;
 -243.55531, 9.4131145, 1085.7458;
 -246.89494, -38.892632, 1075.3535;
 -253.85832, -145.78877, 1052.2963]3D [-203.91034, 141.36642, 1125.6488;
 -218.54396, 112.80516, 1102.8971;
 -218.08719, 164.13658, 1112.3442;
 -230.87358, 121.91826, 1089.6385;
 -243.55206, 9.4123631, 1085.7338;
 -246.89514, -38.90004, 1075.3467;
 -253.87288, -145.79626, 1052.3]3D [-203.91736, 141.36742, 1125.6442;
 -218.55846, 112.82156, 1102.9391;
 -218.10486, 164.15048, 1112.3577;
 -230.90742, 121.93266, 1089.7103;
 -243.56088, 9.4167557, 1085.7427;
 -246.9093, -38.895931, 1075.3842;
 -253.86662, -145.78885, 1052.2913]3D [-203.89548, 141.36406, 1125.6057;
 -218.53418, 112.8111, 1102.8683;
 -218.07581, 164.13168, 1112.309;
 -230.87024, 121.92289, 1089.6383;
 -243.56139, 9.4164267, 1085.7643;
 -246.91441, -38.894211, 1075.4186;
 -253.87202, -145.79149, 1052.3185]3D [-203.92584, 141.37793, 1125.7098;
 -218.55367, 112.82529, 1102.9275;
 -218.09435, 164.15453, 1112.3862;
 -230.90266, 121.93818, 1089.7301;
 -243.54971, 9.4192781, 1085.7396;
 -246.90767, -38.888775, 1075.3982;
 -253.88284, -145.79099, 1052.3427]3D [-203.9162, 141.37434, 1125.6648;
 -218.54218, 112.82065, 1102.8984;
 -218.08511, 164.14948, 1112.3402;
 -230.89526, 121.93674, 1089.7017;
 -243.54726, 9.4198713, 1085.7208;
 -246.9079, -38.890167, 1075.3998;
 -253.87271, -145.78864, 1052.3213]3D [-203.91576, 141.37303, 1125.665;
 -218.54204, 112.81461, 1102.8951;
 -218.09695, 164.1537, 1112.3652;
 -230.89272, 121.92872, 1089.6925;
 -243.57039, 9.4187984, 1085.7831;
 -246.9099, -38.893513, 1075.3998;
 -253.87119, -145.78952, 1052.3168]3D [-203.92029, 141.37135, 1125.6771;
 -218.55571, 112.8168, 1102.9285;
 -218.08797, 164.13971, 1112.3384;
 -230.89014, 121.9259, 1089.6765;
 -243.56429, 9.4158859, 1085.7644;
 -246.9131, -38.900364, 1075.3994;
 -253.87918, -145.79659, 1052.3296]3D [-203.91423, 141.3746, 1125.6742;
 -218.54985, 112.82097, 1102.9031;
 -218.08232, 164.14415, 1112.3313;
 -230.87741, 121.92754, 1089.6542;
 -243.56535, 9.4221973, 1085.7692;
 -246.89333, -38.892231, 1075.3584;
 -253.86176, -145.78578, 1052.2926]3D [-203.90355, 141.36256, 1125.6361;
 -218.54576, 112.81401, 1102.915;
 -218.09407, 164.15027, 1112.3777;
 -230.87741, 121.9247, 1089.6581;
 -243.5575, 9.414362, 1085.7562;
 -246.90302, -38.894756, 1075.3694;
 -253.87717, -145.79234, 1052.325]3D [-203.90193, 141.36098, 1125.6166;
 -218.54176, 112.81219, 1102.9056;
 -218.09882, 164.14966, 1112.3809;
 -230.88666, 121.92666, 1089.6791;
 -243.55275, 9.4113445, 1085.7471;
 -246.88991, -38.894043, 1075.3586;
 -253.86801, -145.79384, 1052.323]3D [-203.92903, 141.37799, 1125.7333;
 -218.5285, 112.8112, 1102.8738;
 -218.09892, 164.15469, 1112.3984;
 -230.89415, 121.92983, 1089.7107;
 -243.55138, 9.4103298, 1085.7174;
 -246.90639, -38.900661, 1075.3949;
 -253.87662, -145.79518, 1052.3184]3D [-203.91107, 141.36809, 1125.6643;
 -218.54144, 112.81741, 1102.9005;
 -218.11186, 164.15758, 1112.4221;
 -230.89615, 121.93013, 1089.7194;
 -243.55006, 9.4156876, 1085.7255;
 -246.8994, -38.89463, 1075.3706;
 -253.87813, -145.79129, 1052.3407]3D [-203.91127, 141.37444, 1125.6879;
 -218.54506, 112.81911, 1102.9111;
 -218.10033, 164.15152, 1112.3901;
 -230.89764, 121.93121, 1089.7095;
 -243.56073, 9.420743, 1085.7614;
 -246.90109, -38.895699, 1075.3795;
 -253.86899, -145.78917, 1052.3114]3D [-203.91187, 141.36752, 1125.6639;
 -218.54095, 112.81582, 1102.9103;
 -218.08937, 164.14221, 1112.3513;
 -230.89378, 121.93035, 1089.7184;
 -243.54787, 9.4162426, 1085.7396;
 -246.89365, -38.900345, 1075.3726;
 -253.86555, -145.79083, 1052.307]3D [-203.92459, 141.36174, 1125.6702;
 -218.55205, 112.81348, 1102.9264;
 -218.08794, 164.13904, 1112.3422;
 -230.88921, 121.92553, 1089.6808;
 -243.56909, 9.4104595, 1085.7699;
 -246.91272, -38.903446, 1075.3948;
 -253.87032, -145.79225, 1052.308]3D [-203.90221, 141.36214, 1125.6112;
 -218.54459, 112.81317, 1102.8987;
 -218.09013, 164.14233, 1112.3448;
 -230.90294, 121.929, 1089.731;
 -243.56157, 9.4114704, 1085.7463;
 -246.90199, -38.900597, 1075.3647;
 -253.87675, -145.79886, 1052.3293]3D [-203.90561, 141.36617, 1125.6498;
 -218.53885, 112.80875, 1102.8954;
 -218.09288, 164.14674, 1112.3837;
 -230.88748, 121.92487, 1089.6921;
 -243.56346, 9.4107971, 1085.7734;
 -246.89037, -38.899448, 1075.3406;
 -253.86734, -145.79604, 1052.3057]3D [-203.91132, 141.36859, 1125.6819;
 -218.54956, 112.81541, 1102.9281;
 -218.08257, 164.14745, 1112.3409;
 -230.88708, 121.92042, 1089.6793;
 -243.57492, 9.41329, 1085.8008;
 -246.90671, -38.896549, 1075.3893;
 -253.86717, -145.79373, 1052.3029]3D [-203.89992, 141.3676, 1125.6215;
 -218.5455, 112.81403, 1102.8962;
 -218.10422, 164.14893, 1112.3845;
 -230.88525, 121.92371, 1089.6621;
 -243.56183, 9.4174385, 1085.7365;
 -246.91269, -38.899937, 1075.3859;
 -253.87057, -145.79185, 1052.2977]3D [-203.90794, 141.36835, 1125.6509;
 -218.53217, 112.80915, 1102.8577;
 -218.08174, 164.14255, 1112.3339;
 -230.87749, 121.92419, 1089.6366;
 -243.55339, 9.4190874, 1085.7429;
 -246.89354, -38.893845, 1075.351;
 -253.84886, -145.78352, 1052.2582]3D [-203.92264, 141.37439, 1125.6958;
 -218.52898, 112.81464, 1102.8733;
 -218.08363, 164.14879, 1112.3396;
 -230.90948, 121.93415, 1089.7468;
 -243.55836, 9.4158278, 1085.7653;
 -246.89003, -38.891163, 1075.3497;
 -253.87927, -145.79576, 1052.3314]3D [-203.91093, 141.38087, 1125.6818;
 -218.54454, 112.82121, 1102.9142;
 -218.08578, 164.14906, 1112.3539;
 -230.88527, 121.93625, 1089.6821;
 -243.56076, 9.418273, 1085.7621;
 -246.90738, -38.888069, 1075.3888;
 -253.87135, -145.78627, 1052.3064]3D [-203.89668, 141.36513, 1125.5947;
 -218.53825, 112.81698, 1102.8887;
 -218.08951, 164.15131, 1112.3572;
 -230.90303, 121.93769, 1089.7252;
 -243.57129, 9.4200239, 1085.777;
 -246.9039, -38.894249, 1075.3774;
 -253.86778, -145.78645, 1052.299]3D [-203.90852, 141.37213, 1125.6466;
 -218.53751, 112.80732, 1102.8782;
 -218.07632, 164.13846, 1112.3215;
 -230.89079, 121.92741, 1089.6821;
 -243.5473, 9.4179945, 1085.7148;
 -246.90176, -38.892574, 1075.3741;
 -253.86682, -145.78822, 1052.3063]3D [-203.91365, 141.37152, 1125.6775;
 -218.52637, 112.81023, 1102.8424;
 -218.08723, 164.14714, 1112.3575;
 -230.89304, 121.93153, 1089.7079;
 -243.54832, 9.4161348, 1085.739;
 -246.90553, -38.900497, 1075.3873;
 -253.86577, -145.79031, 1052.3114]3D [-203.90857, 141.36818, 1125.6423;
 -218.54573, 112.82148, 1102.9167;
 -218.07242, 164.14217, 1112.3066;
 -230.89644, 121.93317, 1089.7137;
 -243.55334, 9.4141817, 1085.7252;
 -246.90347, -38.89608, 1075.3805;
 -253.87572, -145.79221, 1052.3293]3D [-203.91965, 141.37285, 1125.6915;
 -218.55698, 112.82266, 1102.9407;
 -218.09126, 164.15042, 1112.3547;
 -230.89774, 121.93501, 1089.7051;
 -243.56874, 9.4187269, 1085.7843;
 -246.90941, -38.893402, 1075.3931;
 -253.87946, -145.78961, 1052.3379]3D [-203.91231, 141.3786, 1125.6597;
 -218.56152, 112.82732, 1102.9404;
 -218.08325, 164.1512, 1112.3427;
 -230.89101, 121.93467, 1089.6846;
 -243.5612, 9.4190388, 1085.7494;
 -246.89922, -38.892071, 1075.3582;
 -253.8748, -145.78615, 1052.323]3D [-203.91266, 141.37085, 1125.6849;
 -218.5264, 112.82112, 1102.8818;
 -218.07593, 164.1512, 1112.3265;
 -230.89221, 121.93842, 1089.7089;
 -243.5611, 9.4178915, 1085.7784;
 -246.90233, -38.894043, 1075.3766;
 -253.87015, -145.78918, 1052.3286]3D [-203.90712, 141.37325, 1125.65;
 -218.55533, 112.82361, 1102.9438;
 -218.08063, 164.15329, 1112.3416;
 -230.88141, 121.92899, 1089.6554;
 -243.5533, 9.4185352, 1085.7357;
 -246.89594, -38.891003, 1075.3658;
 -253.87064, -145.78711, 1052.3259]3D [-203.90689, 141.36789, 1125.6587;
 -218.53133, 112.81951, 1102.8745;
 -218.09596, 164.14703, 1112.3625;
 -230.88008, 121.93253, 1089.6764;
 -243.55902, 9.4207907, 1085.7593;
 -246.89308, -38.893921, 1075.3638;
 -253.87068, -145.78864, 1052.3348]3D [-203.9073, 141.37537, 1125.6532;
 -218.54216, 112.81304, 1102.8773;
 -218.08232, 164.14612, 1112.3311;
 -230.89204, 121.93863, 1089.705;
 -243.55971, 9.4157887, 1085.749;
 -246.90709, -38.891098, 1075.3843;
 -253.87276, -145.78551, 1052.3201]3D [-203.93709, 141.38362, 1125.7367;
 -218.54456, 112.8256, 1102.9125;
 -218.09727, 164.15196, 1112.3529;
 -230.90501, 121.94005, 1089.7299;
 -243.56866, 9.4196777, 1085.7802;
 -246.90736, -38.888783, 1075.3906;
 -253.87321, -145.78766, 1052.324]3D [-203.91576, 141.37711, 1125.6741;
 -218.53424, 112.81379, 1102.8662;
 -218.08273, 164.14697, 1112.3318;
 -230.89398, 121.93175, 1089.6871;
 -243.56245, 9.4205484, 1085.7638;
 -246.91077, -38.892796, 1075.396;
 -253.87291, -145.78552, 1052.2994]3D [-203.90923, 141.37022, 1125.6619;
 -218.54091, 112.81444, 1102.8967;
 -218.09666, 164.14874, 1112.3926;
 -230.88565, 121.92928, 1089.6687;
 -243.55698, 9.4188747, 1085.7496;
 -246.90723, -38.892078, 1075.3945;
 -253.87093, -145.79152, 1052.3119]3D [-203.91963, 141.3726, 1125.6954;
 -218.54659, 112.81516, 1102.9209;
 -218.10741, 164.15355, 1112.4023;
 -230.89244, 121.93123, 1089.7018;
 -243.56461, 9.4135637, 1085.7695;
 -246.91275, -38.897358, 1075.4153;
 -253.86696, -145.79216, 1052.309]3D [-203.92722, 141.3797, 1125.7194;
 -218.55489, 112.81587, 1102.9259;
 -218.09891, 164.15227, 1112.3759;
 -230.89856, 121.93067, 1089.7205;
 -243.5618, 9.4188509, 1085.7626;
 -246.91182, -38.894398, 1075.4001;
 -253.87601, -145.79276, 1052.3264]3D [-203.91319, 141.37529, 1125.6724;
 -218.53726, 112.81441, 1102.881;
 -218.08003, 164.14902, 1112.33;
 -230.89041, 121.93041, 1089.6971;
 -243.55956, 9.4155436, 1085.7699;
 -246.89133, -38.89452, 1075.3562;
 -253.86403, -145.78812, 1052.3019]3D [-203.91217, 141.37764, 1125.6787;
 -218.56236, 112.82739, 1102.9656;
 -218.08522, 164.1526, 1112.351;
 -230.89136, 121.9339, 1089.6885;
 -243.55411, 9.4241905, 1085.7363;
 -246.89427, -38.893986, 1075.3566;
 -253.8678, -145.78961, 1052.3101]3D [-203.91933, 141.37399, 1125.6581;
 -218.5666, 112.82506, 1102.9408;
 -218.09996, 164.15204, 1112.3795;
 -230.89708, 121.92931, 1089.6943;
 -243.56358, 9.4204865, 1085.7479;
 -246.91002, -38.893063, 1075.3857;
 -253.87645, -145.79073, 1052.3246]3D [-203.91019, 141.37251, 1125.6721;
 -218.55045, 112.81474, 1102.9347;
 -218.0937, 164.15718, 1112.3914;
 -230.89406, 121.93076, 1089.7164;
 -243.56259, 9.4193707, 1085.7985;
 -246.89528, -38.892128, 1075.3778;
 -253.87109, -145.79294, 1052.3345]3D [-203.90231, 141.37097, 1125.642;
 -218.55249, 112.81887, 1102.9172;
 -218.10201, 164.15163, 1112.3917;
 -230.89818, 121.93723, 1089.6971;
 -243.54817, 9.419548, 1085.7079;
 -246.90652, -38.890125, 1075.3896;
 -253.87682, -145.78903, 1052.333]3D [-203.92023, 141.37962, 1125.6907;
 -218.55135, 112.82256, 1102.9104;
 -218.09555, 164.15799, 1112.3713;
 -230.89102, 121.93602, 1089.6831;
 -243.54974, 9.4260969, 1085.7301;
 -246.89757, -38.889717, 1075.3667;
 -253.86678, -145.78197, 1052.2925]3D [-203.91589, 141.37756, 1125.6714;
 -218.55191, 112.8252, 1102.9329;
 -218.09769, 164.15601, 1112.3909;
 -230.8792, 121.93048, 1089.6743;
 -243.55786, 9.4153538, 1085.749;
 -246.90747, -38.892586, 1075.4026;
 -253.86896, -145.79066, 1052.3201]3D [-203.90605, 141.36932, 1125.6233;
 -218.55237, 112.81934, 1102.9171;
 -218.0927, 164.14612, 1112.3474;
 -230.90041, 121.93362, 1089.7169;
 -243.57114, 9.4198494, 1085.7745;
 -246.90347, -38.898026, 1075.3711;
 -253.86055, -145.78667, 1052.2815]3D [-203.91371, 141.37079, 1125.6736;
 -218.54601, 112.8203, 1102.9241;
 -218.1031, 164.15416, 1112.3997;
 -230.89648, 121.93819, 1089.723;
 -243.56618, 9.4179306, 1085.7878;
 -246.91335, -38.892189, 1075.4111;
 -253.86365, -145.79326, 1052.3026]3D [-203.91112, 141.38051, 1125.6711;
 -218.53854, 112.82158, 1102.8949;
 -218.08032, 164.15662, 1112.3312;
 -230.89841, 121.94674, 1089.7383;
 -243.55247, 9.4266634, 1085.7574;
 -246.88916, -38.885559, 1075.3602;
 -253.86353, -145.78395, 1052.3173]3D [-203.91106, 141.37956, 1125.6674;
 -218.5526, 112.82721, 1102.9354;
 -218.08978, 164.15347, 1112.3483;
 -230.89484, 121.93857, 1089.7053;
 -243.56372, 9.4216213, 1085.7721;
 -246.90541, -38.889904, 1075.3718;
 -253.87645, -145.78667, 1052.3344]3D [-203.91975, 141.38651, 1125.6974;
 -218.54013, 112.82275, 1102.9138;
 -218.09924, 164.16606, 1112.403;
 -230.87744, 121.9314, 1089.655;
 -243.55765, 9.4263783, 1085.7687;
 -246.90288, -38.885559, 1075.4132;
 -253.86046, -145.78358, 1052.3347]3D [-203.92238, 141.38474, 1125.7051;
 -218.55617, 112.82909, 1102.9493;
 -218.09256, 164.1628, 1112.3701;
 -230.88446, 121.93526, 1089.6918;
 -243.55765, 9.4260178, 1085.7571;
 -246.90199, -38.887665, 1075.386;
 -253.87608, -145.79037, 1052.3446]3D [-203.92059, 141.38402, 1125.6969;
 -218.54088, 112.82526, 1102.9023;
 -218.08293, 164.14966, 1112.3229;
 -230.88728, 121.93996, 1089.7043;
 -243.56094, 9.4245796, 1085.7609;
 -246.90643, -38.890598, 1075.4;
 -253.86882, -145.77997, 1052.3142]3D [-203.9108, 141.38438, 1125.6737;
 -218.54108, 112.82092, 1102.8907;
 -218.08441, 164.1503, 1112.3306;
 -230.87854, 121.93087, 1089.6501;
 -243.57057, 9.4218826, 1085.7861;
 -246.91139, -38.891956, 1075.402;
 -253.87662, -145.79002, 1052.3242]3D [-203.92097, 141.38788, 1125.6868;
 -218.55972, 112.83209, 1102.9424;
 -218.10574, 164.16231, 1112.403;
 -230.88002, 121.93481, 1089.6573;
 -243.5578, 9.4278984, 1085.7572;
 -246.90453, -38.880527, 1075.3778;
 -253.86995, -145.77924, 1052.3079]3D [-203.90956, 141.37567, 1125.6626;
 -218.57292, 112.83135, 1102.9874;
 -218.10211, 164.16098, 1112.3801;
 -230.88652, 121.93154, 1089.6609;
 -243.5661, 9.4203758, 1085.7551;
 -246.91093, -38.885525, 1075.3926;
 -253.88318, -145.782, 1052.3282]3D [-203.92847, 141.37944, 1125.7135;
 -218.55298, 112.82805, 1102.9315;
 -218.10155, 164.15901, 1112.396;
 -230.89282, 121.93501, 1089.698;
 -243.55533, 9.4230452, 1085.751;
 -246.90245, -38.892303, 1075.371;
 -253.8658, -145.78465, 1052.2841]3D [-203.91771, 141.37646, 1125.6769;
 -218.53178, 112.81236, 1102.8641;
 -218.07077, 164.13855, 1112.2974;
 -230.87802, 121.92439, 1089.6505;
 -243.5562, 9.4138708, 1085.7284;
 -246.90935, -38.896591, 1075.3821;
 -253.87025, -145.78653, 1052.3007]3D [-203.91908, 141.37741, 1125.6951;
 -218.54216, 112.81838, 1102.9011;
 -218.09534, 164.15604, 1112.3837;
 -230.89839, 121.93533, 1089.7296;
 -243.55714, 9.4163628, 1085.7657;
 -246.90636, -38.891567, 1075.3925;
 -253.86914, -145.78656, 1052.3219]3D [-203.91579, 141.37372, 1125.6761;
 -218.55675, 112.82059, 1102.9365;
 -218.09105, 164.15077, 1112.3656;
 -230.89789, 121.93496, 1089.7389;
 -243.56519, 9.4191952, 1085.7883;
 -246.90094, -38.89452, 1075.3723;
 -253.87802, -145.79237, 1052.3428]3D [-203.90511, 141.3663, 1125.6195;
 -218.54367, 112.81453, 1102.8857;
 -218.09441, 164.15508, 1112.3719;
 -230.89723, 121.93732, 1089.7178;
 -243.56621, 9.422411, 1085.7742;
 -246.89317, -38.889538, 1075.3497;
 -253.85857, -145.7858, 1052.286]3D [-203.91463, 141.37917, 1125.6775;
 -218.54427, 112.82292, 1102.9052;
 -218.09882, 164.15666, 1112.3732;
 -230.8858, 121.9316, 1089.6807;
 -243.54843, 9.4243193, 1085.7438;
 -246.89, -38.889458, 1075.3618;
 -253.86275, -145.78555, 1052.3148]3D [-203.89857, 141.36287, 1125.6007;
 -218.552, 112.81482, 1102.8977;
 -218.09087, 164.14348, 1112.3296;
 -230.8791, 121.91739, 1089.6453;
 -243.55444, 9.4151897, 1085.7206;
 -246.9136, -38.896088, 1075.392;
 -253.88211, -145.79056, 1052.3221]3D [-203.92148, 141.3847, 1125.6945;
 -218.54085, 112.81702, 1102.8798;
 -218.09212, 164.15222, 1112.3582;
 -230.90134, 121.93883, 1089.7247;
 -243.55721, 9.4250965, 1085.754;
 -246.89378, -38.892044, 1075.3433;
 -253.86473, -145.78731, 1052.2922]3D [-203.90497, 141.37097, 1125.6104;
 -218.54189, 112.82233, 1102.8875;
 -218.0677, 164.14432, 1112.2843;
 -230.8947, 121.93859, 1089.6904;
 -243.55333, 9.4242544, 1085.7401;
 -246.89795, -38.889557, 1075.3689;
 -253.86908, -145.78123, 1052.3179]3D [-203.90096, 141.36884, 1125.6013;
 -218.53653, 112.82059, 1102.8525;
 -218.09343, 164.15736, 1112.3484;
 -230.86432, 121.92574, 1089.5939;
 -243.55151, 9.4242907, 1085.7267;
 -246.88977, -38.887226, 1075.3354;
 -253.85036, -145.77359, 1052.2728]3D [-203.91882, 141.37085, 1125.6749;
 -218.55312, 112.8189, 1102.9203;
 -218.09798, 164.14981, 1112.3574;
 -230.89188, 121.93092, 1089.6855;
 -243.57164, 9.4145308, 1085.7946;
 -246.91383, -38.89986, 1075.4014;
 -253.86571, -145.78661, 1052.3007]3D [-203.92731, 141.37285, 1125.6931;
 -218.5573, 112.81362, 1102.9368;
 -218.09595, 164.14075, 1112.3439;
 -230.90221, 121.92915, 1089.7126;
 -243.5674, 9.4179516, 1085.7662;
 -246.91437, -38.90123, 1075.4001;
 -253.88017, -145.80138, 1052.3323]3D [-203.91495, 141.37312, 1125.6875;
 -218.54665, 112.81254, 1102.8981;
 -218.09009, 164.14087, 1112.3429;
 -230.88503, 121.92608, 1089.67;
 -243.56105, 9.4076118, 1085.7552;
 -246.88762, -38.897903, 1075.337;
 -253.87007, -145.80025, 1052.3292]3D [-203.93312, 141.38, 1125.7031;
 -218.56189, 112.82554, 1102.9264;
 -218.10236, 164.15474, 1112.3783;
 -230.88878, 121.92754, 1089.6617;
 -243.57614, 9.4202929, 1085.7939;
 -246.91257, -38.892681, 1075.3855;
 -253.86916, -145.78905, 1052.3151]3D [-203.90973, 141.37503, 1125.6559;
 -218.53101, 112.81335, 1102.875;
 -218.08116, 164.14458, 1112.317;
 -230.87718, 121.92889, 1089.6508;
 -243.55296, 9.4149523, 1085.7283;
 -246.89372, -38.891621, 1075.3577;
 -253.86218, -145.787, 1052.2968]3D [-203.90996, 141.36772, 1125.6707;
 -218.53139, 112.81941, 1102.8812;
 -218.09143, 164.151, 1112.3763;
 -230.88927, 121.93358, 1089.7047;
 -243.57147, 9.4211311, 1085.8005;
 -246.91028, -38.892601, 1075.4131;
 -253.87367, -145.79303, 1052.3419]3D [-203.91074, 141.37274, 1125.6427;
 -218.53598, 112.82249, 1102.8639;
 -218.09236, 164.15373, 1112.3629;
 -230.88499, 121.92778, 1089.663;
 -243.56688, 9.4203196, 1085.7723;
 -246.90579, -38.886707, 1075.3776;
 -253.87334, -145.78658, 1052.3226]3D [-203.91882, 141.37608, 1125.7018;
 -218.53882, 112.82101, 1102.8843;
 -218.09047, 164.14705, 1112.3545;
 -230.87543, 121.93118, 1089.6602;
 -243.55527, 9.4179573, 1085.7605;
 -246.89275, -38.890053, 1075.3582;
 -253.87718, -145.79402, 1052.3513]3D [-203.9252, 141.37682, 1125.6959;
 -218.54271, 112.81944, 1102.9011;
 -218.09895, 164.15262, 1112.3936;
 -230.89693, 121.93517, 1089.715;
 -243.57094, 9.4204779, 1085.7897;
 -246.90031, -38.894054, 1075.3779;
 -253.86455, -145.78854, 1052.2991]3D [-203.92337, 141.37646, 1125.6974;
 -218.54834, 112.81428, 1102.9065;
 -218.10583, 164.15134, 1112.3987;
 -230.88963, 121.92815, 1089.6824;
 -243.56889, 9.4207792, 1085.7709;
 -246.90819, -38.89563, 1075.3854;
 -253.88338, -145.79454, 1052.3391]3D [-203.9198, 141.37738, 1125.7001;
 -218.5536, 112.81895, 1102.9297;
 -218.09973, 164.1553, 1112.4006;
 -230.89006, 121.93452, 1089.7094;
 -243.56232, 9.4141273, 1085.7816;
 -246.90553, -38.899139, 1075.3927;
 -253.87459, -145.79668, 1052.3353]3D [-203.91823, 141.37581, 1125.7081;
 -218.54138, 112.81143, 1102.9237;
 -218.10075, 164.15073, 1112.4066;
 -230.89061, 121.92596, 1089.6956;
 -243.55899, 9.4111023, 1085.7747;
 -246.89194, -38.897343, 1075.3706;
 -253.86824, -145.79666, 1052.3273]