[453.2951049804688, 430.7506103515625, 434.6797485351563, 413.5210266113281, 400.333984375, 393.1104736328125, 377.4361877441406;
 661.0260620117188, 633.7850341796875, 685.1248168945313, 644.02880859375, 527.3327026367188, 476.8042602539063, 362.3648986816406][420.5801696777344, 400.1617736816406, 402.9637145996094, 383.8686828613281, 368.7187805175781, 362.4910278320313, 349.2051391601563;
 655.2755126953125, 627.2584228515625, 681.4544677734375, 638.662841796875, 514.81201171875, 460.9757690429688, 338.4698181152344][453.2904968261719, 430.7589416503906, 434.6745300292969, 413.5177612304688, 400.3433532714844, 393.11962890625, 377.4442749023438;
 661.0296020507813, 633.7877197265625, 685.1294555664063, 644.0286865234375, 527.3262329101563, 476.8028564453125, 362.3717041015625][420.56884765625, 400.1596374511719, 402.9496765136719, 383.8701477050781, 368.7167358398438, 362.4846496582031, 349.2040405273438;
 655.2710571289063, 627.2588500976563, 681.4522705078125, 638.6617431640625, 514.810302734375, 460.9794616699219, 338.4666442871094][453.2853088378906, 430.7507629394531, 434.6648559570313, 413.511962890625, 400.3431701660156, 393.1238403320313, 377.4490356445313;
 661.0325317382813, 633.7963256835938, 685.137451171875, 644.0342407226563, 527.32763671875, 476.8075866699219, 362.3706970214844][420.5706176757813, 400.1637268066406, 402.9595336914063, 383.8788452148438, 368.7245788574219, 362.4932250976563, 349.2138061523438;
 655.2725219726563, 627.2589721679688, 681.4591064453125, 638.6677856445313, 514.8168334960938, 460.9790344238281, 338.4692077636719][453.2890014648438, 430.7491149902344, 434.6733703613281, 413.5146789550781, 400.33740234375, 393.1179809570313, 377.4434204101563;
 661.0364379882813, 633.785888671875, 685.1347045898438, 644.0379028320313, 527.3280029296875, 476.8072204589844, 362.3712768554688][420.5772399902344, 400.1598815917969, 402.9517517089844, 383.8739013671875, 368.724365234375, 362.4941711425781, 349.2089233398438;
 655.2748413085938, 627.2598266601563, 681.4423828125, 638.6727294921875, 514.80908203125, 460.9833374023438, 338.4688415527344][453.3021545410156, 430.7537536621094, 434.6847534179688, 413.5207214355469, 400.3437194824219, 393.122802734375, 377.4549255371094;
 661.0291748046875, 633.791015625, 685.1348266601563, 644.0326538085938, 527.3222045898438, 476.8009948730469, 362.3645935058594][420.5777587890625, 400.1647644042969, 402.95947265625, 383.8746948242188, 368.7264099121094, 362.5049438476563, 349.2178649902344;
 655.2702026367188, 627.2551879882813, 681.453857421875, 638.6641845703125, 514.8056640625, 460.9786071777344, 338.4675903320313][453.2923889160156, 430.7543640136719, 434.6782531738281, 413.5199279785156, 400.3390808105469, 393.1202087402344, 377.4457092285156;
 661.031005859375, 633.791015625, 685.136474609375, 644.0338134765625, 527.32861328125, 476.8037414550781, 362.3724060058594][420.5713806152344, 400.1620483398438, 402.9580383300781, 383.8818359375, 368.7261657714844, 362.4999694824219, 349.2136840820313;
 655.2728881835938, 627.2610473632813, 681.4465942382813, 638.6674194335938, 514.802001953125, 460.9701232910156, 338.467041015625][453.2862854003906, 430.7511901855469, 434.66845703125, 413.5190124511719, 400.337158203125, 393.1165466308594, 377.4487915039063;
 661.030029296875, 633.7882690429688, 685.1272583007813, 644.0291137695313, 527.3272094726563, 476.8009948730469, 362.3640747070313][420.5736694335938, 400.1576232910156, 402.9560241699219, 383.8758239746094, 368.7266845703125, 362.4954528808594, 349.2062072753906;
 655.2705078125, 627.25439453125, 681.444091796875, 638.66162109375, 514.8062744140625, 460.9744262695313, 338.4635009765625][453.2921447753906, 430.7561950683594, 434.6806640625, 413.5176086425781, 400.3394775390625, 393.1146850585938, 377.4491577148438;
 661.0266723632813, 633.7815551757813, 685.1300048828125, 644.02783203125, 527.3206787109375, 476.8042297363281, 362.3660278320313][420.5734558105469, 400.1597290039063, 402.9678649902344, 383.8800964355469, 368.7291870117188, 362.4988098144531, 349.216064453125;
 655.2586669921875, 627.2437133789063, 681.4505004882813, 638.6498413085938, 514.801025390625, 460.9789123535156, 338.4608459472656][453.2887268066406, 430.7549438476563, 434.6687622070313, 413.5150146484375, 400.3440856933594, 393.1101684570313, 377.4439086914063;
 661.023681640625, 633.77490234375, 685.1231689453125, 644.021484375, 527.3198852539063, 476.7886352539063, 362.3635559082031][420.5589294433594, 400.1630554199219, 402.9531860351563, 383.8829040527344, 368.7247619628906, 362.4974060058594, 349.2149047851563;
 655.26513671875, 627.249755859375, 681.4453735351563, 638.6598510742188, 514.7970581054688, 460.9647216796875, 338.4588623046875][453.2850952148438, 430.7449035644531, 434.6686706542969, 413.5128784179688, 400.3336486816406, 393.1196899414063, 377.4486694335938;
 661.02294921875, 633.7859497070313, 685.1271362304688, 644.0230102539063, 527.3272705078125, 476.7904052734375, 362.357421875][420.5713806152344, 400.1589965820313, 402.9512023925781, 383.875244140625, 368.7223510742188, 362.4927978515625, 349.2108459472656;
 655.252197265625, 627.2445678710938, 681.440673828125, 638.6577758789063, 514.8035888671875, 460.9716186523438, 338.4569091796875][453.29443359375, 430.7513732910156, 434.6722717285156, 413.5190734863281, 400.3413391113281, 393.1210327148438, 377.4483642578125;
 661.0224609375, 633.7813110351563, 685.1261596679688, 644.0336303710938, 527.3200073242188, 476.7955017089844, 362.3601989746094][420.5768432617188, 400.1671142578125, 402.9557189941406, 383.8746643066406, 368.7261352539063, 362.4983215332031, 349.2102661132813;
 655.2647094726563, 627.2470092773438, 681.4393310546875, 638.6563720703125, 514.7949829101563, 460.9700927734375, 338.4594116210938][453.2767028808594, 430.7480163574219, 434.6746826171875, 413.510009765625, 400.3349304199219, 393.10546875, 377.4353942871094;
 661.02490234375, 633.7732543945313, 685.132080078125, 644.0263671875, 527.3235473632813, 476.7945556640625, 362.3593444824219][420.5596618652344, 400.144775390625, 402.9494323730469, 383.8723449707031, 368.7079772949219, 362.4814453125, 349.1925659179688;
 655.2574462890625, 627.2567749023438, 681.44873046875, 638.6611328125, 514.79541015625, 460.9688720703125, 338.4565124511719][453.2974243164063, 430.7514343261719, 434.6769104003906, 413.5201416015625, 400.3384399414063, 393.1194152832031, 377.4405517578125;
 661.0294189453125, 633.7843017578125, 685.1248168945313, 644.0211791992188, 527.331298828125, 476.7987670898438, 362.3624572753906][420.56982421875, 400.1622924804688, 402.9552001953125, 383.8808288574219, 368.7195434570313, 362.4982299804688, 349.2066955566406;
 655.2647705078125, 627.2518920898438, 681.4520263671875, 638.662109375, 514.8069458007813, 460.9761657714844, 338.46435546875][453.291015625, 430.7571105957031, 434.68017578125, 413.5203247070313, 400.3366088867188, 393.1167602539063, 377.435302734375;
 661.03125, 633.7803955078125, 685.13134765625, 644.029052734375, 527.3306274414063, 476.7998962402344, 362.3613891601563][420.5701904296875, 400.1636962890625, 402.956298828125, 383.8817443847656, 368.7196960449219, 362.4905700683594, 349.1988220214844;
 655.264404296875, 627.2617797851563, 681.4487915039063, 638.6616821289063, 514.8070678710938, 460.9691162109375, 338.4654846191406][453.2914123535156, 430.7550048828125, 434.6775817871094, 413.5189514160156, 400.3389282226563, 393.11865234375, 377.4404907226563;
 661.0328979492188, 633.7911987304688, 685.1325073242188, 644.03662109375, 527.330810546875, 476.8081359863281, 362.3733215332031][420.566650390625, 400.1605224609375, 402.9602661132813, 383.8848876953125, 368.7236633300781, 362.4942626953125, 349.2037658691406;
 655.273193359375, 627.2523193359375, 681.45166015625, 638.6703491210938, 514.8071899414063, 460.9837646484375, 338.4666748046875][453.294921875, 430.7481689453125, 434.6709594726563, 413.5120544433594, 400.3352355957031, 393.1213684082031, 377.4435119628906;
 661.0233154296875, 633.7767944335938, 685.1256103515625, 644.0306396484375, 527.3297729492188, 476.8067932128906, 362.3650207519531][420.5703430175781, 400.1608276367188, 402.952880859375, 383.8747253417969, 368.7166137695313, 362.4909973144531, 349.2017517089844;
 655.2620239257813, 627.2561645507813, 681.4436645507813, 638.6585083007813, 514.80810546875, 460.9765319824219, 338.4680786132813][453.2926025390625, 430.7531127929688, 434.6751708984375, 413.5105895996094, 400.3413696289063, 393.1155700683594, 377.4512634277344;
 661.0394287109375, 633.7911987304688, 685.1333618164063, 644.0289916992188, 527.3278198242188, 476.8060607910156, 362.3693237304688][420.5639038085938, 400.1609802246094, 402.9515075683594, 383.8678283691406, 368.7220153808594, 362.4891662597656, 349.2063903808594;
 655.2749633789063, 627.2511596679688, 681.45068359375, 638.6561889648438, 514.809326171875, 460.9732360839844, 338.4639892578125][453.2894287109375, 430.7541809082031, 434.6826477050781, 413.516845703125, 400.3435974121094, 393.1202697753906, 377.4481811523438;
 661.03466796875, 633.7907104492188, 685.1312866210938, 644.0286254882813, 527.3331909179688, 476.8102722167969, 362.3764343261719][420.5807189941406, 400.163818359375, 402.9535217285156, 383.8877258300781, 368.7275085449219, 362.5031127929688, 349.2145690917969;
 655.2747192382813, 627.2650756835938, 681.4607543945313, 638.6676025390625, 514.808837890625, 460.9816284179688, 338.4607238769531][453.2944030761719, 430.7511901855469, 434.6793212890625, 413.5182495117188, 400.3484497070313, 393.1234436035156, 377.4502563476563;
 661.0350341796875, 633.790283203125, 685.1351318359375, 644.038330078125, 527.3295288085938, 476.8070068359375, 362.3719787597656][420.5745544433594, 400.1688232421875, 402.9607849121094, 383.8815612792969, 368.7314758300781, 362.4981689453125, 349.2168273925781;
 655.269287109375, 627.2586059570313, 681.4484252929688, 638.6644897460938, 514.8116455078125, 460.9754333496094, 338.4683227539063][453.2780456542969, 430.7449951171875, 434.6709594726563, 413.5151062011719, 400.3406677246094, 393.1149597167969, 377.4429931640625;
 661.0326538085938, 633.781005859375, 685.1251831054688, 644.031494140625, 527.329833984375, 476.8063659667969, 362.3598937988281][420.5728149414063, 400.1603393554688, 402.9599914550781, 383.8771362304688, 368.71728515625, 362.4955444335938, 349.2103881835938;
 655.26611328125, 627.2542114257813, 681.4564819335938, 638.65869140625, 514.817138671875, 460.975341796875, 338.4645080566406][453.2889404296875, 430.7503356933594, 434.67822265625, 413.5230102539063, 400.338623046875, 393.1178588867188, 377.4520263671875;
 661.0286865234375, 633.787353515625, 685.1312255859375, 644.0350952148438, 527.3225708007813, 476.8034362792969, 362.3715515136719][420.5777587890625, 400.1584777832031, 402.9637756347656, 383.8797607421875, 368.7274475097656, 362.4950561523438, 349.2156372070313;
 655.2691650390625, 627.259033203125, 681.44677734375, 638.66259765625, 514.8160400390625, 460.9793395996094, 338.4729309082031][453.3046264648438, 430.7522277832031, 434.6792907714844, 413.523681640625, 400.343505859375, 393.1192626953125, 377.4449462890625;
 661.0340576171875, 633.79345703125, 685.1315307617188, 644.0299072265625, 527.3307495117188, 476.8033142089844, 362.3695373535156][420.5789489746094, 400.1572265625, 402.9580688476563, 383.880615234375, 368.7276916503906, 362.4971313476563, 349.2105407714844;
 655.2698974609375, 627.2572021484375, 681.4556274414063, 638.6610107421875, 514.8088989257813, 460.9778442382813, 338.4621887207031][453.2893981933594, 430.7546997070313, 434.6750793457031, 413.5231323242188, 400.3421936035156, 393.1149291992188, 377.4486083984375;
 661.030029296875, 633.7861328125, 685.1268920898438, 644.030029296875, 527.3177490234375, 476.8058471679688, 362.3661499023438][420.5742797851563, 400.1585693359375, 402.966796875, 383.8770446777344, 368.7272033691406, 362.4990844726563, 349.2191162109375;
 655.2642822265625, 627.2455444335938, 681.4567260742188, 638.6624755859375, 514.8073120117188, 460.9749450683594, 338.4617919921875][453.2863159179688, 430.7492065429688, 434.6742553710938, 413.5140380859375, 400.3401184082031, 393.1118774414063, 377.4360961914063;
 661.0219116210938, 633.7713012695313, 685.1157836914063, 644.0213012695313, 527.3226928710938, 476.7884826660156, 362.3575439453125][420.5750122070313, 400.16162109375, 402.9596862792969, 383.8855285644531, 368.7278137207031, 362.4971923828125, 349.203857421875;
 655.2699584960938, 627.2459716796875, 681.44384765625, 638.660400390625, 514.8005981445313, 460.9764099121094, 338.4556884765625][453.2774353027344, 430.7516479492188, 434.662109375, 413.5107116699219, 400.3353881835938, 393.1142883300781, 377.4382019042969;
 661.0319213867188, 633.7855224609375, 685.1337890625, 644.0294189453125, 527.324951171875, 476.7993774414063, 362.3658447265625][420.56689453125, 400.1550598144531, 402.94384765625, 383.8652648925781, 368.7203369140625, 362.4910278320313, 349.2084045410156;
 655.2623291015625, 627.2572631835938, 681.44970703125, 638.66552734375, 514.8076782226563, 460.9769592285156, 338.4607238769531][453.2839965820313, 430.7471008300781, 434.6710815429688, 413.5170288085938, 400.3440551757813, 393.1241455078125, 377.4450988769531;
 661.0346069335938, 633.7833251953125, 685.1217651367188, 644.0281982421875, 527.3218994140625, 476.8050842285156, 362.36328125][420.5827331542969, 400.1661376953125, 402.9646301269531, 383.8891906738281, 368.7250671386719, 362.4940795898438, 349.2098083496094;
 655.2630004882813, 627.2525024414063, 681.4380493164063, 638.6634521484375, 514.8098754882813, 460.9774475097656, 338.4658203125][453.2941589355469, 430.7515869140625, 434.6833801269531, 413.5232238769531, 400.3449096679688, 393.121826171875, 377.4454956054688;
 661.0245361328125, 633.7921142578125, 685.1314086914063, 644.0364379882813, 527.32421875, 476.8128051757813, 362.369873046875][420.5702819824219, 400.1578063964844, 402.9609985351563, 383.8751220703125, 368.7318115234375, 362.496337890625, 349.2041015625;
 655.275634765625, 627.260986328125, 681.4530029296875, 638.6658935546875, 514.814208984375, 460.9797058105469, 338.467529296875][453.2863464355469, 430.7513122558594, 434.6742553710938, 413.5189208984375, 400.3392333984375, 393.1223449707031, 377.4457092285156;
 661.0328369140625, 633.7888793945313, 685.1349487304688, 644.0342407226563, 527.329345703125, 476.8099365234375, 362.3684997558594][420.572021484375, 400.1639709472656, 402.9613037109375, 383.8765563964844, 368.7298889160156, 362.4965209960938, 349.209716796875;
 655.27099609375, 627.2608032226563, 681.4525756835938, 638.671875, 514.8103637695313, 460.9797973632813, 338.4675598144531][453.2866516113281, 430.7501220703125, 434.6728210449219, 413.517822265625, 400.3433227539063, 393.1204223632813, 377.4452209472656;
 661.035400390625, 633.7838134765625, 685.1329345703125, 644.0233764648438, 527.324462890625, 476.8019104003906, 362.3682556152344][420.5726318359375, 400.1633911132813, 402.9538269042969, 383.8770751953125, 368.7198486328125, 362.4943237304688, 349.2101745605469;
 655.2654418945313, 627.2537231445313, 681.4556884765625, 638.6680297851563, 514.81201171875, 460.9808959960938, 338.4644165039063][453.2871704101563, 430.7500915527344, 434.670654296875, 413.5133666992188, 400.34130859375, 393.1172485351563, 377.4432373046875;
 661.0252075195313, 633.78271484375, 685.1286010742188, 644.0294799804688, 527.3236083984375, 476.7947998046875, 362.361572265625][420.5699462890625, 400.15576171875, 402.9579162597656, 383.8763732910156, 368.7219543457031, 362.49072265625, 349.2047424316406;
 655.2694091796875, 627.252197265625, 681.4386596679688, 638.6591186523438, 514.8068237304688, 460.9731750488281, 338.4596557617188][453.2913818359375, 430.7456665039063, 434.6736755371094, 413.5166320800781, 400.3421325683594, 393.1185913085938, 377.4435729980469;
 661.0372314453125, 633.789794921875, 685.1279907226563, 644.03076171875, 527.3360595703125, 476.8053283691406, 362.369873046875][420.5760192871094, 400.1566772460938, 402.9623107910156, 383.8850402832031, 368.7219848632813, 362.5021057128906, 349.2142028808594;
 655.2646484375, 627.25927734375, 681.4512939453125, 638.6669921875, 514.8074340820313, 460.9767761230469, 338.463623046875][453.2881164550781, 430.754638671875, 434.6803283691406, 413.5182495117188, 400.3443603515625, 393.114013671875, 377.443115234375;
 661.019775390625, 633.775634765625, 685.1282958984375, 644.0279541015625, 527.3226928710938, 476.80126953125, 362.3672180175781][420.5797729492188, 400.1634826660156, 402.95947265625, 383.8859558105469, 368.7273559570313, 362.4942321777344, 349.2056579589844;
 655.2674560546875, 627.2568359375, 681.44970703125, 638.662841796875, 514.8046264648438, 460.9763793945313, 338.4617614746094][453.2820434570313, 430.7544250488281, 434.6767883300781, 413.5179138183594, 400.3450622558594, 393.1220092773438, 377.451171875;
 661.0276489257813, 633.7822265625, 685.1312866210938, 644.0281982421875, 527.3233642578125, 476.8065185546875, 362.3636474609375][420.5779113769531, 400.1659545898438, 402.9552001953125, 383.8807373046875, 368.7303466796875, 362.5059204101563, 349.2154846191406;
 655.2607421875, 627.2479858398438, 681.4440307617188, 638.6616821289063, 514.7974243164063, 460.9714660644531, 338.4612731933594][453.2996520996094, 430.7547302246094, 434.6836547851563, 413.523681640625, 400.3339233398438, 393.1217956542969, 377.4406127929688;
 661.024169921875, 633.7821655273438, 685.130859375, 644.0269775390625, 527.3193359375, 476.795166015625, 362.3606567382813][420.5714416503906, 400.1734008789063, 402.9586791992188, 383.8798217773438, 368.7245483398438, 362.4969787597656, 349.20458984375;
 655.2701416015625, 627.2530517578125, 681.4500732421875, 638.6624145507813, 514.7999267578125, 460.9717407226563, 338.4603881835938][453.2908325195313, 430.7528381347656, 434.6802673339844, 413.5251770019531, 400.3385314941406, 393.1180419921875, 377.4493713378906;
 661.0308837890625, 633.7849731445313, 685.1336059570313, 644.0286865234375, 527.3253784179688, 476.8016967773438, 362.372314453125][420.5774230957031, 400.1651611328125, 402.9499206542969, 383.8796997070313, 368.7279663085938, 362.49853515625, 349.2088012695313;
 655.2600708007813, 627.2575073242188, 681.4456176757813, 638.6591796875, 514.8052368164063, 460.9762878417969, 338.4634399414063][453.2996215820313, 430.75341796875, 434.6793823242188, 413.5198364257813, 400.3433837890625, 393.1202087402344, 377.4449462890625;
 661.029296875, 633.7883911132813, 685.1244506835938, 644.0284423828125, 527.32958984375, 476.7989501953125, 362.3674926757813][420.5816345214844, 400.1636047363281, 402.9552917480469, 383.8757629394531, 368.72509765625, 362.4989013671875, 349.2112121582031;
 655.2693481445313, 627.2552490234375, 681.4524536132813, 638.6640014648438, 514.811279296875, 460.9775390625, 338.46435546875][453.2902221679688, 430.7571105957031, 434.6744384765625, 413.52685546875, 400.3465576171875, 393.1244812011719, 377.4463806152344;
 661.0257568359375, 633.783447265625, 685.1275024414063, 644.0327758789063, 527.3291625976563, 476.7968139648438, 362.365478515625][420.576416015625, 400.1677856445313, 402.9590759277344, 383.8821411132813, 368.7338562011719, 362.50537109375, 349.2138977050781;
 655.2643432617188, 627.253662109375, 681.4412841796875, 638.6556396484375, 514.80224609375, 460.9688720703125, 338.4613037109375][453.2802124023438, 430.7528381347656, 434.6725158691406, 413.5159301757813, 400.3390502929688, 393.1156005859375, 377.4420471191406;
 661.0228271484375, 633.7789916992188, 685.1216430664063, 644.0304565429688, 527.318115234375, 476.7952880859375, 362.3617248535156][420.5641784667969, 400.1592407226563, 402.9585571289063, 383.87841796875, 368.7180480957031, 362.4899291992188, 349.2088623046875;
 655.2529907226563, 627.24951171875, 681.4434814453125, 638.6563110351563, 514.800537109375, 460.9653930664063, 338.4625549316406][453.2798156738281, 430.7491760253906, 434.6714172363281, 413.5233459472656, 400.3362426757813, 393.1130065917969, 377.4454650878906;
 661.0286254882813, 633.779296875, 685.1248779296875, 644.0269165039063, 527.3244018554688, 476.7928161621094, 362.3568115234375][420.5765686035156, 400.1613159179688, 402.956787109375, 383.8749694824219, 368.7205200195313, 362.4941711425781, 349.2074890136719;
 655.2635498046875, 627.2545776367188, 681.4462280273438, 638.6556396484375, 514.7965087890625, 460.9719848632813, 338.4594421386719][453.290771484375, 430.7532958984375, 434.6837158203125, 413.5224914550781, 400.3459167480469, 393.1138610839844, 377.444091796875;
 661.0289306640625, 633.7782592773438, 685.1256103515625, 644.0244750976563, 527.3212890625, 476.7965393066406, 362.3600463867188][420.5803833007813, 400.1668701171875, 402.9620361328125, 383.8828125, 368.72509765625, 362.5008850097656, 349.2115478515625;
 655.261962890625, 627.2469482421875, 681.4432373046875, 638.65869140625, 514.7979125976563, 460.9686279296875, 338.4549560546875][453.2973327636719, 430.755859375, 434.6769714355469, 413.5176391601563, 400.3464050292969, 393.1190185546875, 377.4429626464844;
 661.025390625, 633.7816162109375, 685.1334228515625, 644.0213623046875, 527.32373046875, 476.8033447265625, 362.3619384765625][420.5804443359375, 400.1623229980469, 402.9642028808594, 383.8802795410156, 368.7192687988281, 362.4951782226563, 349.2109680175781;
 655.2625122070313, 627.2506713867188, 681.44970703125, 638.6551513671875, 514.80029296875, 460.9717407226563, 338.4573364257813][453.2857971191406, 430.7471313476563, 434.673095703125, 413.5120849609375, 400.3318176269531, 393.1117858886719, 377.4373779296875;
 661.03271484375, 633.78466796875, 685.1288452148438, 644.03076171875, 527.3287353515625, 476.7943725585938, 362.3649291992188][420.5809936523438, 400.159912109375, 402.9501342773438, 383.87841796875, 368.7178039550781, 362.4877319335938, 349.2057189941406;
 655.2683715820313, 627.251220703125, 681.4436645507813, 638.6564331054688, 514.8052368164063, 460.9735107421875, 338.4570007324219][453.2891235351563, 430.7449340820313, 434.6752014160156, 413.5093383789063, 400.3427124023438, 393.1151733398438, 377.4406127929688;
 661.0274658203125, 633.7811889648438, 685.1268920898438, 644.0298461914063, 527.32666015625, 476.7975463867188, 362.3655700683594][420.5780334472656, 400.166015625, 402.9635009765625, 383.8809204101563, 368.7286071777344, 362.5, 349.2194519042969;
 655.2677612304688, 627.2528076171875, 681.4482421875, 638.6646118164063, 514.8110961914063, 460.9808959960938, 338.462646484375][453.2914733886719, 430.7538757324219, 434.6753234863281, 413.5235595703125, 400.3473205566406, 393.1180725097656, 377.4443359375;
 661.0324096679688, 633.7901000976563, 685.1364135742188, 644.0306396484375, 527.3252563476563, 476.8064270019531, 362.3711242675781][420.5711975097656, 400.1729125976563, 402.9628295898438, 383.8715515136719, 368.7286376953125, 362.5035705566406, 349.2049255371094;
 655.2634887695313, 627.252197265625, 681.4497680664063, 638.6590576171875, 514.8049926757813, 460.977294921875, 338.4518432617188][453.2978515625, 430.7551574707031, 434.6792907714844, 413.5203857421875, 400.3436889648438, 393.1180419921875, 377.4405212402344;
 661.0326538085938, 633.7890625, 685.126708984375, 644.0389404296875, 527.3270874023438, 476.8078918457031, 362.3739624023438][420.5807495117188, 400.164794921875, 402.9632568359375, 383.8830261230469, 368.7252502441406, 362.4942932128906, 349.2070922851563;
 655.2810668945313, 627.2584838867188, 681.456298828125, 638.6707153320313, 514.8084716796875, 460.9857788085938, 338.4625854492188][453.2792053222656, 430.751220703125, 434.6768493652344, 413.5209045410156, 400.3398132324219, 393.1166076660156, 377.4404907226563;
 661.0296020507813, 633.7860717773438, 685.130859375, 644.0365600585938, 527.3306884765625, 476.8044128417969, 362.3691101074219][420.5791931152344, 400.1660766601563, 402.9600524902344, 383.8736267089844, 368.7174072265625, 362.4952697753906, 349.2091674804688;
 655.2732543945313, 627.2579956054688, 681.45556640625, 638.665771484375, 514.8081665039063, 460.9747924804688, 338.4650268554688][453.2868041992188, 430.747802734375, 434.6754760742188, 413.5150146484375, 400.3367004394531, 393.1172180175781, 377.4447631835938;
 661.0352783203125, 633.778076171875, 685.1259765625, 644.0310668945313, 527.3260498046875, 476.8019714355469, 362.3680725097656][420.5767211914063, 400.1646118164063, 402.9667053222656, 383.8769836425781, 368.7283630371094, 362.4967956542969, 349.2122497558594;
 655.2686157226563, 627.2476806640625, 681.4443969726563, 638.659423828125, 514.809814453125, 460.9808654785156, 338.4642639160156][453.2933654785156, 430.744384765625, 434.6787109375, 413.5234680175781, 400.3458862304688, 393.1193237304688, 377.4480590820313;
 661.0299682617188, 633.785400390625, 685.1337890625, 644.0314331054688, 527.3265380859375, 476.7974853515625, 362.3649291992188][420.5771484375, 400.1690368652344, 402.9627380371094, 383.8804626464844, 368.7331848144531, 362.4959716796875, 349.2148742675781;
 655.2649536132813, 627.2540893554688, 681.4434814453125, 638.662109375, 514.8048095703125, 460.9690246582031, 338.46435546875][453.2851867675781, 430.7550354003906, 434.6734924316406, 413.522705078125, 400.3353271484375, 393.1183471679688, 377.446533203125;
 661.0318603515625, 633.7883911132813, 685.130859375, 644.0300903320313, 527.321533203125, 476.8012084960938, 362.3678283691406][420.5758361816406, 400.1640319824219, 402.9677734375, 383.8780517578125, 368.7243041992188, 362.4965209960938, 349.20849609375;
 655.264892578125, 627.2592163085938, 681.4518432617188, 638.6656494140625, 514.8059692382813, 460.974365234375, 338.4627075195313][453.2928161621094, 430.7537536621094, 434.67431640625, 413.5177917480469, 400.3453674316406, 393.1179809570313, 377.4467468261719;
 661.0308227539063, 633.785400390625, 685.1293334960938, 644.0352172851563, 527.3285522460938, 476.8075256347656, 362.3732299804688][420.5735473632813, 400.156982421875, 402.9576416015625, 383.8747253417969, 368.7219848632813, 362.4931335449219, 349.20654296875;
 655.2630615234375, 627.259521484375, 681.4558715820313, 638.6661376953125, 514.8074951171875, 460.974609375, 338.4654846191406][453.2883605957031, 430.7490234375, 434.6772766113281, 413.5158996582031, 400.3378295898438, 393.11279296875, 377.4444885253906;
 661.0333862304688, 633.794677734375, 685.1318969726563, 644.0364990234375, 527.33056640625, 476.8057250976563, 362.3728942871094][420.5750732421875, 400.1521301269531, 402.9636840820313, 383.8773193359375, 368.7216491699219, 362.4955444335938, 349.2077941894531;
 655.2809448242188, 627.2597045898438, 681.4588623046875, 638.6690063476563, 514.806640625, 460.9767150878906, 338.4691162109375][453.29736328125, 430.7598876953125, 434.6779174804688, 413.5249938964844, 400.350341796875, 393.1177673339844, 377.4516296386719;
 661.0238037109375, 633.7918090820313, 685.1358642578125, 644.0320434570313, 527.3225708007813, 476.8047485351563, 362.3709716796875][420.5795288085938, 400.1774597167969, 402.9682006835938, 383.8814697265625, 368.7288818359375, 362.4967956542969, 349.2145385742188;
 655.2681884765625, 627.2628173828125, 681.4598388671875, 638.6763916015625, 514.8121948242188, 460.9748229980469, 338.4657592773438][453.2896118164063, 430.7564392089844, 434.6797180175781, 413.5131530761719, 400.3397521972656, 393.1192932128906, 377.4496459960938;
 661.0320434570313, 633.7886352539063, 685.1283569335938, 644.0346069335938, 527.326416015625, 476.8056335449219, 362.3663940429688][420.5787658691406, 400.1594848632813, 402.9660949707031, 383.8810424804688, 368.7269287109375, 362.5011291503906, 349.2134094238281;
 655.2736206054688, 627.257568359375, 681.4675903320313, 638.6656494140625, 514.8102416992188, 460.9797973632813, 338.474609375][453.2931213378906, 430.7521667480469, 434.6727294921875, 413.5230712890625, 400.3441772460938, 393.1211853027344, 377.4537963867188;
 661.0242919921875, 633.7930908203125, 685.1263427734375, 644.035400390625, 527.3291625976563, 476.8033142089844, 362.3695068359375][420.5805969238281, 400.1706237792969, 402.9542541503906, 383.8873291015625, 368.7264709472656, 362.5037536621094, 349.2156982421875;
 655.2682495117188, 627.25927734375, 681.44921875, 638.6678466796875, 514.8118896484375, 460.9755859375, 338.470458984375][453.2905883789063, 430.7430419921875, 434.6735534667969, 413.5232238769531, 400.3392028808594, 393.1164245605469, 377.4451904296875;
 661.0339965820313, 633.7828369140625, 685.1303100585938, 644.0390014648438, 527.3255004882813, 476.8078308105469, 362.3736267089844][420.5791931152344, 400.159423828125, 402.9622802734375, 383.8809204101563, 368.7232055664063, 362.4934692382813, 349.2092895507813;
 655.2752685546875, 627.2550659179688, 681.453125, 638.6703491210938, 514.8048706054688, 460.9787292480469, 338.4688415527344][453.2931823730469, 430.7545471191406, 434.6676025390625, 413.5210266113281, 400.3436889648438, 393.1188659667969, 377.4465026855469;
 661.02978515625, 633.7913208007813, 685.1349487304688, 644.03564453125, 527.3289794921875, 476.8072814941406, 362.37158203125][420.5635986328125, 400.1643676757813, 402.9509582519531, 383.8724670410156, 368.7210388183594, 362.4947814941406, 349.2098388671875;
 655.2749633789063, 627.2659912109375, 681.4534912109375, 638.6707763671875, 514.8092041015625, 460.9849853515625, 338.4673156738281][453.2900695800781, 430.7462768554688, 434.6734313964844, 413.5140686035156, 400.3426818847656, 393.117919921875, 377.435791015625;
 661.0367431640625, 633.7850952148438, 685.1312866210938, 644.03369140625, 527.3342895507813, 476.8075561523438, 362.373046875][420.5743408203125, 400.1656188964844, 402.9620056152344, 383.8746643066406, 368.7238464355469, 362.4923706054688, 349.2034606933594;
 655.2704467773438, 627.2568969726563, 681.4536743164063, 638.6648559570313, 514.8057861328125, 460.9761657714844, 338.4632568359375][453.2919006347656, 430.7520141601563, 434.6837463378906, 413.5145874023438, 400.3420715332031, 393.1206970214844, 377.443115234375;
 661.02978515625, 633.7800903320313, 685.1228637695313, 644.0321655273438, 527.32666015625, 476.8054809570313, 362.3602294921875][420.578857421875, 400.1648864746094, 402.9597473144531, 383.8794555664063, 368.726318359375, 362.4959106445313, 349.2093200683594;
 655.2664794921875, 627.2570190429688, 681.4476318359375, 638.6656494140625, 514.8104858398438, 460.9798583984375, 338.467041015625][453.2943115234375, 430.7558898925781, 434.6767578125, 413.5213317871094, 400.3431396484375, 393.1243591308594, 377.4459838867188;
 661.0292358398438, 633.7821044921875, 685.1339111328125, 644.0354614257813, 527.3231811523438, 476.8019104003906, 362.3658447265625][420.5742797851563, 400.1640014648438, 402.9505615234375, 383.8797912597656, 368.7228698730469, 362.4950866699219, 349.2128295898438;
 655.2632446289063, 627.251220703125, 681.4427490234375, 638.6585693359375, 514.8020629882813, 460.9735412597656, 338.4585266113281][453.2958374023438, 430.7498779296875, 434.6748657226563, 413.5233459472656, 400.3428344726563, 393.1187438964844, 377.4449157714844;
 661.0347900390625, 633.7813720703125, 685.1331787109375, 644.0289916992188, 527.3304443359375, 476.8079833984375, 362.3662414550781][420.5708923339844, 400.1560668945313, 402.9540405273438, 383.8773498535156, 368.7242431640625, 362.4922790527344, 349.2073974609375;
 655.26611328125, 627.252197265625, 681.4490966796875, 638.65966796875, 514.80615234375, 460.9724731445313, 338.4623107910156][453.2921447753906, 430.7494506835938, 434.6753845214844, 413.5216369628906, 400.3481750488281, 393.1195983886719, 377.4455261230469;
 661.0303955078125, 633.779052734375, 685.132568359375, 644.0302734375, 527.32373046875, 476.8038024902344, 362.3671264648438][420.5765991210938, 400.1654052734375, 402.9645080566406, 383.8807983398438, 368.7284851074219, 362.5037536621094, 349.2142333984375;
 655.2738037109375, 627.261474609375, 681.4573974609375, 638.6634521484375, 514.805908203125, 460.9731140136719, 338.464111328125][453.2955017089844, 430.7583312988281, 434.6785583496094, 413.51708984375, 400.3391723632813, 393.1169128417969, 377.4454040527344;
 661.0306396484375, 633.7879028320313, 685.1325073242188, 644.0361938476563, 527.3326416015625, 476.8022766113281, 362.3643493652344][420.578857421875, 400.156494140625, 402.9633178710938, 383.8778381347656, 368.7261962890625, 362.5006103515625, 349.2122497558594;
 655.2770385742188, 627.2617797851563, 681.4586791992188, 638.666748046875, 514.8161010742188, 460.9759826660156, 338.4662475585938][453.2808837890625, 430.7445678710938, 434.6752319335938, 413.5142211914063, 400.3349914550781, 393.1142578125, 377.4435729980469;
 661.032958984375, 633.7863159179688, 685.1327514648438, 644.0262451171875, 527.3272094726563, 476.8040161132813, 362.366943359375][420.5674133300781, 400.1465759277344, 402.9536743164063, 383.872802734375, 368.7186584472656, 362.4906311035156, 349.2064208984375;
 655.2716674804688, 627.2633666992188, 681.4479370117188, 638.6656494140625, 514.8134155273438, 460.9785461425781, 338.4656066894531][453.2947692871094, 430.7576293945313, 434.6857299804688, 413.5259704589844, 400.3572998046875, 393.1250915527344, 377.4533386230469;
 661.0302124023438, 633.7789916992188, 685.13720703125, 644.0305786132813, 527.3267211914063, 476.8059387207031, 362.3664855957031][420.5797729492188, 400.1627197265625, 402.962890625, 383.88134765625, 368.732177734375, 362.5048828125, 349.2151184082031;
 655.268310546875, 627.2506103515625, 681.4510498046875, 638.6593017578125, 514.8107299804688, 460.9779052734375, 338.4638366699219][453.2911071777344, 430.7489929199219, 434.6780090332031, 413.5139465332031, 400.3328857421875, 393.1192626953125, 377.4470825195313;
 661.032470703125, 633.7809448242188, 685.1307373046875, 644.0411987304688, 527.3314208984375, 476.8078308105469, 362.3720397949219][420.5823364257813, 400.15673828125, 402.9540405273438, 383.8724975585938, 368.7257385253906, 362.4954528808594, 349.2082214355469;
 655.2705688476563, 627.2610473632813, 681.4454345703125, 638.6664428710938, 514.8076171875, 460.9813232421875, 338.4665222167969][453.2921447753906, 430.7471923828125, 434.6767272949219, 413.5154724121094, 400.3406372070313, 393.1180725097656, 377.4384155273438;
 661.0333862304688, 633.7887573242188, 685.1328125, 644.0340576171875, 527.3395385742188, 476.8085632324219, 362.3701171875][420.5726928710938, 400.1565856933594, 402.9565124511719, 383.8768615722656, 368.7294616699219, 362.4995422363281, 349.2086181640625;
 655.2749633789063, 627.2622680664063, 681.4633178710938, 638.6749267578125, 514.8131103515625, 460.9796142578125, 338.47216796875][453.2888793945313, 430.7554016113281, 434.6821594238281, 413.5230712890625, 400.3409729003906, 393.1239624023438, 377.44873046875;
 661.0385131835938, 633.7910766601563, 685.1297607421875, 644.0338134765625, 527.3251342773438, 476.802734375, 362.3632507324219][420.5736999511719, 400.1608276367188, 402.9583435058594, 383.8878173828125, 368.7252197265625, 362.4977111816406, 349.2136840820313;
 655.2702026367188, 627.2608642578125, 681.4563598632813, 638.66552734375, 514.8043212890625, 460.9822998046875, 338.4680786132813][453.2807922363281, 430.7489013671875, 434.6700439453125, 413.5204467773438, 400.3388977050781, 393.1143188476563, 377.4396667480469;
 661.0309448242188, 633.7841796875, 685.126708984375, 644.0255737304688, 527.3319091796875, 476.7928161621094, 362.3653564453125][420.5747680664063, 400.1568908691406, 402.9545593261719, 383.8743591308594, 368.7169799804688, 362.4941711425781, 349.2126159667969;
 655.273193359375, 627.2586669921875, 681.4515380859375, 638.6705322265625, 514.8065185546875, 460.9782409667969, 338.4630737304688][453.2919006347656, 430.757568359375, 434.6799011230469, 413.5264282226563, 400.3493347167969, 393.1219787597656, 377.4462890625;
 661.0291748046875, 633.7891845703125, 685.1340942382813, 644.0354614257813, 527.327392578125, 476.8099365234375, 362.3619689941406][420.5763244628906, 400.1653747558594, 402.95458984375, 383.8802185058594, 368.7256469726563, 362.4933776855469, 349.2148742675781;
 655.2651977539063, 627.2542724609375, 681.4448852539063, 638.6688232421875, 514.8069458007813, 460.9761962890625, 338.4581604003906][453.2936401367188, 430.75341796875, 434.67529296875, 413.5304565429688, 400.349609375, 393.1233825683594, 377.4529724121094;
 661.0357055664063, 633.78955078125, 685.143798828125, 644.0484619140625, 527.3370971679688, 476.8133544921875, 362.3755493164063][420.5785827636719, 400.1671142578125, 402.964599609375, 383.8818054199219, 368.7331848144531, 362.5071716308594, 349.2188720703125;
 655.2797241210938, 627.2630004882813, 681.4614868164063, 638.6702270507813, 514.8165283203125, 460.9832458496094, 338.4691162109375][453.2921447753906, 430.7557983398438, 434.6729125976563, 413.5208129882813, 400.3450012207031, 393.1127014160156, 377.4479675292969;
 661.0382690429688, 633.792236328125, 685.1380004882813, 644.0357666015625, 527.3330078125, 476.8091735839844, 362.3740539550781][420.5780029296875, 400.16064453125, 402.9580383300781, 383.8778686523438, 368.7244873046875, 362.4921875, 349.208984375;
 655.2759399414063, 627.263427734375, 681.4552612304688, 638.6734619140625, 514.8093872070313, 460.9789733886719, 338.4700927734375][453.2950134277344, 430.7593078613281, 434.6847229003906, 413.516845703125, 400.3493957519531, 393.1329345703125, 377.4636535644531;
 661.0400390625, 633.7896728515625, 685.1472778320313, 644.03662109375, 527.3361206054688, 476.8123168945313, 362.3744506835938][420.5745239257813, 400.1694641113281, 402.9595336914063, 383.8852844238281, 368.7302856445313, 362.5054626464844, 349.2271118164063;
 655.2809448242188, 627.2614135742188, 681.4557495117188, 638.6690673828125, 514.8167114257813, 460.9885864257813, 338.4761962890625][453.2953491210938, 430.7575988769531, 434.6787109375, 413.5252990722656, 400.3444519042969, 393.1220397949219, 377.4528198242188;
 661.03759765625, 633.797607421875, 685.1437377929688, 644.0338745117188, 527.3386840820313, 476.8105773925781, 362.3669738769531][420.5732116699219, 400.1598815917969, 402.9596557617188, 383.8860473632813, 368.7274475097656, 362.49951171875, 349.2123107910156;
 655.2777099609375, 627.2587890625, 681.4625854492188, 638.6717529296875, 514.8133544921875, 460.9835815429688, 338.4723205566406][453.2939147949219, 430.754150390625, 434.6700744628906, 413.5273132324219, 400.3429565429688, 393.1238403320313, 377.4462280273438;
 661.0403442382813, 633.7918090820313, 685.130615234375, 644.0453491210938, 527.3316040039063, 476.8052978515625, 362.3766784667969][420.5736083984375, 400.1661987304688, 402.9598083496094, 383.8861083984375, 368.7247314453125, 362.4981994628906, 349.2121276855469;
 655.275390625, 627.2669677734375, 681.4628295898438, 638.6668701171875, 514.817626953125, 460.9837951660156, 338.4762268066406][453.2951354980469, 430.74951171875, 434.671142578125, 413.5137939453125, 400.3443298339844, 393.1199035644531, 377.4431457519531;
 661.0346069335938, 633.7861328125, 685.1381225585938, 644.0360107421875, 527.3328247070313, 476.8036499023438, 362.3661499023438][420.5793151855469, 400.1634216308594, 402.9600830078125, 383.8829345703125, 368.7204284667969, 362.4932250976563, 349.2061462402344;
 655.2885131835938, 627.2659301757813, 681.453857421875, 638.6696166992188, 514.8098754882813, 460.9826965332031, 338.4679260253906][453.2896728515625, 430.7519836425781, 434.6788940429688, 413.5152893066406, 400.3444213867188, 393.1160278320313, 377.4421997070313;
 661.047119140625, 633.7900390625, 685.1378173828125, 644.0404663085938, 527.3341674804688, 476.8157043457031, 362.3759460449219][420.5713195800781, 400.1543273925781, 402.952392578125, 383.883056640625, 368.7272644042969, 362.4946594238281, 349.2091369628906;
 655.2789916992188, 627.274658203125, 681.4573364257813, 638.6718139648438, 514.8223266601563, 460.993408203125, 338.476806640625][453.2920532226563, 430.7568664550781, 434.6734924316406, 413.5105590820313, 400.3356018066406, 393.1162414550781, 377.4385375976563;
 661.0308837890625, 633.787841796875, 685.1399536132813, 644.0343627929688, 527.3279418945313, 476.812255859375, 362.3779296875][420.5785522460938, 400.1497497558594, 402.9515075683594, 383.8766784667969, 368.7176818847656, 362.4913330078125, 349.1997375488281;
 655.2767333984375, 627.2655029296875, 681.459228515625, 638.6700439453125, 514.812255859375, 460.9871215820313, 338.4749755859375][453.29296875, 430.7538452148438, 434.6803283691406, 413.5196228027344, 400.3441772460938, 393.1152038574219, 377.4356079101563;
 661.02587890625, 633.7942504882813, 685.1337280273438, 644.0360717773438, 527.3314208984375, 476.8037719726563, 362.3672485351563][420.5682067871094, 400.159423828125, 402.9553527832031, 383.8784484863281, 368.7284545898438, 362.4952392578125, 349.2073974609375;
 655.2764282226563, 627.263916015625, 681.4569091796875, 638.6670532226563, 514.8146362304688, 460.9793090820313, 338.4665832519531][453.2893371582031, 430.747802734375, 434.6715087890625, 413.5143432617188, 400.3338928222656, 393.1133728027344, 377.4385986328125;
 661.0339965820313, 633.7846069335938, 685.1285400390625, 644.0322875976563, 527.3237915039063, 476.8032531738281, 362.3634033203125][420.57275390625, 400.1678466796875, 402.9675903320313, 383.8836364746094, 368.7219848632813, 362.4904479980469, 349.2070007324219;
 655.2711791992188, 627.2548217773438, 681.4493408203125, 638.6592407226563, 514.8027954101563, 460.97119140625, 338.4715576171875][453.2948913574219, 430.7525024414063, 434.6815490722656, 413.5270385742188, 400.3487548828125, 393.1206665039063, 377.4495849609375;
 661.0299682617188, 633.7832641601563, 685.13134765625, 644.0361938476563, 527.322021484375, 476.8046264648438, 362.3737487792969][420.57470703125, 400.1644592285156, 402.9593505859375, 383.8797302246094, 368.7300720214844, 362.4963684082031, 349.2138061523438;
 655.2728271484375, 627.2612915039063, 681.45703125, 638.66015625, 514.8096313476563, 460.9817504882813, 338.4667053222656][453.2909240722656, 430.7523803710938, 434.6788024902344, 413.5313720703125, 400.3504638671875, 393.1172485351563, 377.4502258300781;
 661.03076171875, 633.7823486328125, 685.1270751953125, 644.033935546875, 527.330078125, 476.7992858886719, 362.3663940429688][420.5746154785156, 400.1562805175781, 402.9601135253906, 383.8823852539063, 368.7268676757813, 362.4972534179688, 349.2096252441406;
 655.26904296875, 627.2591552734375, 681.455810546875, 638.65966796875, 514.806884765625, 460.979248046875, 338.4679565429688][453.2800903320313, 430.7448425292969, 434.6776428222656, 413.5234069824219, 400.3434753417969, 393.1149597167969, 377.4435729980469;
 661.0318603515625, 633.7850341796875, 685.1362915039063, 644.0374145507813, 527.3327026367188, 476.807861328125, 362.36474609375][420.5751037597656, 400.1596374511719, 402.9580383300781, 383.8782348632813, 368.7222595214844, 362.5000610351563, 349.2161254882813;
 655.2667846679688, 627.254150390625, 681.4532470703125, 638.666015625, 514.8114013671875, 460.9794006347656, 338.4670104980469][453.29248046875, 430.7519226074219, 434.6739807128906, 413.5194396972656, 400.3478088378906, 393.123291015625, 377.4524841308594;
 661.0370483398438, 633.7899169921875, 685.1364135742188, 644.0310668945313, 527.33251953125, 476.8092041015625, 362.3692626953125][420.576171875, 400.1631164550781, 402.9535522460938, 383.8819885253906, 368.7342529296875, 362.5066528320313, 349.2192077636719;
 655.273681640625, 627.26318359375, 681.4559326171875, 638.669189453125, 514.8164672851563, 460.9790954589844, 338.4714660644531][453.2794494628906, 430.7416687011719, 434.6647338867188, 413.5115051269531, 400.3322143554688, 393.1134948730469, 377.43701171875;
 661.02978515625, 633.7813110351563, 685.1295166015625, 644.0191040039063, 527.3275146484375, 476.8018493652344, 362.3695373535156][420.5783996582031, 400.1531372070313, 402.952880859375, 383.8810424804688, 368.7219848632813, 362.4882507324219, 349.1993103027344;
 655.2666625976563, 627.2559204101563, 681.4482421875, 638.6590576171875, 514.8018798828125, 460.974609375, 338.4626770019531][453.2923583984375, 430.7453002929688, 434.674560546875, 413.5224914550781, 400.34375, 393.1116027832031, 377.4401550292969;
 661.0376586914063, 633.7859497070313, 685.1347045898438, 644.0345458984375, 527.3270263671875, 476.8005676269531, 362.3594970703125][420.5721130371094, 400.161376953125, 402.9575805664063, 383.8752746582031, 368.7271118164063, 362.4977722167969, 349.2109985351563;
 655.2802734375, 627.2599487304688, 681.4530029296875, 638.6705932617188, 514.8237915039063, 460.9810791015625, 338.4712829589844][453.2769470214844, 430.7470703125, 434.6695251464844, 413.5144958496094, 400.3414916992188, 393.1186218261719, 377.4477844238281;
 661.0355834960938, 633.794677734375, 685.1336669921875, 644.0438842773438, 527.3331298828125, 476.8081970214844, 362.3788146972656][420.573486328125, 400.1619873046875, 402.9681091308594, 383.874755859375, 368.7279663085938, 362.4996643066406, 349.2127685546875;
 655.2750854492188, 627.2606201171875, 681.4603881835938, 638.6682739257813, 514.815673828125, 460.9805297851563, 338.47216796875][453.2774353027344, 430.7387084960938, 434.6694030761719, 413.504150390625, 400.3375244140625, 393.1121215820313, 377.4456176757813;
 661.034423828125, 633.7925415039063, 685.1425170898438, 644.042236328125, 527.338623046875, 476.8131713867188, 362.37890625][420.5759887695313, 400.1602478027344, 402.9541931152344, 383.8855895996094, 368.7267150878906, 362.5002136230469, 349.2216186523438;
 655.2742309570313, 627.2665405273438, 681.4586181640625, 638.6652221679688, 514.8101196289063, 460.9777526855469, 338.4752807617188][453.2877502441406, 430.7492980957031, 434.6687316894531, 413.5154113769531, 400.3469543457031, 393.1173706054688, 377.4431457519531;
 661.0255737304688, 633.7864379882813, 685.13134765625, 644.033447265625, 527.3228759765625, 476.7988586425781, 362.3658752441406][420.5711059570313, 400.1568298339844, 402.9511108398438, 383.8765869140625, 368.7213134765625, 362.4903869628906, 349.2120361328125;
 655.2685546875, 627.254638671875, 681.4512939453125, 638.6637573242188, 514.8040771484375, 460.9701232910156, 338.4685668945313][453.2864685058594, 430.7518310546875, 434.6655883789063, 413.5167846679688, 400.3390197753906, 393.1163024902344, 377.4436645507813;
 661.0234985351563, 633.778564453125, 685.121826171875, 644.0252075195313, 527.3290405273438, 476.7968139648438, 362.359130859375][420.5655517578125, 400.1557922363281, 402.9503173828125, 383.8714904785156, 368.7190246582031, 362.4894714355469, 349.204345703125;
 655.2700805664063, 627.2479248046875, 681.446044921875, 638.6619873046875, 514.8055419921875, 460.9691467285156, 338.4522705078125][453.2958679199219, 430.7469787597656, 434.6708068847656, 413.515380859375, 400.3406066894531, 393.114990234375, 377.4520263671875;
 661.0298461914063, 633.7791137695313, 685.1218872070313, 644.035400390625, 527.315185546875, 476.7994995117188, 362.3561706542969][420.5776977539063, 400.1589965820313, 402.9563598632813, 383.8805847167969, 368.7232360839844, 362.5030212402344, 349.2149658203125;
 655.2659301757813, 627.25341796875, 681.4468383789063, 638.6549072265625, 514.7976684570313, 460.9686279296875, 338.4566955566406][453.2843933105469, 430.7433166503906, 434.6724243164063, 413.5088195800781, 400.34228515625, 393.1116638183594, 377.4464111328125;
 661.03369140625, 633.791259765625, 685.1362915039063, 644.0293579101563, 527.32861328125, 476.806884765625, 362.3674621582031][420.5614624023438, 400.148681640625, 402.9508972167969, 383.8743896484375, 368.7162170410156, 362.4877319335938, 349.2120361328125;
 655.271728515625, 627.2623291015625, 681.4501953125, 638.666259765625, 514.8106689453125, 460.976318359375, 338.4657592773438][453.289306640625, 430.7527160644531, 434.6689758300781, 413.5155029296875, 400.3369750976563, 393.1178894042969, 377.4450988769531;
 661.0331420898438, 633.7866821289063, 685.134521484375, 644.0315551757813, 527.3236083984375, 476.8034057617188, 362.3699951171875][420.5771484375, 400.1710510253906, 402.960693359375, 383.8844909667969, 368.7254943847656, 362.5014953613281, 349.21484375;
 655.274658203125, 627.2525634765625, 681.4495849609375, 638.669921875, 514.805419921875, 460.9801330566406, 338.4619750976563][453.2944030761719, 430.7545471191406, 434.6823425292969, 413.52587890625, 400.349609375, 393.1257629394531, 377.4541320800781;
 661.0267944335938, 633.796630859375, 685.1297607421875, 644.032470703125, 527.326416015625, 476.8064270019531, 362.3663024902344][420.5797424316406, 400.1720886230469, 402.9620666503906, 383.8838195800781, 368.7229309082031, 362.4972534179688, 349.2142639160156;
 655.2620849609375, 627.25390625, 681.4502563476563, 638.6663818359375, 514.8148193359375, 460.9791564941406, 338.4661560058594][453.2834167480469, 430.7434387207031, 434.676025390625, 413.5127868652344, 400.3421020507813, 393.11474609375, 377.4457397460938;
 661.0330200195313, 633.798095703125, 685.1371459960938, 644.0322265625, 527.3294677734375, 476.8126220703125, 362.371826171875][420.5735473632813, 400.1633605957031, 402.9583435058594, 383.8788452148438, 368.7210693359375, 362.4931945800781, 349.2093505859375;
 655.273193359375, 627.262451171875, 681.4522705078125, 638.6636352539063, 514.8102416992188, 460.9828796386719, 338.4691162109375][453.2975158691406, 430.7490844726563, 434.6746826171875, 413.5207824707031, 400.3482666015625, 393.1190185546875, 377.4549865722656;
 661.0302124023438, 633.78759765625, 685.130615234375, 644.0377807617188, 527.329833984375, 476.8047485351563, 362.3677062988281][420.5763244628906, 400.1644897460938, 402.9585571289063, 383.8887023925781, 368.7308959960938, 362.502685546875, 349.2128295898438;
 655.26806640625, 627.2660522460938, 681.4473876953125, 638.666259765625, 514.804931640625, 460.9822387695313, 338.46533203125][453.2894287109375, 430.7519226074219, 434.6816711425781, 413.5225219726563, 400.3454895019531, 393.1203002929688, 377.443603515625;
 661.0287475585938, 633.7862548828125, 685.1304931640625, 644.036376953125, 527.3302001953125, 476.8054504394531, 362.3638305664063][420.5683898925781, 400.1639404296875, 402.9576416015625, 383.8779296875, 368.7208862304688, 362.4993591308594, 349.2129211425781;
 655.2723388671875, 627.2603759765625, 681.4474487304688, 638.6630249023438, 514.8095092773438, 460.9741516113281, 338.4658508300781][453.29150390625, 430.7484436035156, 434.6771850585938, 413.5162963867188, 400.339599609375, 393.1158752441406, 377.4435424804688;
 661.0322875976563, 633.7843017578125, 685.1272583007813, 644.0304565429688, 527.3272705078125, 476.8016357421875, 362.3688354492188][420.5707092285156, 400.1590576171875, 402.9513244628906, 383.8782653808594, 368.718505859375, 362.4925537109375, 349.2024841308594;
 655.267578125, 627.2498779296875, 681.4462280273438, 638.6616821289063, 514.8135986328125, 460.9753112792969, 338.4595031738281][453.2959594726563, 430.7522277832031, 434.6837463378906, 413.5269165039063, 400.3504943847656, 393.1216430664063, 377.4503479003906;
 661.03173828125, 633.791748046875, 685.1315307617188, 644.0346069335938, 527.3212280273438, 476.7994689941406, 362.3623657226563][420.5749816894531, 400.158447265625, 402.9583129882813, 383.8840637207031, 368.7283325195313, 362.4973449707031, 349.2114562988281;
 655.2695922851563, 627.2471313476563, 681.449951171875, 638.6651000976563, 514.8052368164063, 460.9703674316406, 338.4601440429688][453.3002319335938, 430.76220703125, 434.6852416992188, 413.5209045410156, 400.3507690429688, 393.125244140625, 377.4530639648438;
 661.0321044921875, 633.7740478515625, 685.1234741210938, 644.0242309570313, 527.3162841796875, 476.7983703613281, 362.3642578125][420.5782165527344, 400.1701049804688, 402.9583435058594, 383.8801574707031, 368.730224609375, 362.5067443847656, 349.2163391113281;
 655.263916015625, 627.2512817382813, 681.4468383789063, 638.6604614257813, 514.803955078125, 460.9737548828125, 338.4555053710938][453.3027038574219, 430.7472229003906, 434.6826171875, 413.5260620117188, 400.3469543457031, 393.1265258789063, 377.4582214355469;
 661.0302734375, 633.7892456054688, 685.1287231445313, 644.0335083007813, 527.3251953125, 476.8072204589844, 362.3672485351563]