objeto:POINTER
[-278.1418151855469, -277.6920776367188, -289.5496826171875, -264.7523498535156;
 106.0574722290039, 157.4354858398438, 115.3647918701172, 134.5090179443359;
 1138.3671875, 1148.031372070313, 1124.429321289063, 1162.453857421875]centroid:[-279.0452617923893;
 132.0365503306733;
 1141.709672347694]
[-279.0452617923893;
 132.0365503306733;
 1141.709672347694]objeto:BROCA
[-306.2687377929688, -312.7327880859375, -303.0279541015625;
 -45.20708465576172, -151.9891510009766, 3.058168649673462;
 1108.455322265625, 1084.274169921875, 1119.169799804688]centroid:[8276.57107849326;
 648.7843245279364;
 -4499.226391319185]
[8276.57107849326;
 648.7843245279364;
 -4499.226391319185]objeto:POINTER
[-278.1418151855469, -277.6920776367188, -289.5496826171875, -264.7523498535156;
 106.0574722290039, 157.4354858398438, 115.3647918701172, 134.5090179443359;
 1138.3671875, 1148.031372070313, 1124.429321289063, 1162.453857421875]centroid:[-279.0452617923893;
 132.0365503306733;
 1141.709672347694]
[-279.0452617923893;
 132.0365503306733;
 1141.709672347694]objeto:BROCA
[-306.2687377929688, -312.7327880859375, -303.0279541015625;
 -45.20708465576172, -151.9891510009766, 3.058168649673462;
 1108.455322265625, 1084.274169921875, 1119.169799804688]centroid:[8276.57107849326;
 648.7843245279364;
 -4499.226391319185]
[8276.57107849326;
 648.7843245279364;
 -4499.226391319185]objeto:POINTER
[-278.15576171875, -277.6649169921875, -289.5513000488281, -264.7589111328125;
 106.0667190551758, 157.4364776611328, 115.3737869262695, 134.5152435302734;
 1138.39697265625, 1147.95263671875, 1124.450561523438, 1162.472290039063]centroid:[-279.0245331877936;
 132.0360268665591;
 1141.70299408821]
[-279.0245331877936;
 132.0360268665591;
 1141.70299408821]objeto:BROCA
[-306.2698974609375, -312.767822265625, -303.0213623046875;
 -45.20949554443359, -152.0050811767578, 3.054421186447144;
 1108.464965820313, 1084.333618164063, 1119.151123046875]centroid:[8247.093611938879;
 693.0182990412723;
 -4711.081692028791]
[8247.093611938879;
 693.0182990412723;
 -4711.081692028791]objeto:POINTER
[-278.1977844238281, -277.712646484375, -289.5710754394531, -264.7972106933594;
 106.0757904052734, 157.4367523193359, 115.3705444335938, 134.5225982666016;
 1138.52099609375, 1148.069580078125, 1124.495239257813, 1162.581420898438]centroid:[-279.1046868979993;
 132.0513808409233;
 1141.766322690865]
[-279.1046868979993;
 132.0513808409233;
 1141.766322690865]objeto:BROCA
[-306.2827758789063, -312.7651977539063, -303.0505065917969;
 -45.20990371704102, -152.0029602050781, 3.052221298217773;
 1108.497192382813, 1084.335815429688, 1119.2197265625]centroid:[8948.332833286375;
 653.9523131641035;
 -4713.740028858185]
[8948.332833286375;
 653.9523131641035;
 -4713.740028858185]objeto:POINTER
[-278.1754760742188, -277.6937561035156, -289.542724609375, -264.7803039550781;
 106.067497253418, 157.4321136474609, 115.3589706420898, 134.5074157714844;
 1138.4482421875, 1148.015747070313, 1124.408203125, 1162.523193359375]centroid:[-279.0931249101837;
 132.0481447410028;
 1141.688644867349]
[-279.0931249101837;
 132.0481447410028;
 1141.688644867349]objeto:BROCA
[-306.2818603515625, -312.7651672363281, -303.0514221191406;
 -45.21395492553711, -152.0014801025391, 3.050184488296509;
 1108.494384765625, 1084.341918945313, 1119.228515625]centroid:[9382.367156250402;
 599.7382942433615;
 -4592.861975580454]
[9382.367156250402;
 599.7382942433615;
 -4592.861975580454]objeto:POINTER
[-278.1622619628906, -277.6821594238281, -289.5351257324219, -264.7444152832031;
 106.0661849975586, 157.4317321777344, 115.3684387207031, 134.5045318603516;
 1138.42138671875, 1148.00244140625, 1124.388427734375, 1162.444458007813]centroid:[-279.0761793599784;
 132.0462803046972;
 1141.675750260281]
[-279.0761793599784;
 132.0462803046972;
 1141.675750260281]objeto:BROCA
[-306.2569580078125, -312.7565612792969, -303.0277709960938;
 -45.20132064819336, -151.9972381591797, 3.05534815788269;
 1108.421508789063, 1084.31494140625, 1119.174072265625]centroid:[10710.14574914239;
 395.4519345889566;
 -4063.471424289048]
[10710.14574914239;
 395.4519345889566;
 -4063.471424289048]objeto:POINTER
[-278.149658203125, -277.6491394042969, -289.5214233398438, -264.7593078613281;
 106.0622024536133, 157.4200744628906, 115.3639373779297, 134.508544921875;
 1138.407104492188, 1147.916137695313, 1124.365966796875, 1162.4873046875]centroid:[-279.0471975388364;
 132.0352315866556;
 1141.63365267753]
[-279.0471975388364;
 132.0352315866556;
 1141.63365267753]objeto:BROCA
[-306.2634582519531, -312.7517395019531, -303.014892578125;
 -45.2122917175293, -152.0037384033203, 3.048210859298706;
 1108.457153320313, 1084.319213867188, 1119.1484375]centroid:[8262.29306636937;
 663.0771145175822;
 -4577.572127223015]
[8262.29306636937;
 663.0771145175822;
 -4577.572127223015]objeto:POINTER
[-278.1596069335938, -277.68505859375, -289.5404052734375, -264.7621765136719;
 106.0680694580078, 157.4362335205078, 115.3655853271484, 134.5090789794922;
 1138.410766601563, 1148.008056640625, 1124.412353515625, 1162.486694335938]centroid:[-279.0670204064556;
 132.0466283072798;
 1141.689865601241]
[-279.0670204064556;
 132.0466283072798;
 1141.689865601241]objeto:BROCA
[-306.26025390625, -312.7328796386719, -303.0285034179688;
 -45.20425796508789, -151.9892730712891, 3.052020788192749;
 1108.44677734375, 1084.26513671875, 1119.20263671875]centroid:[9545.703799443319;
 517.9358417679614;
 -4264.135056845844]
[9545.703799443319;
 517.9358417679614;
 -4264.135056845844]objeto:POINTER
[-278.1587219238281, -277.6659545898438, -289.5301513671875, -264.7648315429688;
 106.0613784790039, 157.4256439208984, 115.3588562011719, 134.5050506591797;
 1138.393676757813, 1147.947631835938, 1124.3759765625, 1162.462158203125]centroid:[-279.0577463819867;
 132.0377748690026;
 1141.647702034704]
[-279.0577463819867;
 132.0377748690026;
 1141.647702034704]objeto:BROCA
[-306.259765625, -312.7486267089844, -303.0096435546875;
 -45.20006561279297, -151.9912872314453, 3.052791595458984;
 1108.424682617188, 1084.287963867188, 1119.107177734375]centroid:[8085.201001446694;
 677.0579554418946;
 -4592.282476007938]
[8085.201001446694;
 677.0579554418946;
 -4592.282476007938]objeto:POINTER
[-278.1615905761719, -277.6966857910156, -289.5492553710938, -264.7770080566406;
 106.0668334960938, 157.435302734375, 115.3664703369141, 134.5132751464844;
 1138.409301757813, 1148.044189453125, 1124.43408203125, 1162.515869140625]centroid:[-279.0699895177964;
 132.0449521755407;
 1141.714949357534]
[-279.0699895177964;
 132.0449521755407;
 1141.714949357534]objeto:BROCA
[-306.265380859375, -312.7485046386719, -303.0132751464844;
 -45.21010971069336, -151.9952239990234, 3.053813695907593;
 1108.452270507813, 1084.291870117188, 1119.137329101563]centroid:[7790.0371368872;
 697.4328144630126;
 -4595.383217304945]
[7790.0371368872;
 697.4328144630126;
 -4595.383217304945]objeto:POINTER
[-278.1480407714844, -277.6897277832031, -289.5408325195313, -264.782470703125;
 106.0619506835938, 157.4307708740234, 115.3652648925781, 134.5152893066406;
 1138.366943359375, 1148.005859375, 1124.40087890625, 1162.531860351563]centroid:[-279.0549180951189;
 132.0387240085212;
 1141.682321956174]
[-279.0549180951189;
 132.0387240085212;
 1141.682321956174]objeto:BROCA
[-306.2855529785156, -312.7566528320313, -303.0302429199219;
 -45.21278381347656, -151.9980163574219, 3.052564859390259;
 1108.50244140625, 1084.309204101563, 1119.16064453125]centroid:[6821.815762291662;
 767.9975743604664;
 -4636.10493414104]
[6821.815762291662;
 767.9975743604664;
 -4636.10493414104]objeto:POINTER
[-278.1676025390625, -277.6954650878906, -289.5423889160156, -264.765380859375;
 106.0728454589844, 157.4287719726563, 115.3633117675781, 134.5103912353516;
 1138.437377929688, 1148.0166015625, 1124.40869140625, 1162.486938476563]centroid:[-279.0898932821368;
 132.0489489416825;
 1141.685699636476]
[-279.0898932821368;
 132.0489489416825;
 1141.685699636476]objeto:BROCA
[-306.2702331542969, -312.7548217773438, -303.0404357910156;
 -45.20804595947266, -151.9955444335938, 3.055497646331787;
 1108.458618164063, 1084.3115234375, 1119.193237304688]centroid:[9485.211091673002;
 590.5576166706742;
 -4581.662932187319]
[9485.211091673002;
 590.5576166706742;
 -4581.662932187319]objeto:POINTER
[-278.1982116699219, -277.7022399902344, -289.5676879882813, -264.7905578613281;
 106.0677337646484, 157.4281158447266, 115.3638763427734, 134.5130004882813;
 1138.503540039063, 1148.035400390625, 1124.459228515625, 1162.548095703125]centroid:[-279.1050923360057;
 132.0445398230184;
 1141.73131511703]
[-279.1050923360057;
 132.0445398230184;
 1141.73131511703]objeto:BROCA
[-306.2886047363281, -312.7644348144531, -303.0622863769531;
 -45.20796966552734, -151.9970397949219, 3.051218032836914;
 1108.491333007813, 1084.331420898438, 1119.233276367188]centroid:[9546.158374693245;
 574.2287365775555;
 -4519.286340788007]
[9546.158374693245;
 574.2287365775555;
 -4519.286340788007]objeto:POINTER
[-278.18701171875, -277.6835327148438, -289.5763549804688, -264.8017578125;
 106.0702819824219, 157.4339447021484, 115.3727340698242, 134.5229034423828;
 1138.47265625, 1147.986450195313, 1124.493041992188, 1162.582885742188]centroid:[-279.060277602672;
 132.0390223869317;
 1141.740107172968]
[-279.060277602672;
 132.0390223869317;
 1141.740107172968]objeto:BROCA
[-306.280029296875, -312.7657470703125, -303.0447387695313;
 -45.21315765380859, -152.0037078857422, 3.050954103469849;
 1108.478515625, 1084.345458984375, 1119.205810546875]centroid:[9382.269910737872;
 567.524843501611;
 -4455.929512932897]
[9382.269910737872;
 567.524843501611;
 -4455.929512932897]objeto:POINTER
[-278.1795654296875, -277.6699829101563, -289.5547790527344, -264.7629089355469;
 106.0644226074219, 157.4336700439453, 115.3689880371094, 134.5057525634766;
 1138.457397460938, 1147.952270507813, 1124.447265625, 1162.481567382813]centroid:[-279.0544848574751;
 132.037547399555;
 1141.704613585368]
[-279.0544848574751;
 132.037547399555;
 1141.704613585368]objeto:BROCA
[-306.2813110351563, -312.7569274902344, -303.0457763671875;
 -45.21036529541016, -152, 3.055287837982178;
 1108.472412109375, 1084.31591796875, 1119.2138671875]centroid:[9390.386823054403;
 530.677758286678;
 -4285.751321986318]
[9390.386823054403;
 530.677758286678;
 -4285.751321986318]objeto:POINTER
[-278.1745300292969, -277.6796569824219, -289.5313110351563, -264.7606811523438;
 106.0649490356445, 157.4338073730469, 115.3601989746094, 134.5097808837891;
 1138.4326171875, 1147.996459960938, 1124.380859375, 1162.464599609375]centroid:[-279.086253284135;
 132.0484816394733;
 1141.667988154435]
[-279.086253284135;
 132.0484816394733;
 1141.667988154435]objeto:BROCA
[-306.2815551757813, -312.7466125488281, -303.0430297851563;
 -45.20575714111328, -151.9954376220703, 3.055073261260986;
 1108.486694335938, 1084.29638671875, 1119.2080078125]centroid:[8409.513781812973;
 643.3111911625165;
 -4509.057566542178]
[8409.513781812973;
 643.3111911625165;
 -4509.057566542178]objeto:POINTER
[-278.1733093261719, -277.6860656738281, -289.5513305664063, -264.7780151367188;
 106.0654678344727, 157.4347229003906, 115.3672180175781, 134.5123291015625;
 1138.450439453125, 1148.001831054688, 1124.432983398438, 1162.521362304688]centroid:[-279.0730828959726;
 132.043476776695;
 1141.706600415353]
[-279.0730828959726;
 132.043476776695;
 1141.706600415353]objeto:BROCA
[-306.2759704589844, -312.7574157714844, -303.0399475097656;
 -45.20845794677734, -151.9935760498047, 3.055974006652832;
 1108.484375, 1084.303833007813, 1119.202270507813]centroid:[8516.399914471433;
 694.1452918953728;
 -4770.232214450836]
[8516.399914471433;
 694.1452918953728;
 -4770.232214450836]objeto:POINTER
[-278.1690673828125, -277.6787109375, -289.5635681152344, -264.7702941894531;
 106.0671997070313, 157.4321746826172, 115.370002746582, 134.5149383544922;
 1138.4482421875, 1147.99658203125, 1124.4697265625, 1162.513061523438]centroid:[-279.0547103252397;
 132.0387395342883;
 1141.725538205608]
[-279.0547103252397;
 132.0387395342883;
 1141.725538205608]objeto:BROCA
[-306.265625, -312.7590026855469, -303.0291748046875;
 -45.20886993408203, -151.9979705810547, 3.051192045211792;
 1108.46923828125, 1084.332763671875, 1119.182006835938]centroid:[8998.359218198806;
 648.945181606774;
 -4715.11747713387]
[8998.359218198806;
 648.945181606774;
 -4715.11747713387]objeto:POINTER
[-278.1631774902344, -277.6958923339844, -289.5458068847656, -264.775146484375;
 106.0685958862305, 157.4428558349609, 115.3704833984375, 134.5116882324219;
 1138.404907226563, 1148.035034179688, 1124.429565429688, 1162.502685546875]centroid:[-279.0659414857462;
 132.0484624139029;
 1141.713438345515]
[-279.0659414857462;
 132.0484624139029;
 1141.713438345515]objeto:BROCA
[-306.2746276855469, -312.7478332519531, -303.0443115234375;
 -45.20493698120117, -151.9901733398438, 3.053565740585327;
 1108.477661132813, 1084.304809570313, 1119.2197265625]centroid:[9301.754869639874;
 578.2109185453883;
 -4467.240912303329]
[9301.754869639874;
 578.2109185453883;
 -4467.240912303329]objeto:POINTER
[-278.1616516113281, -277.7067260742188, -289.5401000976563, -264.7783813476563;
 106.0729598999023, 157.4467315673828, 115.373046875, 134.5122680664063;
 1138.40625, 1148.065063476563, 1124.403686523438, 1162.506469726563]centroid:[-279.0868985742467;
 132.0580447559631;
 1141.703873209555]
[-279.0868985742467;
 132.0580447559631;
 1141.703873209555]objeto:BROCA
[-306.2815246582031, -312.7551574707031, -303.0198059082031;
 -45.20280456542969, -151.9906158447266, 3.061593055725098;
 1108.479858398438, 1084.309204101563, 1119.14306640625]centroid:[7115.718244204298;
 707.8621820722474;
 -4455.306036867201]
[7115.718244204298;
 707.8621820722474;
 -4455.306036867201]objeto:POINTER
[-278.1397705078125, -277.689697265625, -289.5317993164063, -264.7682189941406;
 106.0635681152344, 157.4404296875, 115.3696746826172, 134.5172576904297;
 1138.37060546875, 1148.018310546875, 1124.392944335938, 1162.507690429688]centroid:[-279.0538460985984;
 132.0454621585296;
 1141.684820524554]
[-279.0538460985984;
 132.0454621585296;
 1141.684820524554]objeto:BROCA
[-306.2626037597656, -312.7579956054688, -303.0425109863281;
 -45.19829940795898, -151.9922180175781, 3.060385227203369;
 1108.4423828125, 1084.309326171875, 1119.1953125]centroid:[10519.28522828408;
 516.3166294602124;
 -4539.301479466259]
[10519.28522828408;
 516.3166294602124;
 -4539.301479466259]objeto:POINTER
[-278.1707763671875, -277.7059020996094, -289.5438537597656, -264.7825927734375;
 106.0757751464844, 157.4458465576172, 115.3695755004883, 134.5208740234375;
 1138.436645507813, 1148.041748046875, 1124.405883789063, 1162.5322265625]centroid:[-279.0972913600831;
 132.0597854318347;
 1141.696310750641]
[-279.0972913600831;
 132.0597854318347;
 1141.696310750641]objeto:BROCA
[-306.2650146484375, -312.7546691894531, -303.0208129882813;
 -45.19973373413086, -151.9898376464844, 3.060601472854614;
 1108.458984375, 1084.325927734375, 1119.1533203125]centroid:[8443.396063504741;
 668.5789389172132;
 -4652.149860475212]
[8443.396063504741;
 668.5789389172132;
 -4652.149860475212]objeto:POINTER
[-278.1570739746094, -277.6886901855469, -289.5394287109375, -264.7718200683594;
 106.0696334838867, 157.4360504150391, 115.3673477172852, 134.5138702392578;
 1138.396240234375, 1148.013671875, 1124.416259765625, 1162.506103515625]centroid:[-279.0623470132668;
 132.0461205451977;
 1141.694057483679]
[-279.0623470132668;
 132.0461205451977;
 1141.694057483679]objeto:BROCA
[-306.265869140625, -312.7533264160156, -303.0372314453125;
 -45.20462036132813, -151.993408203125, 3.059900760650635;
 1108.463989257813, 1084.3251953125, 1119.197875976563]centroid:[9608.052464520559;
 588.2532105062273;
 -4607.613527543843]
[9608.052464520559;
 588.2532105062273;
 -4607.613527543843]objeto:POINTER
[-278.1585083007813, -277.6831359863281, -289.5487365722656, -264.7715759277344;
 106.0629806518555, 157.4296875, 115.3711929321289, 134.5107269287109;
 1138.402465820313, 1147.98828125, 1124.429565429688, 1162.507202148438]centroid:[-279.0491333265555;
 132.0356203733582;
 1141.701153597179]
[-279.0491333265555;
 132.0356203733582;
 1141.701153597179]objeto:BROCA
[-306.2698974609375, -312.7447204589844, -303.0340576171875;
 -45.20536041259766, -151.9938049316406, 3.05345892906189;
 1108.473388671875, 1084.299438476563, 1119.185913085938]centroid:[8459.400566022843;
 680.4722546092235;
 -4693.85452419892]
[8459.400566022843;
 680.4722546092235;
 -4693.85452419892]objeto:POINTER
[-278.1621398925781, -277.6661682128906, -289.5516662597656, -264.7581481933594;
 106.0652389526367, 157.4231719970703, 115.3657608032227, 134.5096893310547;
 1138.4150390625, 1147.946533203125, 1124.440551757813, 1162.474853515625]centroid:[-279.0408290866808;
 132.0318725816752;
 1141.689394658143]
[-279.0408290866808;
 132.0318725816752;
 1141.689394658143]objeto:BROCA
[-306.2695007324219, -312.7454223632813, -303.0296020507813;
 -45.21132659912109, -151.9952239990234, 3.052542686462402;
 1108.466552734375, 1084.3037109375, 1119.182861328125]centroid:[8606.071106333286;
 636.3998057788122;
 -4541.32432481274]
[8606.071106333286;
 636.3998057788122;
 -4541.32432481274]objeto:POINTER
[-278.1397705078125, -277.6797180175781, -289.5421142578125, -264.7649536132813;
 106.0560531616211, 157.4308319091797, 115.3662109375, 134.5055084228516;
 1138.360229492188, 1147.998291015625, 1124.422607421875, 1162.497680664063]centroid:[-279.0312692756847;
 132.0313261634052;
 1141.698257327748]
[-279.0312692756847;
 132.0313261634052;
 1141.698257327748]objeto:BROCA
[-306.2800903320313, -312.7471923828125, -303.0344848632813;
 -45.20969009399414, -151.9986572265625, 3.050642967224121;
 1108.49609375, 1084.306884765625, 1119.201171875]centroid:[7971.365066193976;
 668.9712392466608;
 -4506.174159239978]
[7971.365066193976;
 668.9712392466608;
 -4506.174159239978]objeto:POINTER
[-278.1698608398438, -277.6877136230469, -289.536865234375, -264.7813720703125;
 106.0636596679688, 157.4336395263672, 115.3671493530273, 134.5121459960938;
 1138.451904296875, 1148.01416015625, 1124.410034179688, 1162.539672851563]centroid:[-279.0800639649893;
 132.0450159455466;
 1141.698954003829]
[-279.0800639649893;
 132.0450159455466;
 1141.698954003829]objeto:BROCA
[-306.2587280273438, -312.7542419433594, -303.0336608886719;
 -45.20731735229492, -152.0007629394531, 3.050748586654663;
 1108.442260742188, 1084.334594726563, 1119.20166015625]centroid:[10935.20357322507;
 367.9387868260674;
 -4000.077011570334]
[10935.20357322507;
 367.9387868260674;
 -4000.077011570334]objeto:POINTER
[-278.14599609375, -277.697021484375, -289.5369567871094, -264.7716369628906;
 106.0687561035156, 157.4467620849609, 115.366828918457, 134.5190277099609;
 1138.373901367188, 1148.05029296875, 1124.392944335938, 1162.5107421875]centroid:[-279.0715308237194;
 132.0549555983827;
 1141.687455164907]
[-279.0715308237194;
 132.0549555983827;
 1141.687455164907]objeto:BROCA
[-306.2733764648438, -312.7586669921875, -303.0484313964844;
 -45.20359039306641, -151.9934844970703, 3.062050580978394;
 1108.467041015625, 1084.329345703125, 1119.234130859375]centroid:[10616.12201885134;
 405.5668394711538;
 -4069.617140203714]
[10616.12201885134;
 405.5668394711538;
 -4069.617140203714]objeto:POINTER
[-278.1637268066406, -277.6885070800781, -289.5484008789063, -264.7709045410156;
 106.0736465454102, 157.4444885253906, 115.3723907470703, 134.5189666748047;
 1138.419677734375, 1148.025512695313, 1124.43359375, 1162.508911132813]centroid:[-279.0671485462284;
 132.0525486366428;
 1141.709542928517]
[-279.0671485462284;
 132.0525486366428;
 1141.709542928517]objeto:BROCA
[-306.2792358398438, -312.7620239257813, -303.0233154296875;
 -45.20586013793945, -151.994384765625, 3.060573816299438;
 1108.485107421875, 1084.331787109375, 1119.153930664063]centroid:[7460.502540276386;
 717.2698901125259;
 -4596.265139047056]
[7460.502540276386;
 717.2698901125259;
 -4596.265139047056]objeto:POINTER
[-278.16845703125, -277.6959838867188, -289.5536804199219, -264.7777404785156;
 106.0750961303711, 157.4430236816406, 115.3718719482422, 134.5149383544922;
 1138.4228515625, 1148.027954101563, 1124.438842773438, 1162.508422851563]centroid:[-279.0732558511285;
 132.0524287784815;
 1141.712598325439]
[-279.0732558511285;
 132.0524287784815;
 1141.712598325439]objeto:BROCA
[-306.288330078125, -312.7557373046875, -303.0322875976563;
 -45.19775772094727, -151.9930572509766, 3.060274600982666;
 1108.510131835938, 1084.322631835938, 1119.188354492188]centroid:[7331.412583686411;
 694.4154914022511;
 -4448.053788270801]
[7331.412583686411;
 694.4154914022511;
 -4448.053788270801]objeto:POINTER
[-278.1643676757813, -277.6849365234375, -289.5350036621094, -264.7893981933594;
 106.0767211914063, 157.4427947998047, 115.3739624023438, 134.521484375;
 1138.414672851563, 1147.9931640625, 1124.395874023438, 1162.552612304688]centroid:[-279.0727826950541;
 132.0552631871399;
 1141.676695481778]
[-279.0727826950541;
 132.0552631871399;
 1141.676695481778]objeto:BROCA
[-306.2725219726563, -312.7523193359375, -303.0317993164063;
 -45.19914627075195, -151.9870758056641, 3.059757232666016;
 1108.468627929688, 1084.293579101563, 1119.168334960938]centroid:[8098.136113372631;
 714.2821553617396;
 -4747.872882314026]
[8098.136113372631;
 714.2821553617396;
 -4747.872882314026]objeto:POINTER
[-278.1530151367188, -277.6875, -289.5202331542969, -264.7799682617188;
 106.0655059814453, 157.434814453125, 115.3618927001953, 134.5166015625;
 1138.406127929688, 1148.014282226563, 1124.35791015625, 1162.533325195313]centroid:[-279.0848949974249;
 132.0511938212221;
 1141.657177176209]
[-279.0848949974249;
 132.0511938212221;
 1141.657177176209]objeto:BROCA
[-306.2786560058594, -312.7449951171875, -303.0278015136719;
 -45.20963287353516, -151.9907836914063, 3.052907943725586;
 1108.46533203125, 1084.268798828125, 1119.166015625]centroid:[7719.931994332932;
 673.7724790793;
 -4457.980324056]
[7719.931994332932;
 673.7724790793;
 -4457.980324056]objeto:POINTER
[-278.1604919433594, -277.68603515625, -289.5406494140625, -264.7717590332031;
 106.0623245239258, 157.4390411376953, 115.3674697875977, 134.5076751708984;
 1138.401489257813, 1148.004028320313, 1124.406860351563, 1162.49658203125]centroid:[-279.0617092864634;
 132.043634513317;
 1141.691621768666]
[-279.0617092864634;
 132.043634513317;
 1141.691621768666]objeto:BROCA
[-306.2548217773438, -312.7444763183594, -303.0305480957031;
 -45.20944213867188, -151.9978942871094, 3.053472280502319;
 1108.42822265625, 1084.30126953125, 1119.173583984375]centroid:[10197.84605811723;
 520.7145782770822;
 -4471.063516259193]
[10197.84605811723;
 520.7145782770822;
 -4471.063516259193]objeto:POINTER
[-278.1634826660156, -277.68701171875, -289.5575561523438, -264.7640075683594;
 106.0609970092773, 157.4303894042969, 115.359130859375, 134.5047454833984;
 1138.432006835938, 1148.010131835938, 1124.461791992188, 1162.491943359375]centroid:[-279.0572721923755;
 132.035528493392;
 1141.722938381972]
[-279.0572721923755;
 132.035528493392;
 1141.722938381972]objeto:BROCA
[-306.2632751464844, -312.7359619140625, -303.0176696777344;
 -45.21004104614258, -151.9975128173828, 3.044715166091919;
 1108.459716796875, 1084.290771484375, 1119.161743164063]centroid:[8160.403709422797;
 653.4095164986793;
 -4494.627085089684]
[8160.403709422797;
 653.4095164986793;
 -4494.627085089684]objeto:POINTER
[-278.1816711425781, -277.6733093261719, -289.5358581542969, -264.7584838867188;
 106.0650329589844, 157.427001953125, 115.3608703613281, 134.5013122558594;
 1138.474853515625, 1147.990844726563, 1124.408813476563, 1162.480712890625]centroid:[-279.0858539438988;
 132.0440339089237;
 1141.686205833356]
[-279.0858539438988;
 132.0440339089237;
 1141.686205833356]objeto:BROCA
[-306.2809448242188, -312.7683410644531, -303.0273742675781;
 -45.21664047241211, -152.0108184814453, 3.045602798461914;
 1108.494506835938, 1084.3505859375, 1119.169555664063]centroid:[7761.322993207723;
 700.5489641737804;
 -4607.071519620717]
[7761.322993207723;
 700.5489641737804;
 -4607.071519620717]objeto:POINTER
[-278.1473388671875, -277.6942138671875, -289.5519714355469, -264.7713317871094;
 106.0577011108398, 157.4339904785156, 115.3625793457031, 134.5081787109375;
 1138.359008789063, 1148.036987304688, 1124.443115234375, 1162.506225585938]centroid:[-279.0420148915304;
 132.0342634244808;
 1141.7194076183]
[-279.0420148915304;
 132.0342634244808;
 1141.7194076183]objeto:BROCA
[-306.2734680175781, -312.7462158203125, -303.0325012207031;
 -45.21277618408203, -152.0009460449219, 3.049882888793945;
 1108.466552734375, 1084.301513671875, 1119.183959960938]centroid:[8593.807723838836;
 620.2701115701784;
 -4465.224418215454]
[8593.807723838836;
 620.2701115701784;
 -4465.224418215454]objeto:POINTER
[-278.161865234375, -277.6855773925781, -289.5510864257813, -264.7676696777344;
 106.0586471557617, 157.4303894042969, 115.3644409179688, 134.5070190429688;
 1138.412963867188, 1147.999145507813, 1124.433837890625, 1162.504150390625]centroid:[-279.0554742223968;
 132.0348137776808;
 1141.706610396781]
[-279.0554742223968;
 132.0348137776808;
 1141.706610396781]objeto:BROCA
[-306.2733154296875, -312.7607727050781, -303.0329284667969;
 -45.20986938476563, -152.0053558349609, 3.050904035568237;
 1108.471923828125, 1084.339477539063, 1119.183837890625]centroid:[8946.114261578768;
 608.0188687024929;
 -4518.857246100903]
[8946.114261578768;
 608.0188687024929;
 -4518.857246100903]objeto:POINTER
[-278.1763610839844, -277.6822509765625, -289.5701904296875, -264.7880554199219;
 106.0655670166016, 157.4256286621094, 115.3671875, 134.5043792724609;
 1138.439819335938, 1147.993530273438, 1124.47900390625, 1162.541381835938]centroid:[-279.0543134390866;
 132.0331230443593;
 1141.729144481132]
[-279.0543134390866;
 132.0331230443593;
 1141.729144481132]objeto:BROCA
[-306.2950439453125, -312.7638854980469, -303.0437316894531;
 -45.21555709838867, -152.0052795410156, 3.046365976333618;
 1108.522705078125, 1084.332885742188, 1119.206665039063]centroid:[7442.239474393427;
 711.5182075709163;
 -4552.989185515791]
[7442.239474393427;
 711.5182075709163;
 -4552.989185515791]objeto:POINTER
[-278.1767883300781, -277.6934204101563, -289.5427551269531, -264.7709655761719;
 106.0570220947266, 157.4298553466797, 115.3564071655273, 134.5048370361328;
 1138.4443359375, 1148.023071289063, 1124.405883789063, 1162.503540039063]centroid:[-279.0896445922155;
 132.0411168206961;
 1141.695452565801]
[-279.0896445922155;
 132.0411168206961;
 1141.695452565801]objeto:BROCA
[-306.2739562988281, -312.7626037597656, -303.0254211425781;
 -45.21343231201172, -152.0071411132813, 3.050474405288696;
 1108.46484375, 1084.32421875, 1119.16455078125]centroid:[8430.309873010963;
 640.3517395539238;
 -4521.77646484226]
[8430.309873010963;
 640.3517395539238;
 -4521.77646484226]objeto:POINTER
[-278.1458129882813, -277.6929016113281, -289.5369262695313, -264.7731323242188;
 106.0629425048828, 157.4439697265625, 115.368522644043, 134.5147857666016;
 1138.37890625, 1148.036865234375, 1124.387817382813, 1162.505126953125]centroid:[-279.0669555868536;
 132.0497164032109;
 1141.685576774056]
[-279.0669555868536;
 132.0497164032109;
 1141.685576774056]objeto:BROCA
[-306.2750244140625, -312.7389526367188, -303.0304565429688;
 -45.21050643920898, -151.9915618896484, 3.052494525909424;
 1108.479125976563, 1084.286987304688, 1119.180419921875]centroid:[7820.63825271558;
 690.2045400256902;
 -4557.609295655042]
[7820.63825271558;
 690.2045400256902;
 -4557.609295655042]objeto:POINTER
[-278.176025390625, -277.7121887207031, -289.572998046875, -264.7882385253906;
 106.0680999755859, 157.4469146728516, 115.3687515258789, 134.5164184570313;
 1138.454467773438, 1148.083984375, 1124.482666015625, 1162.551513671875]centroid:[-279.0836199991863;
 132.0505120964287;
 1141.760771329421]
[-279.0836199991863;
 132.0505120964287;
 1141.760771329421]objeto:BROCA
[-306.2955932617188, -312.7771606445313, -303.0572509765625;
 -45.2073974609375, -152.0036926269531, 3.053622484207153;
 1108.511352539063, 1084.352294921875, 1119.229614257813]centroid:[8792.61017049104;
 630.9142504930351;
 -4570.436054918915]
[8792.61017049104;
 630.9142504930351;
 -4570.436054918915]objeto:POINTER
[-278.15576171875, -277.6838073730469, -289.5465698242188, -264.7803344726563;
 106.068489074707, 157.4336395263672, 115.365478515625, 134.5184020996094;
 1138.401123046875, 1147.9931640625, 1124.419555664063, 1162.546264648438]centroid:[-279.059317556897;
 132.0434715246798;
 1141.687377960375]
[-279.059317556897;
 132.0434715246798;
 1141.687377960375]objeto:BROCA
[-306.2553100585938, -312.7463989257813, -303.0119934082031;
 -45.2097282409668, -151.9960632324219, 3.053873300552368;
 1108.438354492188, 1084.297729492188, 1119.12841796875]centroid:[8241.176531394944;
 710.0436718023411;
 -4779.851402919739]
[8241.176531394944;
 710.0436718023411;
 -4779.851402919739]objeto:POINTER
[-278.1631774902344, -277.6875915527344, -289.5679626464844, -264.7657165527344;
 106.0731964111328, 157.4406890869141, 115.3772888183594, 134.5170135498047;
 1138.428466796875, 1148.020263671875, 1124.481567382813, 1162.490966796875]centroid:[-279.0499595353508;
 132.0446240293982;
 1141.739488710617]
[-279.0499595353508;
 132.0446240293982;
 1141.739488710617]objeto:BROCA
[-306.2825317382813, -312.7415771484375, -303.0462646484375;
 -45.20330047607422, -151.9915161132813, 3.059132099151611;
 1108.511108398438, 1084.302490234375, 1119.230834960938]centroid:[8154.904094154015;
 680.6164601173805;
 -4599.205645292997]
[8154.904094154015;
 680.6164601173805;
 -4599.205645292997]objeto:POINTER
[-278.1617431640625, -277.7068481445313, -289.5494079589844, -264.78125;
 106.066520690918, 157.4453582763672, 115.3724517822266, 134.5154876708984;
 1138.411376953125, 1148.078735351563, 1124.440673828125, 1162.521606445313]centroid:[-279.0730100368647;
 132.0499617361071;
 1141.736006269913]
[-279.0730100368647;
 132.0499617361071;
 1141.736006269913]objeto:BROCA
[-306.2523193359375, -312.740478515625, -303.0208740234375;
 -45.19844055175781, -151.9937286376953, 3.054412126541138;
 1108.426513671875, 1084.291137695313, 1119.151123046875]centroid:[9426.24502395466;
 592.1422125243116;
 -4577.248067766428]
[9426.24502395466;
 592.1422125243116;
 -4577.248067766428]objeto:POINTER
[-278.1711730957031, -277.6963806152344, -289.5637817382813, -264.7866516113281;
 106.0711441040039, 157.4385375976563, 115.3718948364258, 134.5196075439453;
 1138.439697265625, 1148.032836914063, 1124.47900390625, 1162.564086914063]centroid:[-279.0622603058356;
 132.0440804774643;
 1141.743357491572]
[-279.0622603058356;
 132.0440804774643;
 1141.743357491572]objeto:BROCA
[-306.2764892578125, -312.756591796875, -303.0353698730469;
 -45.20832061767578, -152.0000915527344, 3.053183794021606;
 1108.471313476563, 1084.32861328125, 1119.193603515625]centroid:[9025.151357289404;
 566.6812802413478;
 -4351.897838611156]
[9025.151357289404;
 566.6812802413478;
 -4351.897838611156]objeto:POINTER
[-278.1661071777344, -277.708740234375, -289.5461120605469, -264.7686767578125;
 106.0615234375, 157.4383544921875, 115.364372253418, 134.5054168701172;
 1138.430541992188, 1148.069091796875, 1124.415893554688, 1162.492431640625]centroid:[-279.0910375587191;
 132.0479588420554;
 1141.716008143173]
[-279.0910375587191;
 132.0479588420554;
 1141.716008143173]objeto:BROCA
[-306.2825012207031, -312.764404296875, -303.0261840820313;
 -45.21236038208008, -152.0067901611328, 3.048824548721313;
 1108.49951171875, 1084.332641601563, 1119.182250976563]centroid:[7664.059263361618;
 684.8122209471039;
 -4504.188125837594]
[7664.059263361618;
 684.8122209471039;
 -4504.188125837594]objeto:POINTER
[-278.1860656738281, -277.6954345703125, -289.5604858398438, -264.7610778808594;
 106.065803527832, 157.4298858642578, 115.3634185791016, 134.5063171386719;
 1138.4794921875, 1148.020629882813, 1124.451293945313, 1162.480102539063]centroid:[-279.0893695809967;
 132.0426127297004;
 1141.722261983966]
[-279.0893695809967;
 132.0426127297004;
 1141.722261983966]objeto:BROCA
[-306.2742919921875, -312.7471008300781, -303.035400390625;
 -45.21401977539063, -152.0017547607422, 3.04930591583252;
 1108.47216796875, 1084.305786132813, 1119.187744140625]centroid:[8554.234464295208;
 641.3128809357877;
 -4547.310267791152]
[8554.234464295208;
 641.3128809357877;
 -4547.310267791152]objeto:POINTER
[-278.1632690429688, -277.6884460449219, -289.5458068847656, -264.7740783691406;
 106.065803527832, 157.4318542480469, 115.359504699707, 134.5055999755859;
 1138.427978515625, 1148.018676757813, 1124.423583984375, 1162.501708984375]centroid:[-279.0751302563559;
 132.0443517496689;
 1141.697459465272]
[-279.0751302563559;
 132.0443517496689;
 1141.697459465272]objeto:BROCA
[-306.2655944824219, -312.7568664550781, -303.03271484375;
 -45.21262741088867, -152.0056915283203, 3.054028034210205;
 1108.46044921875, 1084.33544921875, 1119.1865234375]centroid:[9521.247056744993;
 582.159317437865;
 -4562.2746867612]
[9521.247056744993;
 582.159317437865;
 -4562.2746867612]objeto:POINTER
[-278.1655578613281, -277.6907958984375, -289.5631103515625, -264.7835998535156;
 106.0629577636719, 157.4348907470703, 115.3694458007813, 134.510498046875;
 1138.422119140625, 1148.008544921875, 1124.466430664063, 1162.537841796875]centroid:[-279.0510979757992;
 132.0363177460829;
 1141.730853952999]
[-279.0510979757992;
 132.0363177460829;
 1141.730853952999]objeto:BROCA
[-306.2720336914063, -312.7467346191406, -303.0341491699219;
 -45.20756530761719, -151.9978332519531, 3.052184820175171;
 1108.465454101563, 1084.293701171875, 1119.1728515625]centroid:[8332.412533281371;
 685.1085950606939;
 -4680.884461756796]
[8332.412533281371;
 685.1085950606939;
 -4680.884461756796]objeto:POINTER
[-278.1661987304688, -277.684814453125, -289.5574340820313, -264.7803649902344;
 106.0733795166016, 157.4313812255859, 115.374870300293, 134.5211486816406;
 1138.416259765625, 1147.9853515625, 1124.43896484375, 1162.514282226563]centroid:[-279.0587736634525;
 132.0426212146729;
 1141.700072564719]
[-279.0587736634525;
 132.0426212146729;
 1141.700072564719]objeto:BROCA
[-306.2675476074219, -312.7494506835938, -303.0099792480469;
 -45.20759201049805, -151.9942016601563, 3.060113430023193;
 1108.45947265625, 1084.321166992188, 1119.133056640625]centroid:[7691.854402464814;
 676.1593158216856;
 -4479.729109600186]
[7691.854402464814;
 676.1593158216856;
 -4479.729109600186]objeto:POINTER
[-278.168212890625, -277.709228515625, -289.5366821289063, -264.7856140136719;
 106.0702209472656, 157.4421844482422, 115.3630981445313, 134.5199584960938;
 1138.43896484375, 1148.06884765625, 1124.40283203125, 1162.544067382813]centroid:[-279.1027133195758;
 132.0573493353709;
 1141.702875988952]
[-279.1027133195758;
 132.0573493353709;
 1141.702875988952]objeto:BROCA
[-306.2638244628906, -312.7303466796875, -303.0206298828125;
 -45.20231628417969, -151.9884948730469, 3.053077459335327;
 1108.449340820313, 1084.269409179688, 1119.147705078125]centroid:[7948.124976942316;
 683.0307637421356;
 -4563.911723613739]
[7948.124976942316;
 683.0307637421356;
 -4563.911723613739]objeto:POINTER
[-278.1563720703125, -277.7192993164063, -289.5675048828125, -264.7756958007813;
 106.0693130493164, 157.4502563476563, 115.3726272583008, 134.5172271728516;
 1138.384033203125, 1148.08203125, 1124.4765625, 1162.505004882813]centroid:[-279.0588280558197;
 132.0481092698517;
 1141.755981688437]
[-279.0588280558197;
 132.0481092698517;
 1141.755981688437]objeto:BROCA
[-306.281494140625, -312.7477416992188, -303.042724609375;
 -45.20249176025391, -151.9884948730469, 3.061118841171265;
 1108.48779296875, 1084.306518554688, 1119.202392578125]centroid:[8326.783735902049;
 659.049919967496;
 -4558.820442177355]
[8326.783735902049;
 659.049919967496;
 -4558.820442177355]objeto:POINTER
[-278.1602172851563, -277.6568603515625, -289.5221252441406, -264.775390625;
 106.0659027099609, 157.4214019775391, 115.3660736083984, 134.5138244628906;
 1138.404296875, 1147.912719726563, 1124.350952148438, 1162.5078125]centroid:[-279.0599647455101;
 132.0391839406847;
 1141.623280564924]
[-279.0599647455101;
 132.0391839406847;
 1141.623280564924]objeto:BROCA
[-306.2499389648438, -312.7404174804688, -303.017578125;
 -45.20574951171875, -151.9889373779297, 3.05919361114502;
 1108.406127929688, 1084.274536132813, 1119.127807617188]centroid:[9303.197891401127;
 623.4770962498151;
 -4684.313906088471]
[9303.197891401127;
 623.4770962498151;
 -4684.313906088471]objeto:POINTER
[-278.1611938476563, -277.673583984375, -289.5459594726563, -264.7621459960938;
 106.0740814208984, 157.4376678466797, 115.3726043701172, 134.5176086425781;
 1138.4208984375, 1147.9765625, 1124.421752929688, 1162.475463867188]centroid:[-279.0579257640568;
 132.0481891954135;
 1141.685681544216]
[-279.0579257640568;
 132.0481891954135;
 1141.685681544216]objeto:BROCA
[-306.2530212402344, -312.7538452148438, -303.0226745605469;
 -45.19827651977539, -151.9855804443359, 3.059082508087158;
 1108.411010742188, 1084.299072265625, 1119.164428710938]centroid:[10628.15444710292;
 411.4289291431342;
 -4111.336618281901]
[10628.15444710292;
 411.4289291431342;
 -4111.336618281901]objeto:POINTER
[-278.1586303710938, -277.66748046875, -289.5352478027344, -264.7665405273438;
 106.0703964233398, 157.4288482666016, 115.3644332885742, 134.5121154785156;
 1138.419311523438, 1147.960815429688, 1124.393798828125, 1162.48681640625]centroid:[-279.0640572861915;
 132.0449418470914;
 1141.659713741626]
[-279.0640572861915;
 132.0449418470914;
 1141.659713741626]objeto:BROCA
[-306.2792663574219, -312.7385864257813, -303.0312805175781;
 -45.20442581176758, -151.9857940673828, 3.058652639389038;
 1108.493041992188, 1084.275634765625, 1119.18408203125]centroid:[7296.944354374893;
 727.7986918391398;
 -4576.22858472541]
[7296.944354374893;
 727.7986918391398;
 -4576.22858472541]objeto:POINTER
[-278.1482543945313, -277.6891479492188, -289.5481872558594, -264.7792663574219;
 106.0661163330078, 157.4343719482422, 115.3689193725586, 134.5140380859375;
 1138.381591796875, 1148.006469726563, 1124.42822265625, 1162.516235351563]centroid:[-279.0489248364564;
 132.040299099998;
 1141.699910583621]
[-279.0489248364564;
 132.040299099998;
 1141.699910583621]objeto:BROCA
[-306.2547302246094, -312.7546081542969, -303.0306396484375;
 -45.20365905761719, -151.9931030273438, 3.058967351913452;
 1108.419799804688, 1084.329833984375, 1119.16162109375]centroid:[10694.08578590862;
 459.3929926644923;
 -4346.122871242464]
[10694.08578590862;
 459.3929926644923;
 -4346.122871242464]objeto:POINTER
[-278.1475219726563, -277.6999206542969, -289.54833984375, -264.7650756835938;
 106.0579528808594, 157.4347229003906, 115.3643035888672, 134.5037536621094;
 1138.362670898438, 1148.040649414063, 1124.421875, 1162.476806640625]centroid:[-279.0538513666114;
 132.0374851724062;
 1141.708335986038]
[-279.0538513666114;
 132.0374851724062;
 1141.708335986038]objeto:BROCA
[-306.2684326171875, -312.75537109375, -303.0205383300781;
 -45.20959091186523, -152.0016021728516, 3.045718669891357;
 1108.444580078125, 1084.299072265625, 1119.13720703125]centroid:[8238.096756596118;
 665.1899419871625;
 -4578.185706634074]
[8238.096756596118;
 665.1899419871625;
 -4578.185706634074]objeto:POINTER
[-278.1603088378906, -277.6751098632813, -289.5458984375, -264.7662353515625;
 106.0639419555664, 157.4241638183594, 115.3623428344727, 134.5079193115234;
 1138.384643554688, 1147.9365234375, 1124.384155273438, 1162.448974609375]centroid:[-279.0585538114012;
 132.0363086074331;
 1141.647082252484]
[-279.0585538114012;
 132.0363086074331;
 1141.647082252484]objeto:BROCA
[-306.2779846191406, -312.75390625, -303.0377807617188;
 -45.20530319213867, -151.9966430664063, 3.056289196014404;
 1108.47119140625, 1084.298217773438, 1119.162963867188]centroid:[7911.523846380413;
 732.065048007149;
 -4775.741288576275]
[7911.523846380413;
 732.065048007149;
 -4775.741288576275]objeto:POINTER
[-278.1935119628906, -277.7093505859375, -289.5635986328125, -264.7929992675781;
 106.0630264282227, 157.4259033203125, 115.3630676269531, 134.5042724609375;
 1138.466552734375, 1148.02685546875, 1124.424682617188, 1162.511352539063]centroid:[-279.1066643560758;
 132.0417805708065;
 1141.707875186972]
[-279.1066643560758;
 132.0417805708065;
 1141.707875186972]objeto:BROCA
[-306.2812805175781, -312.7799072265625, -303.0618591308594;
 -45.21281433105469, -152.0062713623047, 3.050047636032104;
 1108.448852539063, 1084.330810546875, 1119.212036132813]centroid:[11066.24678353965;
 419.7668799623934;
 -4264.167255863547]
[11066.24678353965;
 419.7668799623934;
 -4264.167255863547]objeto:POINTER
[-278.2047424316406, -277.7214660644531, -289.5648498535156, -264.8295288085938;
 106.0709228515625, 157.4361419677734, 115.3632202148438, 134.5252990722656;
 1138.496337890625, 1148.057495117188, 1124.417846679688, 1162.620849609375]centroid:[-279.1359108329164;
 132.0562747695106;
 1141.709780059198]
[-279.1359108329164;
 132.0562747695106;
 1141.709780059198]objeto:BROCA
[-306.2840270996094, -312.7836608886719, -303.051513671875;
 -45.20931625366211, -152.0029907226563, 3.052636384963989;
 1108.463623046875, 1084.35107421875, 1119.192016601563]centroid:[9841.372181899846;
 553.3721451858;
 -4527.400028645992]
[9841.372181899846;
 553.3721451858;
 -4527.400028645992]objeto:POINTER
[-278.1658020019531, -277.6983947753906, -289.5660400390625, -264.7949829101563;
 106.0617980957031, 157.4398345947266, 115.3741073608398, 134.5152435302734;
 1138.39306640625, 1148.016723632813, 1124.4541015625, 1162.539794921875]centroid:[-279.0502435448533;
 132.0375953579295;
 1141.728168124392]
[-279.0502435448533;
 132.0375953579295;
 1141.728168124392]objeto:BROCA
[-306.2760925292969, -312.754638671875, -303.0244750976563;
 -45.20374298095703, -151.9914093017578, 3.056808233261108;
 1108.450927734375, 1084.30029296875, 1119.139526367188]centroid:[7980.190118547529;
 659.9066857950529;
 -4481.288944687694]
[7980.190118547529;
 659.9066857950529;
 -4481.288944687694]objeto:POINTER
[-278.1838684082031, -277.7054443359375, -289.5489501953125, -264.7890014648438;
 106.0660858154297, 157.4345397949219, 115.3606719970703, 134.505615234375;
 1138.452270507813, 1148.029541015625, 1124.399536132813, 1162.516967773438]centroid:[-279.1077141027828;
 132.0503440904366;
 1141.68976356088]
[-279.1077141027828;
 132.0503440904366;
 1141.68976356088]objeto:BROCA
[-306.275146484375, -312.7693176269531, -303.0293273925781;
 -45.20946502685547, -152.0046844482422, 3.051626205444336;
 1108.45263671875, 1084.339233398438, 1119.15869140625]centroid:[8980.770773265511;
 582.9997039948066;
 -4424.396649315953]
[8980.770773265511;
 582.9997039948066;
 -4424.396649315953]objeto:POINTER
[-278.1722412109375, -277.7046203613281, -289.5609130859375, -264.7850036621094;
 106.0529251098633, 157.4213104248047, 115.3517684936523, 134.4984130859375;
 1138.409912109375, 1148.023803710938, 1124.440063476563, 1162.500732421875]centroid:[-279.0736737287527;
 132.0288415363602;
 1141.713354822897]
[-279.0736737287527;
 132.0288415363602;
 1141.713354822897]objeto:BROCA
[-306.2672424316406, -312.7467651367188, -303.0323486328125;
 -45.22082901000977, -152.0045471191406, 3.043580532073975;
 1108.445922851563, 1084.293212890625, 1119.159057617188]centroid:[8718.732827898115;
 664.2842925685982;
 -4698.576892755926]
[8718.732827898115;
 664.2842925685982;
 -4698.576892755926]objeto:POINTER
[-278.1604614257813, -277.6785583496094, -289.5478820800781, -264.7872619628906;
 106.0605773925781, 157.4298553466797, 115.3645782470703, 134.5079803466797;
 1138.389282226563, 1147.958374023438, 1124.412963867188, 1162.521850585938]centroid:[-279.0479931743024;
 132.0342589915802;
 1141.679005886484]
[-279.0479931743024;
 132.0342589915802;
 1141.679005886484]objeto:BROCA
[-306.260498046875, -312.7391967773438, -303.0164184570313;
 -45.21095275878906, -151.9945526123047, 3.053658485412598;
 1108.434692382813, 1084.288696289063, 1119.138671875]centroid:[8449.476675488055;
 640.3315832353837;
 -4521.664499219507]
[8449.476675488055;
 640.3315832353837;
 -4521.664499219507]objeto:POINTER
[-278.165771484375, -277.6810607910156, -289.5431213378906, -264.7601318359375;
 106.0602035522461, 157.4257049560547, 115.3612289428711, 134.5032348632813;
 1138.398071289063, 1147.972045898438, 1124.3984375, 1162.438110351563]centroid:[-279.0629530498963;
 132.0357101346892;
 1141.67208122991]
[-279.0629530498963;
 132.0357101346892;
 1141.67208122991]objeto:BROCA
[-306.2857360839844, -312.7651977539063, -303.0084228515625;
 -45.2119140625, -152.0035858154297, 3.054927349090576;
 1108.472534179688, 1084.32080078125, 1119.097778320313]centroid:[6472.866927394643;
 717.1281681418186;
 -4330.131184082478]
[6472.866927394643;
 717.1281681418186;
 -4330.131184082478]objeto:POINTER
[-278.1732177734375, -277.6884765625, -289.5563354492188, -264.7993774414063;
 106.0688400268555, 157.4385986328125, 115.3742141723633, 134.5224761962891;
 1138.42236328125, 1148.015991210938, 1124.445068359375, 1162.575317382813]centroid:[-279.0628767802888;
 132.0445947603782;
 1141.718862729849]
[-279.0628767802888;
 132.0445947603782;
 1141.718862729849]objeto:BROCA
[-306.2946166992188, -312.7717895507813, -303.0578308105469;
 -45.20717620849609, -151.9997711181641, 3.060687065124512;
 1108.504516601563, 1084.348266601563, 1119.224365234375]centroid:[8819.134292317554;
 627.8104479684698;
 -4562.712959174067]
[8819.134292317554;
 627.8104479684698;
 -4562.712959174067]objeto:POINTER
[-278.1629638671875, -277.7026062011719, -289.544921875, -264.8080749511719;
 106.0477600097656, 157.4172821044922, 115.3476943969727, 134.5033264160156;
 1138.366943359375, 1148.001831054688, 1124.364379882813, 1162.5498046875]centroid:[-279.0836239201321;
 132.0295304407906;
 1141.655834611653]
[-279.0836239201321;
 132.0295304407906;
 1141.655834611653]objeto:BROCA
[-306.2641296386719, -312.7440490722656, -303.0256958007813;
 -45.21825790405273, -152.0028991699219, 3.040028095245361;
 1108.406372070313, 1084.261962890625, 1119.122436523438]centroid:[8881.124833464622;
 610.4914550046378;
 -4506.442865900695]
[8881.124833464622;
 610.4914550046378;
 -4506.442865900695]objeto:POINTER
[-278.1939697265625, -277.7002258300781, -289.5708618164063, -264.7841186523438;
 106.0616455078125, 157.4321441650391, 115.3647232055664, 134.5011291503906;
 1138.456420898438, 1148.016479492188, 1124.454223632813, 1162.4921875]centroid:[-279.084696691093;
 132.0389259173037;
 1141.725988770137]
[-279.084696691093;
 132.0389259173037;
 1141.725988770137]objeto:BROCA
[-306.2949523925781, -312.79541015625, -303.0266723632813;
 -45.21171951293945, -152.0071258544922, 3.046501636505127;
 1108.4677734375, 1084.347534179688, 1119.110107421875]centroid:[7229.110622529872;
 714.8519653140829;
 -4536.979796022177]
[7229.110622529872;
 714.8519653140829;
 -4536.979796022177]objeto:POINTER
[-278.1734008789063, -277.6862487792969, -289.5455322265625, -264.7755737304688;
 106.0685424804688, 157.4329223632813, 115.3692474365234, 134.5161590576172;
 1138.450317382813, 1147.98779296875, 1124.412719726563, 1162.526245117188]centroid:[-279.0790914008855;
 132.04572277696;
 1141.689077048402]
[-279.0790914008855;
 132.04572277696;
 1141.689077048402]objeto:BROCA
[-306.26806640625, -312.7648315429688, -303.0173950195313;
 -45.20193099975586, -152.0008697509766, 3.057577610015869;
 1108.451049804688, 1084.326293945313, 1119.126098632813]centroid:[8050.2583683962;
 700.7804801920429;
 -4693.706403080374]
[8050.2583683962;
 700.7804801920429;
 -4693.706403080374]objeto:POINTER
[-278.2059326171875, -277.7356567382813, -289.5925903320313, -264.8015747070313;
 106.0627288818359, 157.4347686767578, 115.3616333007813, 134.4957580566406;
 1138.471069335938, 1148.055419921875, 1124.462646484375, 1162.479125976563]centroid:[-279.1179428613113;
 132.0433957904339;
 1141.740226274096]
[-279.1179428613113;
 132.0433957904339;
 1141.740226274096]objeto:BROCA
[-306.2884826660156, -312.7872924804688, -303.0690002441406;
 -45.21430206298828, -152.0079345703125, 3.043962955474854;
 1108.44921875, 1084.34765625, 1119.193603515625]centroid:[10741.85312332585;
 488.7564024308376;
 -4486.144168280065]
[10741.85312332585;
 488.7564024308376;
 -4486.144168280065]objeto:POINTER
[-278.1597595214844, -277.7159118652344, -289.5680236816406, -264.7991943359375;
 106.0551071166992, 157.4280242919922, 115.3559341430664, 134.5039520263672;
 1138.38037109375, 1148.051635742188, 1124.434692382813, 1162.544067382813]centroid:[-279.0746583089381;
 132.0340726939768;
 1141.714404420742]
[-279.0746583089381;
 132.0340726939768;
 1141.714404420742]objeto:BROCA
[-306.2904663085938, -312.7668762207031, -303.0340881347656;
 -45.21849822998047, -152.0023956298828, 3.048636913299561;
 1108.483276367188, 1084.322021484375, 1119.158081054688]centroid:[7476.956913496368;
 698.91116319508;
 -4515.513572689146]
[7476.956913496368;
 698.91116319508;
 -4515.513572689146]objeto:POINTER
[-278.1702880859375, -277.69921875, -289.5769653320313, -264.7864685058594;
 106.0624694824219, 157.4309844970703, 115.3691101074219, 134.5113220214844;
 1138.394653320313, 1148.01025390625, 1124.480224609375, 1162.515747070313]centroid:[-279.0467129714971;
 132.0311962767046;
 1141.737235225314]
[-279.0467129714971;
 132.0311962767046;
 1141.737235225314]objeto:BROCA
[-306.2867126464844, -312.7619018554688, -303.0427551269531;
 -45.21073150634766, -151.9969787597656, 3.056378841400146;
 1108.477905273438, 1084.298583984375, 1119.174194335938]centroid:[7879.680190849118;
 715.2627632512158;
 -4691.053382270038]
[7879.680190849118;
 715.2627632512158;
 -4691.053382270038]objeto:POINTER
[-278.1564636230469, -277.6760559082031, -289.5437622070313, -264.7708435058594;
 106.0579071044922, 157.420166015625, 115.3564224243164, 134.5031585693359;
 1138.364868164063, 1147.929443359375, 1124.366577148438, 1162.456298828125]centroid:[-279.0580873718135;
 132.0317532599187;
 1141.632603589878]
[-279.0580873718135;
 132.0317532599187;
 1141.632603589878]objeto:BROCA
[-306.2731018066406, -312.7482604980469, -303.0289001464844;
 -45.20296859741211, -151.990478515625, 3.054426431655884;
 1108.422973632813, 1084.26220703125, 1119.130249023438]centroid:[8389.929556484334;
 635.3596128741046;
 -4479.12725475803]
[8389.929556484334;
 635.3596128741046;
 -4479.12725475803]objeto:POINTER
[-278.1603698730469, -277.6987915039063, -289.5401306152344, -264.7831726074219;
 106.0595550537109, 157.4300537109375, 115.3537979125977, 134.5066833496094;
 1138.361206054688, 1147.996337890625, 1124.359741210938, 1162.485473632813]centroid:[-279.0821429211085;
 132.0422998589569;
 1141.64786472215]
[-279.0821429211085;
 132.0422998589569;
 1141.64786472215]objeto:BROCA
[-306.2629089355469, -312.7693481445313, -303.0106811523438;
 -45.20249557495117, -151.9974365234375, 3.056568384170532;
 1108.413208007813, 1084.324584960938, 1119.076416015625]centroid:[8178.028108887374;
 698.4122708597279;
 -4729.641378875822]
[8178.028108887374;
 698.4122708597279;
 -4729.641378875822]objeto:POINTER
[-278.1981506347656, -277.722412109375, -289.5750427246094, -264.80615234375;
 106.0645904541016, 157.435791015625, 115.3604125976563, 134.5083923339844;
 1138.46435546875, 1148.043701171875, 1124.455200195313, 1162.542114257813]centroid:[-279.1056826105064;
 132.0445864976669;
 1141.732154830087]
[-279.1056826105064;
 132.0445864976669;
 1141.732154830087]objeto:BROCA
[-306.2965087890625, -312.7754516601563, -303.0446472167969;
 -45.20865249633789, -152.0014495849609, 3.054482221603394;
 1108.484619140625, 1084.321899414063, 1119.160034179688]centroid:[7553.459175432101;
 717.4383273407584;
 -4618.659154839814]
[7553.459175432101;
 717.4383273407584;
 -4618.659154839814]objeto:POINTER
[-278.1513366699219, -277.6986083984375, -289.5487060546875, -264.7720947265625;
 106.0504989624023, 157.4247589111328, 115.3507766723633, 134.4996185302734;
 1138.346557617188, 1147.995849609375, 1124.401000976563, 1162.467041015625]centroid:[-279.0546955576695;
 132.0280599121324;
 1141.677910749355]
[-279.0546955576695;
 132.0280599121324;
 1141.677910749355]objeto:BROCA
[-306.2715148925781, -312.7533874511719, -303.0252685546875;
 -45.2101936340332, -152.0000457763672, 3.048490524291992;
 1108.445678710938, 1084.288452148438, 1119.139770507813]centroid:[8118.967286042869;
 681.1832682010863;
 -4612.31053500995]
[8118.967286042869;
 681.1832682010863;
 -4612.31053500995]objeto:POINTER
[-278.17138671875, -277.6915588378906, -289.5501708984375, -264.7703552246094;
 106.0630035400391, 157.4278564453125, 115.3609008789063, 134.5003356933594;
 1138.422973632813, 1148.005737304688, 1124.423583984375, 1162.468872070313]centroid:[-279.0740991860052;
 132.039114545012;
 1141.697381835543]
[-279.0740991860052;
 132.039114545012;
 1141.697381835543]objeto:BROCA
[-306.2612609863281, -312.7646179199219, -303.0315856933594;
 -45.20648574829102, -152.0031127929688, 3.051646947860718;
 1108.418334960938, 1084.3095703125, 1119.158447265625]centroid:[10344.53781520575;
 490.2849087226932;
 -4386.2284277156]
[10344.53781520575;
 490.2849087226932;
 -4386.2284277156]objeto:POINTER
[-278.1809997558594, -277.6924133300781, -289.5647583007813, -264.7979431152344;
 106.0525970458984, 157.4122161865234, 115.3539810180664, 134.4967498779297;
 1138.426391601563, 1147.983032226563, 1124.430419921875, 1162.5341796875]centroid:[-279.0747448079388;
 132.0241288545373;
 1141.695111043515]
[-279.0747448079388;
 132.0241288545373;
 1141.695111043515]objeto:BROCA
[-306.2817077636719, -312.759765625, -303.0302429199219;
 -45.22285461425781, -152.0108337402344, 3.038710117340088;
 1108.46435546875, 1084.30029296875, 1119.146362304688]centroid:[7685.600584061816;
 700.8435565579712;
 -4580.048081874847]
[7685.600584061816;
 700.8435565579712;
 -4580.048081874847]objeto:POINTER
[-278.1827392578125, -277.6947631835938, -289.5660705566406, -264.7874755859375;
 106.0603408813477, 157.4188690185547, 115.3622512817383, 134.5006866455078;
 1138.423095703125, 1147.983642578125, 1124.43212890625, 1162.483520507813]centroid:[-279.0747533452657;
 132.0308426622952;
 1141.696844610668]
[-279.0747533452657;
 132.0308426622952;
 1141.696844610668]objeto:BROCA
[-306.2822265625, -312.7675476074219, -303.0433044433594;
 -45.21319961547852, -152.0055084228516, 3.050413846969604;
 1108.463989257813, 1084.315063476563, 1119.158203125]centroid:[8283.071928964928;
 715.7184217251634;
 -4812.349170830101]
[8283.071928964928;
 715.7184217251634;
 -4812.349170830101]objeto:POINTER
[-278.1541748046875, -277.7152099609375, -289.5716857910156, -264.7843322753906;
 106.0493850708008, 157.4315795898438, 115.3678359985352, 134.5039672851563;
 1138.36181640625, 1148.06298828125, 1124.474487304688, 1162.483154296875]centroid:[-279.0410869725981;
 132.0247121136331;
 1141.757043973867]
[-279.0410869725981;
 132.0247121136331;
 1141.757043973867]objeto:BROCA
[-306.2785034179688, -312.78271484375, -303.0312805175781;
 -45.21089935302734, -152.010009765625, 3.045336008071899;
 1108.459228515625, 1084.352294921875, 1119.139282226563]centroid:[8458.950545152649;
 683.7793138973648;
 -4735.550676491112]
[8458.950545152649;
 683.7793138973648;
 -4735.550676491112]objeto:POINTER
[-278.1865539550781, -277.709228515625, -289.5525512695313, -264.8123474121094;
 106.0627059936523, 157.4302062988281, 115.3580093383789, 134.5148315429688;
 1138.460205078125, 1148.052124023438, 1124.417846679688, 1162.596313476563]centroid:[-279.1088321932111;
 132.0461758457458;
 1141.708851110421]
[-279.1088321932111;
 132.0461758457458;
 1141.708851110421]objeto:BROCA
[-306.2893676757813, -312.7643127441406, -303.0304870605469;
 -45.21457290649414, -152.0036468505859, 3.044005632400513;
 1108.491088867188, 1084.299560546875, 1119.142944335938]centroid:[6736.311830629595;
 764.7809270307043;
 -4600.724717628211]
[6736.311830629595;
 764.7809270307043;
 -4600.724717628211]objeto:POINTER
[-278.2098999023438, -277.7153625488281, -289.5705871582031, -264.7991638183594;
 106.0788269042969, 157.4456329345703, 115.3762588500977, 134.5186462402344;
 1138.529541015625, 1148.05078125, 1124.45703125, 1162.550415039063]centroid:[-279.123736508454;
 132.0607876454795;
 1141.739759451359]
[-279.123736508454;
 132.0607876454795;
 1141.739759451359]objeto:BROCA
[-306.279541015625, -312.7971496582031, -303.0487670898438;
 -45.20400238037109, -152.0005493164063, 3.056448936462402;
 1108.450805664063, 1084.386474609375, 1119.189819335938]centroid:[11014.97939268313;
 392.6887648418342;
 -4151.055768422782]
[11014.97939268313;
 392.6887648418342;
 -4151.055768422782]objeto:POINTER
[-278.1658935546875, -277.6914672851563, -289.5457458496094, -264.767822265625;
 106.0699157714844, 157.4425354003906, 115.3691177368164, 134.5153961181641;
 1138.436401367188, 1148.046142578125, 1124.451293945313, 1162.518676757813]centroid:[-279.0675268355798;
 132.049342490248;
 1141.730525298347]
[-279.0675268355798;
 132.049342490248;
 1141.730525298347]objeto:BROCA
[-306.2682189941406, -312.7532958984375, -303.0222473144531;
 -45.20302963256836, -151.9922790527344, 3.058495759963989;
 1108.460815429688, 1084.315307617188, 1119.172241210938]centroid:[8678.427912387997;
 607.5597696831683;
 -4440.770063593984]
[8678.427912387997;
 607.5597696831683;
 -4440.770063593984]objeto:POINTER
[-278.1755981445313, -277.6903991699219, -289.5507202148438, -264.7679443359375;
 106.0625152587891, 157.429443359375, 115.3678131103516, 134.5064849853516;
 1138.460205078125, 1148.04248046875, 1124.450561523438, 1162.502075195313]centroid:[-279.0758899468839;
 132.0401029937359;
 1141.73252809872]
[-279.0758899468839;
 132.0401029937359;
 1141.73252809872]objeto:BROCA
[-306.2651672363281, -312.7433166503906, -303.0223999023438;
 -45.21032333374023, -151.9964904785156, 3.050185680389404;
 1108.450561523438, 1084.283813476563, 1119.166748046875]centroid:[8557.644345287234;
 629.4323372791259;
 -4497.553013440222]
[8557.644345287234;
 629.4323372791259;
 -4497.553013440222]objeto:POINTER
[-278.1572875976563, -277.6879577636719, -289.5321350097656, -264.7546081542969;
 106.0569686889648, 157.4238891601563, 115.3609313964844, 134.4981842041016;
 1138.398559570313, 1148.004516601563, 1124.37744140625, 1162.443481445313]centroid:[-279.0736838355468;
 132.0373083124526;
 1141.670243232254]
[-279.0736838355468;
 132.0373083124526;
 1141.670243232254]objeto:BROCA
[-306.2640075683594, -312.7500305175781, -303.0094909667969;
 -45.21161651611328, -151.9977111816406, 3.051610708236694;
 1108.455322265625, 1084.308837890625, 1119.121459960938]centroid:[7498.266401264817;
 726.8390775641601;
 -4651.341229982674]
[7498.266401264817;
 726.8390775641601;
 -4651.341229982674]objeto:POINTER
[-278.194580078125, -277.7177124023438, -289.5904846191406, -264.7847900390625;
 106.0602722167969, 157.4331359863281, 115.3688507080078, 134.5020294189453;
 1138.487060546875, 1148.068237304688, 1124.527709960938, 1162.528564453125]centroid:[-279.0782923672172;
 132.0338848358224;
 1141.793678649237]
[-279.0782923672172;
 132.0338848358224;
 1141.793678649237]objeto:BROCA
[-306.2874755859375, -312.7747497558594, -303.0445861816406;
 -45.22135543823242, -152.0128631591797, 3.037875652313232;
 1108.494140625, 1084.347412109375, 1119.182250976563]centroid:[8144.542523468845;
 712.8465128867829;
 -4763.640851136297]
[8144.542523468845;
 712.8465128867829;
 -4763.640851136297]objeto:POINTER
[-278.17919921875, -277.7198791503906, -289.570068359375, -264.8231811523438;
 106.0495300292969, 157.4205169677734, 115.3570404052734, 134.5036468505859;
 1138.373046875, 1148.0146484375, 1124.383056640625, 1162.562622070313]centroid:[-279.0947258637488;
 132.0303269018839;
 1141.675010774471]
[-279.0947258637488;
 132.0303269018839;
 1141.675010774471]objeto:BROCA
[-306.2934265136719, -312.7966613769531, -303.0652465820313;
 -45.21604919433594, -152.0086669921875, 3.042953968048096;
 1108.447143554688, 1084.330200195313, 1119.169067382813]centroid:[9711.425238016993;
 627.3629762471683;
 -4820.51081187278]
[9711.425238016993;
 627.3629762471683;
 -4820.51081187278]objeto:POINTER
[-278.2120361328125, -277.734619140625, -289.5929260253906, -264.8175964355469;
 106.062873840332, 157.4346160888672, 115.3586120605469, 134.4999237060547;
 1138.449951171875, 1148.0400390625, 1124.4208984375, 1162.520141601563]centroid:[-279.1324091680164;
 132.0472850111748;
 1141.703491298478]
[-279.1324091680164;
 132.0472850111748;
 1141.703491298478]objeto:BROCA
[-306.3066711425781, -312.8085632324219, -303.0931701660156;
 -45.21096038818359, -152.0041961669922, 3.046106338500977;
 1108.445556640625, 1084.308349609375, 1119.1982421875]centroid:[10665.50200293213;
 582.4964723284356;
 -4873.491831190884]
[10665.50200293213;
 582.4964723284356;
 -4873.491831190884]objeto:POINTER
[-278.188720703125, -277.7173156738281, -289.5849304199219, -264.7989807128906;
 106.0550231933594, 157.4137115478516, 115.3568878173828, 134.4944458007813;
 1138.354248046875, 1147.953002929688, 1124.390747070313, 1162.4501953125]centroid:[-279.0854670475546;
 132.0247489821855;
 1141.655537790347]
[-279.0854670475546;
 132.0247489821855;
 1141.655537790347]objeto:BROCA
[-306.2972717285156, -312.7933959960938, -303.0627136230469;
 -45.20563888549805, -152.0066528320313, 3.04736852645874;
 1108.421875, 1084.293579101563, 1119.100341796875]centroid:[8277.238034302369;
 768.4576068489114;
 -5053.438362505287]
[8277.238034302369;
 768.4576068489114;
 -5053.438362505287]objeto:POINTER
[-278.19873046875, -277.71923828125, -289.5670166015625, -264.8025512695313;
 106.0606994628906, 157.4250335693359, 115.3628387451172, 134.5013732910156;
 1138.399536132813, 1147.975219726563, 1124.370849609375, 1162.478271484375]centroid:[-279.10812994343;
 132.0388108725145;
 1141.657463294004]
[-279.10812994343;
 132.0388108725145;
 1141.657463294004]objeto:BROCA
[-306.2966918945313, -312.8038330078125, -303.0924682617188;
 -45.20260238647461, -152.0000915527344, 3.0516517162323;
 1108.429321289063, 1084.322387695313, 1119.212158203125]centroid:[12474.20464839973;
 295.3302916749672;
 -4099.498875319958]
[12474.20464839973;
 295.3302916749672;
 -4099.498875319958]objeto:POINTER
[-278.1778564453125, -277.7189331054688, -289.5795288085938, -264.7955017089844;
 106.0568313598633, 157.4325103759766, 115.3564834594727, 134.497802734375;
 1138.350830078125, 1148.016235351563, 1124.416625976563, 1162.472900390625]centroid:[-279.0787746351868;
 132.0355533195188;
 1141.691042192603]
[-279.0787746351868;
 132.0355533195188;
 1141.691042192603]objeto:BROCA
[-306.3204345703125, -312.8332824707031, -303.0762023925781;
 -45.2006721496582, -151.9958343505859, 3.053562879562378;
 1108.445068359375, 1084.295166015625, 1119.144775390625]centroid:[8541.450596703216;
 720.3800248561602;
 -4912.280003301799]
[8541.450596703216;
 720.3800248561602;
 -4912.280003301799]