[410.8717956542969, 389.2424926757813, 393.4025573730469, 372.9511108398438, 358.9801025390625, 351.693115234375, 335.9417114257813;
 648.1615600585938, 622.0427856445313, 671.4942626953125, 632.0725708007813, 520.176513671875, 471.6460571289063, 361.6343688964844][365.0584411621094, 345.2609252929688, 348.4683837890625, 329.7327575683594, 313.7295532226563, 307.2422790527344, 293.5222473144531;
 643.1939697265625, 616.1415405273438, 668.7015991210938, 627.3224487304688, 507.7366638183594, 455.6104431152344, 336.9739990234375][410.8731689453125, 389.2417602539063, 393.39599609375, 372.9589538574219, 358.9779968261719, 351.6963500976563, 335.9369812011719;
 648.1622924804688, 622.0518798828125, 671.4967041015625, 632.073974609375, 520.1720581054688, 471.6449890136719, 361.62646484375][365.0559692382813, 345.2540588378906, 348.4765014648438, 329.7366943359375, 313.7311706542969, 307.2438659667969, 293.5028686523438;
 643.20166015625, 616.1453857421875, 668.7232666015625, 627.3357543945313, 507.7335205078125, 455.6072082519531, 336.966064453125][410.8810424804688, 389.2542114257813, 393.3998107910156, 372.9598999023438, 358.9813537597656, 351.6988830566406, 335.9404296875;
 648.15185546875, 622.05029296875, 671.482666015625, 632.0647583007813, 520.1710205078125, 471.6403198242188, 361.6286010742188][365.0420227050781, 345.2419128417969, 348.4563903808594, 329.7278747558594, 313.7200317382813, 307.2396545410156, 293.5064086914063;
 643.2021484375, 616.1422119140625, 668.7055053710938, 627.3289794921875, 507.7295227050781, 455.6141662597656, 336.9689636230469][410.8733215332031, 389.2447204589844, 393.3952026367188, 372.9484252929688, 358.9843139648438, 351.6985473632813, 335.9432373046875;
 648.153076171875, 622.0499877929688, 671.4851684570313, 632.0703735351563, 520.1707153320313, 471.6416625976563, 361.6298522949219][365.0459899902344, 345.2466430664063, 348.4624328613281, 329.734375, 313.7215576171875, 307.2398071289063, 293.5083618164063;
 643.1831665039063, 616.1390380859375, 668.7083740234375, 627.3169555664063, 507.7254638671875, 455.6037292480469, 336.97265625][410.875244140625, 389.2452087402344, 393.3999328613281, 372.9467468261719, 358.9820556640625, 351.6887512207031, 335.9385070800781;
 648.16015625, 622.062744140625, 671.493408203125, 632.0856323242188, 520.1793823242188, 471.6530456542969, 361.6278991699219][365.0643920898438, 345.2538757324219, 348.4713439941406, 329.7372131347656, 313.7309875488281, 307.2448120117188, 293.5093383789063;
 643.1886596679688, 616.1279907226563, 668.702880859375, 627.3250122070313, 507.7275390625, 455.6124267578125, 336.9759521484375][410.8785095214844, 389.2513427734375, 393.3950500488281, 372.9499816894531, 358.9826354980469, 351.6987915039063, 335.9455261230469;
 648.1559448242188, 622.0508422851563, 671.4940185546875, 632.0784301757813, 520.1734619140625, 471.6409912109375, 361.6310424804688][365.0590209960938, 345.2630920410156, 348.48388671875, 329.7453308105469, 313.7372436523438, 307.2484130859375, 293.5156860351563;
 643.1912841796875, 616.1353759765625, 668.7024536132813, 627.3282470703125, 507.7187805175781, 455.6047668457031, 336.9593200683594][410.8753051757813, 389.2438659667969, 393.4000244140625, 372.9524841308594, 358.9939880371094, 351.6970825195313, 335.9375305175781;
 648.1630859375, 622.0532836914063, 671.490234375, 632.0733032226563, 520.1708374023438, 471.6512145996094, 361.635986328125][365.05615234375, 345.2536315917969, 348.4695434570313, 329.7378845214844, 313.7383422851563, 307.248779296875, 293.5192260742188;
 643.184814453125, 616.1441040039063, 668.7139892578125, 627.3271484375, 507.7295227050781, 455.6102294921875, 336.9693603515625][410.8637084960938, 389.2374877929688, 393.3924865722656, 372.9460144042969, 358.9694519042969, 351.6875610351563, 335.9332885742188;
 648.1570434570313, 622.0525512695313, 671.4953002929688, 632.0775146484375, 520.1729125976563, 471.6465759277344, 361.6319885253906][365.047607421875, 345.2503051757813, 348.4744262695313, 329.739013671875, 313.7309875488281, 307.2427978515625, 293.5094299316406;
 643.188232421875, 616.1339111328125, 668.7034912109375, 627.3160400390625, 507.7293090820313, 455.6223754882813, 336.9764709472656][410.87353515625, 389.2412719726563, 393.4037170410156, 372.9535827636719, 358.9793395996094, 351.69482421875, 335.9351806640625;
 648.1578369140625, 622.055419921875, 671.4900512695313, 632.0721435546875, 520.1715087890625, 471.6382141113281, 361.6255187988281][365.0476379394531, 345.2512512207031, 348.4667358398438, 329.7344360351563, 313.7357482910156, 307.2449645996094, 293.5109252929688;
 643.1919555664063, 616.139404296875, 668.7020874023438, 627.3255615234375, 507.73291015625, 455.612060546875, 336.9759521484375][410.8749389648438, 389.2366638183594, 393.3947143554688, 372.9472961425781, 358.9740295410156, 351.6986999511719, 335.9359436035156;
 648.1550903320313, 622.0482177734375, 671.4878540039063, 632.0718994140625, 520.1710205078125, 471.63720703125, 361.6305847167969][365.0456848144531, 345.2544555664063, 348.4642333984375, 329.7342529296875, 313.7245178222656, 307.2382507324219, 293.50732421875;
 643.1952514648438, 616.1449584960938, 668.7055053710938, 627.3302612304688, 507.7305603027344, 455.6117553710938, 336.9696655273438][410.8725280761719, 389.2473449707031, 393.3938903808594, 372.9489440917969, 358.9789428710938, 351.6932067871094, 335.9385986328125;
 648.1639404296875, 622.0582885742188, 671.4839477539063, 632.0745239257813, 520.1712646484375, 471.6425476074219, 361.6310424804688][365.0529479980469, 345.2521667480469, 348.4609680175781, 329.7348937988281, 313.7230224609375, 307.2416687011719, 293.5101013183594;
 643.1864013671875, 616.1436767578125, 668.702392578125, 627.3216552734375, 507.7364196777344, 455.6124267578125, 336.9752197265625][410.8733215332031, 389.2464294433594, 393.3952026367188, 372.9471130371094, 358.9765319824219, 351.6908874511719, 335.9388732910156;
 648.161865234375, 622.049072265625, 671.4827880859375, 632.0725708007813, 520.168212890625, 471.6437377929688, 361.6314086914063][365.04150390625, 345.2371215820313, 348.4587097167969, 329.7220153808594, 313.7114562988281, 307.2317199707031, 293.5058898925781;
 643.1793823242188, 616.1296997070313, 668.6969604492188, 627.3137817382813, 507.7302551269531, 455.6141967773438, 336.9776611328125][410.8768310546875, 389.2440795898438, 393.3926696777344, 372.9537658691406, 358.9804992675781, 351.693115234375, 335.9446411132813;
 648.1639404296875, 622.0525512695313, 671.4911499023438, 632.0740966796875, 520.1734008789063, 471.6378784179688, 361.6331481933594][365.0380859375, 345.2409057617188, 348.4657592773438, 329.7219848632813, 313.72216796875, 307.2370910644531, 293.5087280273438;
 643.1893920898438, 616.1373291015625, 668.7140502929688, 627.3238525390625, 507.7243347167969, 455.608154296875, 336.9652709960938][410.872802734375, 389.2445373535156, 393.390869140625, 372.953857421875, 358.9831237792969, 351.6891784667969, 335.9390258789063;
 648.1581420898438, 622.0504760742188, 671.5, 632.0785522460938, 520.1718139648438, 471.64111328125, 361.6327514648438][365.0541381835938, 345.2448120117188, 348.4714050292969, 329.7323608398438, 313.7233276367188, 307.2339172363281, 293.5090637207031;
 643.184326171875, 616.1302490234375, 668.7137451171875, 627.3211669921875, 507.7352905273438, 455.6101989746094, 336.9649353027344][410.8682861328125, 389.2392272949219, 393.400390625, 372.9473876953125, 358.9830017089844, 351.6952819824219, 335.939208984375;
 648.1627807617188, 622.0482788085938, 671.4869384765625, 632.0715942382813, 520.1743774414063, 471.6444091796875, 361.6288757324219][365.0524597167969, 345.24365234375, 348.4721069335938, 329.7389221191406, 313.7245483398438, 307.2378540039063, 293.5143127441406;
 643.1915283203125, 616.1383666992188, 668.7158203125, 627.32421875, 507.7321166992188, 455.6178283691406, 336.9731140136719][410.8747253417969, 389.2473754882813, 393.3970031738281, 372.9512023925781, 358.9832458496094, 351.6994323730469, 335.9328002929688;
 648.1571044921875, 622.0526123046875, 671.483154296875, 632.0731201171875, 520.1795654296875, 471.6422119140625, 361.6373291015625][365.0479125976563, 345.2495727539063, 348.4667053222656, 329.7319641113281, 313.7261962890625, 307.2431335449219, 293.5046997070313;
 643.1895141601563, 616.1316528320313, 668.7200317382813, 627.3262329101563, 507.728515625, 455.6141357421875, 336.9706115722656][410.8782958984375, 389.2505493164063, 393.4007873535156, 372.9553833007813, 358.9842529296875, 351.7021789550781, 335.944580078125;
 648.16357421875, 622.0498657226563, 671.4928588867188, 632.0772705078125, 520.1779174804688, 471.6407775878906, 361.6296997070313][365.053955078125, 345.2532958984375, 348.4733581542969, 329.7292175292969, 313.7318115234375, 307.2496948242188, 293.5122680664063;
 643.190185546875, 616.1387939453125, 668.7061157226563, 627.31982421875, 507.7201843261719, 455.6134338378906, 336.9776611328125][410.8697204589844, 389.2384033203125, 393.40087890625, 372.9547424316406, 358.9869995117188, 351.6976013183594, 335.9419860839844;
 648.1649169921875, 622.0506591796875, 671.4957885742188, 632.0780029296875, 520.1710815429688, 471.6462707519531, 361.6371459960938][365.0466918945313, 345.2483520507813, 348.4652099609375, 329.7369079589844, 313.7265319824219, 307.2425537109375, 293.5155029296875;
 643.1841430664063, 616.14892578125, 668.7141723632813, 627.328857421875, 507.7323913574219, 455.6167907714844, 336.9782104492188][410.8683776855469, 389.2397155761719, 393.4031982421875, 372.9487915039063, 358.9757690429688, 351.6922607421875, 335.9371948242188;
 648.16259765625, 622.06640625, 671.4950561523438, 632.0858764648438, 520.1812744140625, 471.6509094238281, 361.6373596191406][365.044189453125, 345.2505798339844, 348.4615173339844, 329.7360229492188, 313.7304992675781, 307.2358703613281, 293.5089111328125;
 643.1868286132813, 616.14111328125, 668.7145385742188, 627.331298828125, 507.739013671875, 455.6166381835938, 336.9785766601563][410.8785095214844, 389.24560546875, 393.3997192382813, 372.9522399902344, 358.9779052734375, 351.6929016113281, 335.9345703125;
 648.159423828125, 622.051025390625, 671.4957275390625, 632.07666015625, 520.1800537109375, 471.654052734375, 361.6341552734375][365.0546569824219, 345.2640075683594, 348.4674072265625, 329.7416381835938, 313.7214965820313, 307.2449951171875, 293.5059509277344;
 643.2006225585938, 616.14501953125, 668.7139282226563, 627.3364868164063, 507.7374267578125, 455.6196899414063, 336.9786376953125][410.874755859375, 389.2442626953125, 393.3946228027344, 372.9464111328125, 358.9794006347656, 351.6980590820313, 335.9451904296875;
 648.164306640625, 622.05859375, 671.49609375, 632.0802612304688, 520.1793823242188, 471.6520080566406, 361.6351623535156][365.0458068847656, 345.2486267089844, 348.45654296875, 329.7326049804688, 313.7323913574219, 307.2472839355469, 293.5148010253906;
 643.1968383789063, 616.1495361328125, 668.7177734375, 627.329345703125, 507.7388916015625, 455.6202087402344, 336.9874572753906][410.8745727539063, 389.2403869628906, 393.3988037109375, 372.9548950195313, 358.9838562011719, 351.6995544433594, 335.9462890625;
 648.15673828125, 622.052734375, 671.4923095703125, 632.0769653320313, 520.1773071289063, 471.6452941894531, 361.6341247558594][365.0505676269531, 345.2525024414063, 348.4673156738281, 329.7400207519531, 313.7277526855469, 307.2478637695313, 293.5159912109375;
 643.1967163085938, 616.1506958007813, 668.709716796875, 627.3262329101563, 507.7393798828125, 455.6173095703125, 336.9804992675781][410.8750610351563, 389.2412109375, 393.393798828125, 372.9520874023438, 358.9816284179688, 351.7000732421875, 335.9424743652344;
 648.157470703125, 622.0540161132813, 671.4861450195313, 632.0777587890625, 520.1697387695313, 471.6476135253906, 361.6335754394531][365.0512084960938, 345.2527465820313, 348.466552734375, 329.7337951660156, 313.7276916503906, 307.246337890625, 293.5172119140625;
 643.189208984375, 616.1341552734375, 668.7100830078125, 627.3305053710938, 507.7337646484375, 455.6140441894531, 336.972412109375][410.8748474121094, 389.2433166503906, 393.3925170898438, 372.9542846679688, 358.9843139648438, 351.6974182128906, 335.9438171386719;
 648.156494140625, 622.0498046875, 671.4832153320313, 632.0687255859375, 520.173583984375, 471.6412658691406, 361.6319885253906][365.0572814941406, 345.2520446777344, 348.4735717773438, 329.7336120605469, 313.7315673828125, 307.2447509765625, 293.517822265625;
 643.1958618164063, 616.1409912109375, 668.7115478515625, 627.3262939453125, 507.7277221679688, 455.6073913574219, 336.9722900390625][410.8772277832031, 389.2411499023438, 393.4010314941406, 372.9550170898438, 358.9879455566406, 351.7008972167969, 335.9437561035156;
 648.1559448242188, 622.0490112304688, 671.4848022460938, 632.0775756835938, 520.1677856445313, 471.6443481445313, 361.6312255859375][365.0557861328125, 345.2614440917969, 348.4725341796875, 329.7389831542969, 313.7316284179688, 307.2421875, 293.5168151855469;
 643.1824951171875, 616.1332397460938, 668.71142578125, 627.32177734375, 507.7297973632813, 455.6101989746094, 336.9665222167969][410.8786315917969, 389.2513732910156, 393.3998107910156, 372.9545288085938, 358.9889526367188, 351.6964721679688, 335.949951171875;
 648.1571044921875, 622.0458374023438, 671.490966796875, 632.0787963867188, 520.164306640625, 471.6445007324219, 361.6283264160156][365.0487670898438, 345.2533874511719, 348.4684448242188, 329.7410888671875, 313.7326049804688, 307.2490844726563, 293.5179748535156;
 643.1849365234375, 616.1349487304688, 668.7060546875, 627.3251953125, 507.7337646484375, 455.6104431152344, 336.9733581542969][410.8763732910156, 389.2410278320313, 393.4060974121094, 372.947509765625, 358.9894409179688, 351.6940002441406, 335.943359375;
 648.1643676757813, 622.060302734375, 671.4957885742188, 632.0731201171875, 520.1831665039063, 471.6488342285156, 361.6370849609375][365.0519714355469, 345.2585144042969, 348.4677734375, 329.7361450195313, 313.7263488769531, 307.2407531738281, 293.5114135742188;
 643.1981811523438, 616.1452026367188, 668.7182006835938, 627.3340454101563, 507.7375183105469, 455.6160278320313, 336.978515625][410.8761901855469, 389.2433776855469, 393.404052734375, 372.9540710449219, 358.9773864746094, 351.6967163085938, 335.9413452148438;
 648.1668701171875, 622.06494140625, 671.49365234375, 632.0800170898438, 520.177001953125, 471.6479797363281, 361.6360168457031][365.0523681640625, 345.2518005371094, 348.4702758789063, 329.7353210449219, 313.7298889160156, 307.2398376464844, 293.508544921875;
 643.1958618164063, 616.1416015625, 668.7227172851563, 627.329833984375, 507.7413635253906, 455.6136169433594, 336.978515625][410.8698120117188, 389.2406311035156, 393.3980712890625, 372.9513549804688, 358.9842529296875, 351.699462890625, 335.9429016113281;
 648.1636352539063, 622.0604858398438, 671.4948120117188, 632.080322265625, 520.1778564453125, 471.6607055664063, 361.6358032226563][365.0452880859375, 345.24755859375, 348.4632873535156, 329.731201171875, 313.7302856445313, 307.2374877929688, 293.5125122070313;
 643.1907958984375, 616.148681640625, 668.7174072265625, 627.3271484375, 507.7396545410156, 455.61962890625, 336.9787902832031][410.8767700195313, 389.2410278320313, 393.3943176269531, 372.9503479003906, 358.9758911132813, 351.6954650878906, 335.9325561523438;
 648.156982421875, 622.062744140625, 671.495361328125, 632.0841674804688, 520.1787719726563, 471.6544799804688, 361.6401672363281][365.0433959960938, 345.249755859375, 348.4659118652344, 329.7391967773438, 313.7250671386719, 307.2421264648438, 293.5070495605469;
 643.2011108398438, 616.1513061523438, 668.7261352539063, 627.3368530273438, 507.7376098632813, 455.6196899414063, 336.9786682128906][410.8777160644531, 389.2480163574219, 393.4005737304688, 372.9478149414063, 358.9786987304688, 351.6884460449219, 335.927734375;
 648.1575317382813, 622.05078125, 671.4844360351563, 632.0747680664063, 520.1666259765625, 471.6376342773438, 361.6305236816406][365.0486450195313, 345.25927734375, 348.4684448242188, 329.7443542480469, 313.7286071777344, 307.2346801757813, 293.5073547363281;
 643.1951293945313, 616.1424560546875, 668.7154541015625, 627.3294677734375, 507.7360229492188, 455.6148986816406, 336.9734497070313][410.8707885742188, 389.2393493652344, 393.3976135253906, 372.9493713378906, 358.9794616699219, 351.6938171386719, 335.9435729980469;
 648.1553955078125, 622.0467529296875, 671.4917602539063, 632.085693359375, 520.1688232421875, 471.6383056640625, 361.6287231445313][365.0485229492188, 345.2502746582031, 348.4674987792969, 329.7364501953125, 313.7278747558594, 307.2491455078125, 293.5180969238281;
 643.1875, 616.140625, 668.71923828125, 627.3189697265625, 507.7348327636719, 455.6112976074219, 336.9692077636719][410.8760681152344, 389.2489624023438, 393.3990478515625, 372.9578247070313, 358.986083984375, 351.7000732421875, 335.9464721679688;
 648.1520385742188, 622.0466918945313, 671.4851684570313, 632.0620727539063, 520.1630859375, 471.6415100097656, 361.6248474121094][365.0552978515625, 345.2550048828125, 348.4680480957031, 329.733154296875, 313.7380981445313, 307.2493591308594, 293.5241394042969;
 643.1864013671875, 616.1322631835938, 668.7066040039063, 627.3148193359375, 507.7223815917969, 455.6092834472656, 336.9708557128906][410.8767395019531, 389.2501525878906, 393.4037475585938, 372.9548645019531, 358.9805908203125, 351.6994323730469, 335.9445190429688;
 648.1495361328125, 622.0418090820313, 671.4837646484375, 632.0743408203125, 520.1659545898438, 471.6344604492188, 361.6223449707031][365.0582885742188, 345.2468566894531, 348.4773254394531, 329.7418212890625, 313.7301025390625, 307.2408142089844, 293.5076904296875;
 643.1846923828125, 616.1375732421875, 668.7068481445313, 627.31689453125, 507.7210998535156, 455.6056823730469, 336.962890625][410.875, 389.2339477539063, 393.4034118652344, 372.9547424316406, 358.9820861816406, 351.6937561035156, 335.9419250488281;
 648.15283203125, 622.0469970703125, 671.4835815429688, 632.0717163085938, 520.1741943359375, 471.6351013183594, 361.6223754882813][365.0511169433594, 345.2532043457031, 348.4672241210938, 329.734130859375, 313.7288208007813, 307.2405395507813, 293.5163879394531;
 643.1891479492188, 616.1387939453125, 668.7083129882813, 627.3157958984375, 507.7213439941406, 455.6109008789063, 336.969482421875][410.8773803710938, 389.2426147460938, 393.39599609375, 372.95166015625, 358.981689453125, 351.6962890625, 335.9459533691406;
 648.1544799804688, 622.04638671875, 671.4854736328125, 632.0733642578125, 520.1710815429688, 471.6403198242188, 361.618896484375][365.054443359375, 345.2518615722656, 348.4667663574219, 329.7325439453125, 313.7283020019531, 307.2422790527344, 293.5126037597656;
 643.1856079101563, 616.1311645507813, 668.709228515625, 627.3198852539063, 507.7268676757813, 455.6120300292969, 336.97509765625][410.8733825683594, 389.240234375, 393.3966979980469, 372.9533996582031, 358.9818420410156, 351.6990356445313, 335.9403686523438;
 648.1477661132813, 622.0535278320313, 671.482666015625, 632.0706787109375, 520.1656494140625, 471.6304626464844, 361.6261596679688][365.0422668457031, 345.2437133789063, 348.4688110351563, 329.7246398925781, 313.7234191894531, 307.234130859375, 293.5069580078125;
 643.17822265625, 616.1326904296875, 668.7039794921875, 627.3187866210938, 507.7228393554688, 455.6148071289063, 336.9656372070313][410.8741149902344, 389.2418823242188, 393.3981628417969, 372.9473266601563, 358.9801330566406, 351.6925964355469, 335.9374084472656;
 648.1538696289063, 622.0411987304688, 671.487060546875, 632.0703125, 520.1699829101563, 471.6387329101563, 361.62060546875][365.0509948730469, 345.2442626953125, 348.4647827148438, 329.7337951660156, 313.730712890625, 307.2395324707031, 293.5057067871094;
 643.1817626953125, 616.1270751953125, 668.69970703125, 627.31201171875, 507.7272338867188, 455.6054382324219, 336.9649658203125][410.8727416992188, 389.2434997558594, 393.404296875, 372.9451293945313, 358.9824523925781, 351.6979675292969, 335.9418640136719;
 648.1629638671875, 622.049560546875, 671.4969482421875, 632.0797119140625, 520.1729736328125, 471.6422119140625, 361.6309814453125][365.0491943359375, 345.2598266601563, 348.46875, 329.7349548339844, 313.7299499511719, 307.2425842285156, 293.5196533203125;
 643.192138671875, 616.1435546875, 668.7149047851563, 627.3316040039063, 507.728271484375, 455.6092529296875, 336.9763488769531][410.8773498535156, 389.2466430664063, 393.4060974121094, 372.9524841308594, 358.9794311523438, 351.6933898925781, 335.9369812011719;
 648.153564453125, 622.0527954101563, 671.4892578125, 632.0701904296875, 520.1766967773438, 471.6485290527344, 361.6303405761719][365.0443420410156, 345.2477416992188, 348.46044921875, 329.72265625, 313.7157592773438, 307.2301330566406, 293.4985656738281;
 643.194580078125, 616.1361694335938, 668.7158203125, 627.32177734375, 507.7263488769531, 455.6120300292969, 336.970703125][410.8822021484375, 389.2431335449219, 393.3949279785156, 372.94970703125, 358.9766235351563, 351.6978759765625, 335.9400329589844;
 648.1609497070313, 622.0604858398438, 671.4931640625, 632.0755615234375, 520.1715698242188, 471.6376037597656, 361.6289367675781][365.0513610839844, 345.2553405761719, 348.4672546386719, 329.7334289550781, 313.7345581054688, 307.2515869140625, 293.5149230957031;
 643.1923217773438, 616.13916015625, 668.70947265625, 627.3228149414063, 507.7330017089844, 455.6123046875, 336.9720153808594][410.8741149902344, 389.248046875, 393.4026489257813, 372.9566040039063, 358.9900207519531, 351.7052917480469, 335.9469299316406;
 648.1635131835938, 622.0523681640625, 671.4923095703125, 632.0789184570313, 520.17822265625, 471.6511840820313, 361.638916015625][365.0533752441406, 345.2543029785156, 348.4699401855469, 329.7276916503906, 313.7276611328125, 307.2439880371094, 293.521484375;
 643.1995849609375, 616.1525268554688, 668.7177124023438, 627.3309936523438, 507.7366027832031, 455.6179504394531, 336.9724731445313][410.87158203125, 389.2420043945313, 393.4086608886719, 372.9560852050781, 358.9783630371094, 351.6952514648438, 335.9423217773438;
 648.165283203125, 622.0552368164063, 671.490966796875, 632.080322265625, 520.1755981445313, 471.6539306640625, 361.6278991699219][365.0448303222656, 345.2516479492188, 348.4647216796875, 329.7361755371094, 313.731689453125, 307.2512512207031, 293.5193481445313;
 643.1871337890625, 616.1385498046875, 668.71240234375, 627.3281860351563, 507.7297058105469, 455.6181030273438, 336.9761352539063][410.8836364746094, 389.2451477050781, 393.399658203125, 372.959228515625, 358.9837036132813, 351.693115234375, 335.9449768066406;
 648.1557006835938, 622.053466796875, 671.4902954101563, 632.0759887695313, 520.1754760742188, 471.6430358886719, 361.6289978027344][365.0489196777344, 345.2489318847656, 348.4640808105469, 329.7314147949219, 313.7285461425781, 307.2387390136719, 293.5135192871094;
 643.1961669921875, 616.1447143554688, 668.7116088867188, 627.3233642578125, 507.7269897460938, 455.6124267578125, 336.9724426269531][410.8722839355469, 389.2460021972656, 393.403076171875, 372.9486083984375, 358.9871520996094, 351.7001953125, 335.9399108886719;
 648.1483764648438, 622.0460205078125, 671.4856567382813, 632.0744018554688, 520.169921875, 471.6385803222656, 361.6275024414063][365.050537109375, 345.2518615722656, 348.4603576660156, 329.73291015625, 313.7349548339844, 307.2406311035156, 293.5062255859375;
 643.1913452148438, 616.13427734375, 668.7059326171875, 627.3224487304688, 507.7237243652344, 455.6109313964844, 336.9608154296875][410.8739318847656, 389.2476501464844, 393.395751953125, 372.9505615234375, 358.981201171875, 351.6955871582031, 335.9432373046875;
 648.158447265625, 622.0491943359375, 671.481689453125, 632.0690307617188, 520.1672973632813, 471.6355590820313, 361.6239318847656][365.0556640625, 345.2436218261719, 348.4619140625, 329.7273254394531, 313.726806640625, 307.2413635253906, 293.5167541503906;
 643.185546875, 616.1303100585938, 668.7060546875, 627.3184814453125, 507.7274780273438, 455.6082153320313, 336.9673156738281][410.8707580566406, 389.2477722167969, 393.4007263183594, 372.9520874023438, 358.9830627441406, 351.6983032226563, 335.9481811523438;
 648.1520385742188, 622.0457153320313, 671.4920043945313, 632.0704345703125, 520.1740112304688, 471.6376647949219, 361.6280517578125][365.0473327636719, 345.2540588378906, 348.4689025878906, 329.7353210449219, 313.7293090820313, 307.2471313476563, 293.5152893066406;
 643.185546875, 616.1441650390625, 668.7000122070313, 627.3148193359375, 507.7304077148438, 455.60791015625, 336.9631652832031][410.8757934570313, 389.2429504394531, 393.394775390625, 372.9547119140625, 358.9757995605469, 351.6945495605469, 335.9380187988281;
 648.1576538085938, 622.0501708984375, 671.4923095703125, 632.070556640625, 520.1703491210938, 471.6418762207031, 361.6299438476563][365.0461120605469, 345.2503662109375, 348.4638671875, 329.7285766601563, 313.723876953125, 307.2417297363281, 293.5132141113281;
 643.1812744140625, 616.1343994140625, 668.7085571289063, 627.3265380859375, 507.7304077148438, 455.6147766113281, 336.9659118652344][410.8701171875, 389.2398681640625, 393.3911437988281, 372.9478454589844, 358.98046875, 351.696044921875, 335.9483337402344;
 648.1614990234375, 622.0618896484375, 671.4873046875, 632.0850830078125, 520.1753540039063, 471.6409912109375, 361.6388244628906][365.0437927246094, 345.248291015625, 348.4640808105469, 329.7273559570313, 313.7379760742188, 307.2447814941406, 293.5187683105469;
 643.2044677734375, 616.1448364257813, 668.7130737304688, 627.3282470703125, 507.7423095703125, 455.6151428222656, 336.9723815917969][410.8764038085938, 389.2472839355469, 393.4023132324219, 372.9515380859375, 358.9772033691406, 351.6948852539063, 335.9417114257813;
 648.165283203125, 622.0588989257813, 671.4924926757813, 632.0775146484375, 520.16796875, 471.6496276855469, 361.63330078125][365.0455322265625, 345.2520141601563, 348.4599304199219, 329.7393798828125, 313.7309265136719, 307.2457275390625, 293.5234375;
 643.191162109375, 616.13720703125, 668.7066650390625, 627.3193969726563, 507.7350463867188, 455.6163635253906, 336.9751586914063][410.8707275390625, 389.2357482910156, 393.3988342285156, 372.9551086425781, 358.9808044433594, 351.6958312988281, 335.9429016113281;
 648.1591186523438, 622.0593872070313, 671.4932861328125, 632.0709838867188, 520.1812744140625, 471.6494140625, 361.6412658691406][365.04638671875, 345.2503051757813, 348.4526977539063, 329.7266845703125, 313.7232971191406, 307.2382507324219, 293.5160217285156;
 643.201171875, 616.1451416015625, 668.7186279296875, 627.3306274414063, 507.7376708984375, 455.6195983886719, 336.9779357910156][410.8721618652344, 389.2405700683594, 393.387451171875, 372.9432067871094, 358.9712524414063, 351.6883850097656, 335.9345397949219;
 648.154541015625, 622.0533447265625, 671.4840698242188, 632.0775756835938, 520.173095703125, 471.638916015625, 361.6293334960938][365.0473022460938, 345.2513732910156, 348.4747009277344, 329.7404479980469, 313.7284545898438, 307.2478332519531, 293.5142517089844;
 643.1984252929688, 616.140625, 668.7163696289063, 627.336669921875, 507.7427062988281, 455.61669921875, 336.9803466796875][410.8714599609375, 389.246826171875, 393.3974609375, 372.9512329101563, 358.9825744628906, 351.6876525878906, 335.9334106445313;
 648.1636962890625, 622.05322265625, 671.4992065429688, 632.0811157226563, 520.1748657226563, 471.651123046875, 361.6371765136719][365.0533752441406, 345.2544555664063, 348.4736633300781, 329.7346496582031, 313.7335510253906, 307.2459411621094, 293.5072326660156;
 643.2042236328125, 616.1549072265625, 668.71630859375, 627.3316040039063, 507.7404479980469, 455.6201477050781, 336.98681640625][410.8716735839844, 389.2477416992188, 393.396728515625, 372.9488525390625, 358.9832763671875, 351.7002258300781, 335.9367370605469;
 648.16162109375, 622.0650634765625, 671.4921875, 632.082763671875, 520.1769409179688, 471.6475219726563, 361.63330078125][365.0516357421875, 345.257080078125, 348.4759826660156, 329.7385559082031, 313.7301025390625, 307.2421569824219, 293.5165405273438;
 643.1923828125, 616.1348876953125, 668.7098999023438, 627.3184814453125, 507.7371826171875, 455.6178894042969, 336.9831848144531][410.8716125488281, 389.2424011230469, 393.3956298828125, 372.95166015625, 358.9739990234375, 351.6900939941406, 335.9472351074219;
 648.1593627929688, 622.0512084960938, 671.4893798828125, 632.0831909179688, 520.18017578125, 471.6470947265625, 361.6347045898438][365.0454711914063, 345.2579345703125, 348.4649658203125, 329.7342529296875, 313.7243957519531, 307.2467346191406, 293.5160522460938;
 643.1917114257813, 616.1478881835938, 668.7112426757813, 627.3201293945313, 507.7344360351563, 455.6136169433594, 336.98193359375][410.8692626953125, 389.2350158691406, 393.3995666503906, 372.9490661621094, 358.97265625, 351.6885986328125, 335.9323425292969;
 648.1519775390625, 622.0513305664063, 671.4866333007813, 632.0746459960938, 520.1681518554688, 471.6373291015625, 361.6233825683594][365.0506591796875, 345.2540283203125, 348.46240234375, 329.7322082519531, 313.7280883789063, 307.2394714355469, 293.5056457519531;
 643.187744140625, 616.134033203125, 668.705322265625, 627.3207397460938, 507.7191162109375, 455.6134948730469, 336.966552734375][410.8572998046875, 389.2324829101563, 393.3800354003906, 372.9353637695313, 358.9680786132813, 351.6916809082031, 335.933349609375;
 648.1619262695313, 622.0519409179688, 671.4896850585938, 632.0736083984375, 520.1763916015625, 471.6497802734375, 361.6300354003906][365.0431823730469, 345.2462463378906, 348.4620056152344, 329.7244873046875, 313.7172241210938, 307.2370910644531, 293.5068969726563;
 643.1918334960938, 616.1415405273438, 668.7089233398438, 627.3253784179688, 507.7326965332031, 455.6116943359375, 336.9700012207031][410.8573303222656, 389.2355346679688, 393.385986328125, 372.9364624023438, 358.9675598144531, 351.6786804199219, 335.9246215820313;
 648.1495361328125, 622.0484008789063, 671.4710083007813, 632.0693969726563, 520.1725463867188, 471.6363525390625, 361.6287536621094][365.0302124023438, 345.2326354980469, 348.4488525390625, 329.7168273925781, 313.7058715820313, 307.2270202636719, 293.4888000488281;
 643.1825561523438, 616.1273803710938, 668.7068481445313, 627.3225708007813, 507.72314453125, 455.6080017089844, 336.9606323242188][410.8666687011719, 389.2377014160156, 393.3869323730469, 372.9322814941406, 358.9682922363281, 351.6827392578125, 335.9303894042969;
 648.1572265625, 622.0491943359375, 671.4830932617188, 632.0726318359375, 520.1725463867188, 471.6390075683594, 361.6321105957031][365.0184326171875, 345.2284545898438, 348.4442749023438, 329.7137451171875, 313.7110595703125, 307.2284545898438, 293.4910888671875;
 643.19189453125, 616.1373291015625, 668.70654296875, 627.3207397460938, 507.7288208007813, 455.6139831542969, 336.9702453613281][410.8667297363281, 389.2308959960938, 393.3916015625, 372.9466247558594, 358.9700012207031, 351.6842956542969, 335.9334106445313;
 648.1537475585938, 622.050048828125, 671.4896850585938, 632.0790405273438, 520.1751098632813, 471.6473388671875, 361.6323547363281][365.0347595214844, 345.2427062988281, 348.4578857421875, 329.7222900390625, 313.7245483398438, 307.2331237792969, 293.5068054199219;
 643.1942749023438, 616.1373291015625, 668.7191162109375, 627.3297119140625, 507.7353515625, 455.6159362792969, 336.9796142578125][410.8630676269531, 389.2386474609375, 393.3902587890625, 372.9391174316406, 358.9740600585938, 351.6860046386719, 335.9380798339844;
 648.1513671875, 622.0496215820313, 671.4849853515625, 632.0702514648438, 520.166259765625, 471.639892578125, 361.6243591308594][365.03564453125, 345.2389831542969, 348.453857421875, 329.7254028320313, 313.7248840332031, 307.2346801757813, 293.5031127929688;
 643.1823120117188, 616.1354370117188, 668.7093505859375, 627.3222045898438, 507.7336730957031, 455.6117248535156, 336.9709167480469][410.8602294921875, 389.2320861816406, 393.3885192871094, 372.9450378417969, 358.9714660644531, 351.6903686523438, 335.9376525878906;
 648.14990234375, 622.037841796875, 671.4752807617188, 632.0653076171875, 520.162353515625, 471.6290893554688, 361.6177673339844][365.0360412597656, 345.2402038574219, 348.4532470703125, 329.7239685058594, 313.7218322753906, 307.2411193847656, 293.5132751464844;
 643.1727905273438, 616.12841796875, 668.6937866210938, 627.2999267578125, 507.7206115722656, 455.5981750488281, 336.9641418457031][410.8663330078125, 389.2342529296875, 393.3860473632813, 372.9455261230469, 358.9770812988281, 351.6914672851563, 335.9424133300781;
 648.1570434570313, 622.04931640625, 671.4874877929688, 632.0791625976563, 520.1707153320313, 471.6350708007813, 361.6272277832031][365.0386962890625, 345.247314453125, 348.4637451171875, 329.7304077148438, 313.7328186035156, 307.2449951171875, 293.5199584960938;
 643.1801147460938, 616.1364135742188, 668.7171630859375, 627.3182983398438, 507.7333984375, 455.6120910644531, 336.9743041992188][410.8587951660156, 389.233154296875, 393.38916015625, 372.9441528320313, 358.9665222167969, 351.6851806640625, 335.9334106445313;
 648.1549682617188, 622.044921875, 671.4844970703125, 632.068359375, 520.1678466796875, 471.6363830566406, 361.6246948242188][365.0467224121094, 345.2439270019531, 348.4646606445313, 329.7311706542969, 313.7295227050781, 307.2292785644531, 293.5018005371094;
 643.1922607421875, 616.1385498046875, 668.7079467773438, 627.3258666992188, 507.7393493652344, 455.6119689941406, 336.9674682617188][410.8763427734375, 389.2362670898438, 393.4000854492188, 372.9519958496094, 358.9766845703125, 351.6912231445313, 335.9397888183594;
 648.1587524414063, 622.05126953125, 671.4915161132813, 632.074462890625, 520.1732788085938, 471.6401062011719, 361.6277770996094][365.03857421875, 345.2423706054688, 348.4679870605469, 329.7298889160156, 313.7135620117188, 307.2292175292969, 293.5032958984375;
 643.19580078125, 616.145263671875, 668.7152709960938, 627.3370361328125, 507.7451477050781, 455.6209716796875, 336.9807434082031][410.8586120605469, 389.2227478027344, 393.3812255859375, 372.9277648925781, 358.9615783691406, 351.675537109375, 335.9255676269531;
 648.1441650390625, 622.0403442382813, 671.4784545898438, 632.0634765625, 520.15576171875, 471.6268615722656, 361.6159057617188][365.0237426757813, 345.239013671875, 348.4500122070313, 329.7201843261719, 313.7183532714844, 307.2328186035156, 293.5064086914063;
 643.1771850585938, 616.1229858398438, 668.6879272460938, 627.30908203125, 507.72021484375, 455.6027221679688, 336.9606018066406][410.8580322265625, 389.2313842773438, 393.3895874023438, 372.9422302246094, 358.9552917480469, 351.674560546875, 335.9178161621094;
 648.1474609375, 622.0401611328125, 671.4865112304688, 632.0713500976563, 520.1602172851563, 471.6330871582031, 361.6268310546875][365.0347900390625, 345.2294006347656, 348.4560546875, 329.71728515625, 313.7138061523438, 307.2180786132813, 293.477294921875;
 643.1829223632813, 616.1350708007813, 668.7064819335938, 627.3177490234375, 507.7293090820313, 455.6155700683594, 336.9662475585938][410.8789672851563, 389.2474060058594, 393.3908081054688, 372.9478149414063, 358.9706420898438, 351.6917419433594, 335.9362487792969;
 648.1573486328125, 622.0519409179688, 671.48876953125, 632.0791625976563, 520.1742553710938, 471.6470947265625, 361.6279907226563][365.0514526367188, 345.2493591308594, 348.4632263183594, 329.7326965332031, 313.7281799316406, 307.2417297363281, 293.5038757324219;
 643.1961669921875, 616.1388549804688, 668.7139892578125, 627.328369140625, 507.7380065917969, 455.6200866699219, 336.9714660644531][410.8370666503906, 389.2261352539063, 393.3730773925781, 372.9258422851563, 358.9530639648438, 351.6722412109375, 335.9251708984375;
 648.1456298828125, 622.0455322265625, 671.4838256835938, 632.0682983398438, 520.1630859375, 471.6302185058594, 361.6194152832031][365.0139770507813, 345.2207946777344, 348.42919921875, 329.6967468261719, 313.6930541992188, 307.2195129394531, 293.4863586425781;
 643.1759643554688, 616.1285400390625, 668.7027587890625, 627.3118896484375, 507.7202453613281, 455.6114501953125, 336.9722290039063][410.8643188476563, 389.2310485839844, 393.3891296386719, 372.9368286132813, 358.9694213867188, 351.6856994628906, 335.9324645996094;
 648.147216796875, 622.0487060546875, 671.4832763671875, 632.0587158203125, 520.1670532226563, 471.6314086914063, 361.6280212402344][365.0315246582031, 345.245849609375, 348.44873046875, 329.7147521972656, 313.7197265625, 307.2274169921875, 293.5002746582031;
 643.1768798828125, 616.127197265625, 668.6912841796875, 627.316650390625, 507.7263793945313, 455.6040344238281, 336.9668884277344][410.8650817871094, 389.2276306152344, 393.3880004882813, 372.9475708007813, 358.968505859375, 351.6866455078125, 335.9259643554688;
 648.1536865234375, 622.0477294921875, 671.4850463867188, 632.0745849609375, 520.173095703125, 471.6415710449219, 361.6283264160156][365.0379028320313, 345.2384033203125, 348.4554443359375, 329.7179260253906, 313.7151794433594, 307.2297668457031, 293.4983520507813;
 643.1919555664063, 616.1407470703125, 668.7073364257813, 627.3181762695313, 507.7363586425781, 455.6094055175781, 336.9714965820313][410.8559875488281, 389.227783203125, 393.3764343261719, 372.9297790527344, 358.9619750976563, 351.6745910644531, 335.9217834472656;
 648.1566772460938, 622.0509033203125, 671.4855346679688, 632.071533203125, 520.1714477539063, 471.6521911621094, 361.6330871582031][365.0401611328125, 345.2453002929688, 348.459228515625, 329.7220458984375, 313.7172546386719, 307.2280883789063, 293.5016784667969;
 643.185791015625, 616.1336669921875, 668.7068481445313, 627.318603515625, 507.7341613769531, 455.6099853515625, 336.9695739746094][410.8560791015625, 389.2228393554688, 393.3829345703125, 372.9302368164063, 358.955078125, 351.6795654296875, 335.931396484375;
 648.156494140625, 622.0502319335938, 671.4840698242188, 632.0692138671875, 520.1732177734375, 471.6483459472656, 361.6361999511719][365.0343017578125, 345.2402648925781, 348.452392578125, 329.7239990234375, 313.7210998535156, 307.2360534667969, 293.4982604980469;
 643.186279296875, 616.1383666992188, 668.7101440429688, 627.3170166015625, 507.7371215820313, 455.6142578125, 336.9697875976563][410.857421875, 389.2304382324219, 393.3801879882813, 372.93896484375, 358.9605407714844, 351.6806030273438, 335.9241638183594;
 648.1489868164063, 622.049560546875, 671.4894409179688, 632.0637817382813, 520.1736450195313, 471.6429748535156, 361.6241149902344][365.02392578125, 345.2272644042969, 348.4400634765625, 329.7130126953125, 313.7091369628906, 307.2213134765625, 293.4910583496094;
 643.1842651367188, 616.129638671875, 668.70263671875, 627.3163452148438, 507.7317199707031, 455.6130065917969, 336.9735107421875][410.8589782714844, 389.2249145507813, 393.3823547363281, 372.9397888183594, 358.969482421875, 351.6862182617188, 335.92919921875;
 648.1525268554688, 622.0472412109375, 671.4874267578125, 632.0645751953125, 520.1643676757813, 471.637939453125, 361.6226196289063][365.0413513183594, 345.2460327148438, 348.4527282714844, 329.7261352539063, 313.7237548828125, 307.2364807128906, 293.5045166015625;
 643.1804809570313, 616.12548828125, 668.6956787109375, 627.3069458007813, 507.7290649414063, 455.6116333007813, 336.9676513671875][410.8609924316406, 389.2379150390625, 393.3929748535156, 372.9483032226563, 358.9717712402344, 351.6834411621094, 335.9287109375;
 648.157958984375, 622.0515747070313, 671.4854125976563, 632.0676879882813, 520.1765747070313, 471.6401062011719, 361.6245422363281][365.043701171875, 345.2445678710938, 348.4623107910156, 329.7306213378906, 313.7225341796875, 307.2393798828125, 293.4988708496094;
 643.1758422851563, 616.1326293945313, 668.7020263671875, 627.320556640625, 507.7226257324219, 455.6149291992188, 336.9653930664063][410.8616333007813, 389.2306518554688, 393.3832397460938, 372.9378662109375, 358.9678955078125, 351.6853332519531, 335.9291381835938;
 648.141845703125, 622.0400390625, 671.4705200195313, 632.0603637695313, 520.1564331054688, 471.6269226074219, 361.6180725097656][365.0304870605469, 345.2353820800781, 348.4555969238281, 329.7171325683594, 313.7204284667969, 307.2311706542969, 293.501220703125;
 643.1699829101563, 616.1220703125, 668.6913452148438, 627.3117065429688, 507.7165832519531, 455.5977783203125, 336.9525146484375][410.8515014648438, 389.2274780273438, 393.3812561035156, 372.9372863769531, 358.9610290527344, 351.6845703125, 335.928466796875;
 648.1510620117188, 622.0514526367188, 671.4779663085938, 632.0695190429688, 520.1661987304688, 471.6316223144531, 361.620849609375][365.0294799804688, 345.2328491210938, 348.4533996582031, 329.7162780761719, 313.7099914550781, 307.2304992675781, 293.4974670410156;
 643.179931640625, 616.126708984375, 668.6969604492188, 627.319091796875, 507.7310180664063, 455.6135559082031, 336.9657897949219][410.8538818359375, 389.2286376953125, 393.3946838378906, 372.9499206542969, 358.9636840820313, 351.6858825683594, 335.931640625;
 648.1593017578125, 622.0433959960938, 671.480224609375, 632.0751342773438, 520.1680908203125, 471.6421508789063, 361.6187133789063][365.0327453613281, 345.2468872070313, 348.4521179199219, 329.7219543457031, 313.7173156738281, 307.2330322265625, 293.4927368164063;
 643.1781616210938, 616.1243896484375, 668.698974609375, 627.3162231445313, 507.71826171875, 455.6067810058594, 336.9695739746094][410.87255859375, 389.239501953125, 393.3959655761719, 372.9436645507813, 358.966064453125, 351.6901245117188, 335.92431640625;
 648.1536254882813, 622.044677734375, 671.4774169921875, 632.0661010742188, 520.1671142578125, 471.6364440917969, 361.6218872070313][365.0303344726563, 345.2381591796875, 348.4555053710938, 329.7265930175781, 313.71923828125, 307.2308349609375, 293.4961242675781;
 643.1802978515625, 616.132080078125, 668.7022705078125, 627.317138671875, 507.7164611816406, 455.6077575683594, 336.9641723632813][410.8670043945313, 389.2463073730469, 393.3898010253906, 372.9435729980469, 358.9697570800781, 351.6810607910156, 335.9342651367188;
 648.1563720703125, 622.058349609375, 671.4925537109375, 632.08349609375, 520.1793823242188, 471.6436767578125, 361.6387939453125][365.0329895019531, 345.2316284179688, 348.4489440917969, 329.7184143066406, 313.7133483886719, 307.2294311523438, 293.4874877929688;
 643.1959838867188, 616.1380004882813, 668.71826171875, 627.3287353515625, 507.7296752929688, 455.6193237304688, 336.9791564941406][410.8829345703125, 389.2485656738281, 393.4092712402344, 372.9642333984375, 358.9864196777344, 351.6959838867188, 335.9420166015625;
 648.1591796875, 622.0540161132813, 671.495849609375, 632.0718994140625, 520.175048828125, 471.6502990722656, 361.641357421875][365.0576477050781, 345.2536315917969, 348.4725952148438, 329.7427673339844, 313.7362670898438, 307.2444152832031, 293.5126953125;
 643.1946411132813, 616.142333984375, 668.710693359375, 627.328125, 507.7389831542969, 455.6151123046875, 336.9722900390625][410.87646484375, 389.2496032714844, 393.4092102050781, 372.9591064453125, 358.9838256835938, 351.6943054199219, 335.9365234375;
 648.1514892578125, 622.0419921875, 671.4774780273438, 632.0750732421875, 520.173095703125, 471.6431274414063, 361.6281433105469][365.0535888671875, 345.2494506835938, 348.4724731445313, 329.7374572753906, 313.7345581054688, 307.2446899414063, 293.513916015625;
 643.1881713867188, 616.1349487304688, 668.7041015625, 627.3218994140625, 507.7232971191406, 455.6061706542969, 336.9678039550781][410.8656921386719, 389.2409362792969, 393.3958740234375, 372.9450378417969, 358.975830078125, 351.6974792480469, 335.9420166015625;
 648.153076171875, 622.0451049804688, 671.48046875, 632.0751953125, 520.1742553710938, 471.6437377929688, 361.6325988769531][365.0536804199219, 345.2529296875, 348.4656677246094, 329.7372131347656, 313.7352600097656, 307.2472839355469, 293.5143432617188;
 643.1829223632813, 616.1317749023438, 668.6995239257813, 627.3225708007813, 507.7253112792969, 455.6031188964844, 336.9678039550781][410.8713989257813, 389.242919921875, 393.3945007324219, 372.9554748535156, 358.970458984375, 351.6932983398438, 335.9373168945313;
 648.1464233398438, 622.0444946289063, 671.4814453125, 632.068359375, 520.1567993164063, 471.6259765625, 361.6255187988281][365.0426025390625, 345.2366943359375, 348.4508666992188, 329.7164916992188, 313.7155456542969, 307.2337951660156, 293.4995727539063;
 643.1777954101563, 616.1220092773438, 668.6994018554688, 627.314208984375, 507.7142028808594, 455.6046142578125, 336.9542541503906][410.8497924804688, 389.2102966308594, 393.3710632324219, 372.9125061035156, 358.9457092285156, 351.6667785644531, 335.9085998535156;
 648.1449584960938, 622.0439453125, 671.474365234375, 632.0731811523438, 520.164306640625, 471.634765625, 361.6240234375][365.0113525390625, 345.2237548828125, 348.4352111816406, 329.6989440917969, 313.6900024414063, 307.2135925292969, 293.4704895019531;
 643.1735229492188, 616.1211547851563, 668.6947631835938, 627.3137817382813, 507.7168579101563, 455.6026306152344, 336.9609069824219][410.8385314941406, 389.2119445800781, 393.3681945800781, 372.9078369140625, 358.9329833984375, 351.6538391113281, 335.8871459960938;
 648.1443481445313, 622.0464477539063, 671.4797973632813, 632.0673217773438, 520.164306640625, 471.633544921875, 361.6234436035156][365.0071716308594, 345.2090759277344, 348.4262390136719, 329.6850280761719, 313.6688842773438, 307.1990661621094, 293.4508056640625;
 643.1761474609375, 616.1314697265625, 668.7108764648438, 627.3148803710938, 507.7232971191406, 455.6148681640625, 336.9654541015625][410.828125, 389.1939086914063, 393.3484802246094, 372.90234375, 358.9179382324219, 351.65185546875, 335.8945617675781;
 648.149658203125, 622.0496826171875, 671.4759521484375, 632.068603515625, 520.1668090820313, 471.6432495117188, 361.6209106445313][365.010009765625, 345.2090759277344, 348.4225158691406, 329.685302734375, 313.6730346679688, 307.2020568847656, 293.462646484375;
 643.1754760742188, 616.129638671875, 668.6953735351563, 627.3162231445313, 507.7237854003906, 455.6138610839844, 336.9579467773438][410.8357849121094, 389.2036743164063, 393.3558349609375, 372.9100952148438, 358.9395751953125, 351.6557006835938, 335.8982849121094;
 648.1529541015625, 622.0446166992188, 671.4822387695313, 632.0795288085938, 520.1740112304688, 471.6435546875, 361.6352844238281][365.0129089355469, 345.2100219726563, 348.4260864257813, 329.6988525390625, 313.6736145019531, 307.2048950195313, 293.4600830078125;
 643.1798706054688, 616.138427734375, 668.7062377929688, 627.3218994140625, 507.7247314453125, 455.6207275390625, 336.965576171875][410.8402404785156, 389.2029113769531, 393.3728332519531, 372.9183349609375, 358.9250793457031, 351.6408386230469, 335.8578186035156;
 648.1472778320313, 622.0418090820313, 671.4815063476563, 632.06494140625, 520.1683349609375, 471.6408996582031, 361.631103515625][365.0187377929688, 345.21923828125, 348.4365234375, 329.6979064941406, 313.6714782714844, 307.1842651367188, 293.4197692871094;
 643.1800537109375, 616.1428833007813, 668.7117309570313, 627.3143310546875, 507.7351989746094, 455.6292114257813, 336.9726257324219][410.843017578125, 389.2121887207031, 393.3725891113281, 372.9289245605469, 358.9424133300781, 351.6628112792969, 335.8971862792969;
 648.1578979492188, 622.04296875, 671.4744873046875, 632.069091796875, 520.1702270507813, 471.6399230957031, 361.6268310546875][365.0294494628906, 345.2275390625, 348.4376525878906, 329.7030029296875, 313.6906433105469, 307.2095031738281, 293.4655456542969;
 643.1764526367188, 616.1444702148438, 668.710205078125, 627.3248901367188, 507.72900390625, 455.6251220703125, 336.9752502441406]