3D [-264.75235, 134.50902, 1162.4539;
 -278.14182, 106.05747, 1138.3672;
 -277.69208, 157.43549, 1148.0314;
 -289.54968, 115.36479, 1124.4293;
 -303.02795, 3.0581686, 1119.1698;
 -306.26874, -45.207085, 1108.4553;
 -312.73279, -151.98915, 1084.2742]3D [-264.75235, 134.50902, 1162.4539;
 -278.14182, 106.05747, 1138.3672;
 -277.69208, 157.43549, 1148.0314;
 -289.54968, 115.36479, 1124.4293;
 -303.02795, 3.0581686, 1119.1698;
 -306.26874, -45.207085, 1108.4553;
 -312.73279, -151.98915, 1084.2742]3D [-264.75891, 134.51524, 1162.4723;
 -278.15576, 106.06672, 1138.397;
 -277.66492, 157.43648, 1147.9526;
 -289.5513, 115.37379, 1124.4506;
 -303.02136, 3.0544212, 1119.1511;
 -306.2699, -45.209496, 1108.465;
 -312.76782, -152.00508, 1084.3336]3D [-264.79721, 134.5226, 1162.5814;
 -278.19778, 106.07579, 1138.521;
 -277.71265, 157.43675, 1148.0696;
 -289.57108, 115.37054, 1124.4952;
 -303.05051, 3.0522213, 1119.2197;
 -306.28278, -45.209904, 1108.4972;
 -312.7652, -152.00296, 1084.3358]3D [-264.7803, 134.50742, 1162.5232;
 -278.17548, 106.0675, 1138.4482;
 -277.69376, 157.43211, 1148.0157;
 -289.54272, 115.35897, 1124.4082;
 -303.05142, 3.0501845, 1119.2285;
 -306.28186, -45.213955, 1108.4944;
 -312.76517, -152.00148, 1084.3419]3D [-264.74442, 134.50453, 1162.4445;
 -278.16226, 106.06618, 1138.4214;
 -277.68216, 157.43173, 1148.0024;
 -289.53513, 115.36844, 1124.3884;
 -303.02777, 3.0553482, 1119.1741;
 -306.25696, -45.201321, 1108.4215;
 -312.75656, -151.99724, 1084.3149]3D [-264.75931, 134.50854, 1162.4873;
 -278.14966, 106.0622, 1138.4071;
 -277.64914, 157.42007, 1147.9161;
 -289.52142, 115.36394, 1124.366;
 -303.01489, 3.0482109, 1119.1484;
 -306.26346, -45.212292, 1108.4572;
 -312.75174, -152.00374, 1084.3192]3D [-264.76218, 134.50908, 1162.4867;
 -278.15961, 106.06807, 1138.4108;
 -277.68506, 157.43623, 1148.0081;
 -289.54041, 115.36559, 1124.4124;
 -303.0285, 3.0520208, 1119.2026;
 -306.26025, -45.204258, 1108.4468;
 -312.73288, -151.98927, 1084.2651]3D [-264.76483, 134.50505, 1162.4622;
 -278.15872, 106.06138, 1138.3937;
 -277.66595, 157.42564, 1147.9476;
 -289.53015, 115.35886, 1124.376;
 -303.00964, 3.0527916, 1119.1072;
 -306.25977, -45.200066, 1108.4247;
 -312.74863, -151.99129, 1084.288]3D [-264.77701, 134.51328, 1162.5159;
 -278.16159, 106.06683, 1138.4093;
 -277.69669, 157.4353, 1148.0442;
 -289.54926, 115.36647, 1124.4341;
 -303.01328, 3.0538137, 1119.1373;
 -306.26538, -45.21011, 1108.4523;
 -312.7485, -151.99522, 1084.2919]3D [-264.78247, 134.51529, 1162.5319;
 -278.14804, 106.06195, 1138.3669;
 -277.68973, 157.43077, 1148.0059;
 -289.54083, 115.36526, 1124.4009;
 -303.03024, 3.0525649, 1119.1606;
 -306.28555, -45.212784, 1108.5024;
 -312.75665, -151.99802, 1084.3092]3D [-264.76538, 134.51039, 1162.4869;
 -278.1676, 106.07285, 1138.4374;
 -277.69547, 157.42877, 1148.0166;
 -289.54239, 115.36331, 1124.4087;
 -303.04044, 3.0554976, 1119.1932;
 -306.27023, -45.208046, 1108.4586;
 -312.75482, -151.99554, 1084.3115]3D [-264.79056, 134.513, 1162.5481;
 -278.19821, 106.06773, 1138.5035;
 -277.70224, 157.42812, 1148.0354;
 -289.56769, 115.36388, 1124.4592;
 -303.06229, 3.051218, 1119.2333;
 -306.2886, -45.20797, 1108.4913;
 -312.76443, -151.99704, 1084.3314]3D [-264.80176, 134.5229, 1162.5829;
 -278.18701, 106.07028, 1138.4727;
 -277.68353, 157.43394, 1147.9865;
 -289.57635, 115.37273, 1124.493;
 -303.04474, 3.0509541, 1119.2058;
 -306.28003, -45.213158, 1108.4785;
 -312.76575, -152.00371, 1084.3455]3D [-264.76291, 134.50575, 1162.4816;
 -278.17957, 106.06442, 1138.4574;
 -277.66998, 157.43367, 1147.9523;
 -289.55478, 115.36899, 1124.4473;
 -303.04578, 3.0552878, 1119.2139;
 -306.28131, -45.210365, 1108.4724;
 -312.75693, -152, 1084.3159]3D [-264.76068, 134.50978, 1162.4646;
 -278.17453, 106.06495, 1138.4326;
 -277.67966, 157.43381, 1147.9965;
 -289.53131, 115.3602, 1124.3809;
 -303.04303, 3.0550733, 1119.208;
 -306.28156, -45.205757, 1108.4867;
 -312.74661, -151.99544, 1084.2964]3D [-264.77802, 134.51233, 1162.5214;
 -278.17331, 106.06547, 1138.4504;
 -277.68607, 157.43472, 1148.0018;
 -289.55133, 115.36722, 1124.433;
 -303.03995, 3.055974, 1119.2023;
 -306.27597, -45.208458, 1108.4844;
 -312.75742, -151.99358, 1084.3038]3D [-264.77029, 134.51494, 1162.5131;
 -278.16907, 106.0672, 1138.4482;
 -277.67871, 157.43217, 1147.9966;
 -289.56357, 115.37, 1124.4697;
 -303.02917, 3.051192, 1119.182;
 -306.26563, -45.20887, 1108.4692;
 -312.759, -151.99797, 1084.3328]3D [-264.77515, 134.51169, 1162.5027;
 -278.16318, 106.0686, 1138.4049;
 -277.69589, 157.44286, 1148.035;
 -289.54581, 115.37048, 1124.4296;
 -303.04431, 3.0535657, 1119.2197;
 -306.27463, -45.204937, 1108.4777;
 -312.74783, -151.99017, 1084.3048]3D [-264.77838, 134.51227, 1162.5065;
 -278.16165, 106.07296, 1138.4063;
 -277.70673, 157.44673, 1148.0651;
 -289.5401, 115.37305, 1124.4037;
 -303.01981, 3.0615931, 1119.1431;
 -306.28152, -45.202805, 1108.4799;
 -312.75516, -151.99062, 1084.3092]3D [-264.76822, 134.51726, 1162.5077;
 -278.13977, 106.06357, 1138.3706;
 -277.6897, 157.44043, 1148.0183;
 -289.5318, 115.36967, 1124.3929;
 -303.04251, 3.0603852, 1119.1953;
 -306.2626, -45.198299, 1108.4424;
 -312.758, -151.99222, 1084.3093]3D [-264.78259, 134.52087, 1162.5322;
 -278.17078, 106.07578, 1138.4366;
 -277.7059, 157.44585, 1148.0417;
 -289.54385, 115.36958, 1124.4059;
 -303.02081, 3.0606015, 1119.1533;
 -306.26501, -45.199734, 1108.459;
 -312.75467, -151.98984, 1084.3259]3D [-264.77182, 134.51387, 1162.5061;
 -278.15707, 106.06963, 1138.3962;
 -277.68869, 157.43605, 1148.0137;
 -289.53943, 115.36735, 1124.4163;
 -303.03723, 3.0599008, 1119.1979;
 -306.26587, -45.20462, 1108.464;
 -312.75333, -151.99341, 1084.3252]3D [-264.77158, 134.51073, 1162.5072;
 -278.15851, 106.06298, 1138.4025;
 -277.68314, 157.42969, 1147.9883;
 -289.54874, 115.37119, 1124.4296;
 -303.03406, 3.0534589, 1119.1859;
 -306.2699, -45.20536, 1108.4734;
 -312.74472, -151.9938, 1084.2994]3D [-264.75815, 134.50969, 1162.4749;
 -278.16214, 106.06524, 1138.415;
 -277.66617, 157.42317, 1147.9465;
 -289.55167, 115.36576, 1124.4406;
 -303.0296, 3.0525427, 1119.1829;
 -306.2695, -45.211327, 1108.4666;
 -312.74542, -151.99522, 1084.3037]3D [-264.76495, 134.50551, 1162.4977;
 -278.13977, 106.05605, 1138.3602;
 -277.67972, 157.43083, 1147.9983;
 -289.54211, 115.36621, 1124.4226;
 -303.03448, 3.050643, 1119.2012;
 -306.28009, -45.20969, 1108.4961;
 -312.74719, -151.99866, 1084.3069]3D [-264.78137, 134.51215, 1162.5397;
 -278.16986, 106.06366, 1138.4519;
 -277.68771, 157.43364, 1148.0142;
 -289.53687, 115.36715, 1124.41;
 -303.03366, 3.0507486, 1119.2017;
 -306.25873, -45.207317, 1108.4423;
 -312.75424, -152.00076, 1084.3346]3D [-264.77164, 134.51903, 1162.5107;
 -278.146, 106.06876, 1138.3739;
 -277.69702, 157.44676, 1148.0503;
 -289.53696, 115.36683, 1124.3929;
 -303.04843, 3.0620506, 1119.2341;
 -306.27338, -45.20359, 1108.467;
 -312.75867, -151.99348, 1084.3293]3D [-264.7709, 134.51897, 1162.5089;
 -278.16373, 106.07365, 1138.4197;
 -277.68851, 157.44449, 1148.0255;
 -289.5484, 115.37239, 1124.4336;
 -303.02332, 3.0605738, 1119.1539;
 -306.27924, -45.20586, 1108.4851;
 -312.76202, -151.99438, 1084.3318]3D [-264.77774, 134.51494, 1162.5084;
 -278.16846, 106.0751, 1138.4229;
 -277.69598, 157.44302, 1148.028;
 -289.55368, 115.37187, 1124.4388;
 -303.03229, 3.0602746, 1119.1884;
 -306.28833, -45.197758, 1108.5101;
 -312.75574, -151.99306, 1084.3226]3D [-264.7894, 134.52148, 1162.5526;
 -278.16437, 106.07672, 1138.4147;
 -277.68494, 157.44279, 1147.9932;
 -289.535, 115.37396, 1124.3959;
 -303.0318, 3.0597572, 1119.1683;
 -306.27252, -45.199146, 1108.4686;
 -312.75232, -151.98708, 1084.2936]3D [-264.77997, 134.5166, 1162.5333;
 -278.15302, 106.06551, 1138.4061;
 -277.6875, 157.43481, 1148.0143;
 -289.52023, 115.36189, 1124.3579;
 -303.0278, 3.0529079, 1119.166;
 -306.27866, -45.209633, 1108.4653;
 -312.745, -151.99078, 1084.2688]3D [-264.77176, 134.50768, 1162.4966;
 -278.16049, 106.06232, 1138.4015;
 -277.68604, 157.43904, 1148.004;
 -289.54065, 115.36747, 1124.4069;
 -303.03055, 3.0534723, 1119.1736;
 -306.25482, -45.209442, 1108.4282;
 -312.74448, -151.99789, 1084.3013]3D [-264.76401, 134.50475, 1162.4919;
 -278.16348, 106.061, 1138.432;
 -277.68701, 157.43039, 1148.0101;
 -289.55756, 115.35913, 1124.4618;
 -303.01767, 3.0447152, 1119.1617;
 -306.26328, -45.210041, 1108.4597;
 -312.73596, -151.99751, 1084.2908]3D [-264.75848, 134.50131, 1162.4807;
 -278.18167, 106.06503, 1138.4749;
 -277.67331, 157.427, 1147.9908;
 -289.53586, 115.36087, 1124.4088;
 -303.02737, 3.0456028, 1119.1696;
 -306.28094, -45.21664, 1108.4945;
 -312.76834, -152.01082, 1084.3506]3D [-264.77133, 134.50818, 1162.5062;
 -278.14734, 106.0577, 1138.359;
 -277.69421, 157.43399, 1148.037;
 -289.55197, 115.36258, 1124.4431;
 -303.0325, 3.0498829, 1119.184;
 -306.27347, -45.212776, 1108.4666;
 -312.74622, -152.00095, 1084.3015]3D [-264.76767, 134.50702, 1162.5042;
 -278.16187, 106.05865, 1138.413;
 -277.68558, 157.43039, 1147.9991;
 -289.55109, 115.36444, 1124.4338;
 -303.03293, 3.050904, 1119.1838;
 -306.27332, -45.209869, 1108.4719;
 -312.76077, -152.00536, 1084.3395]3D [-264.78806, 134.50438, 1162.5414;
 -278.17636, 106.06557, 1138.4398;
 -277.68225, 157.42563, 1147.9935;
 -289.57019, 115.36719, 1124.479;
 -303.04373, 3.046366, 1119.2067;
 -306.29504, -45.215557, 1108.5227;
 -312.76389, -152.00528, 1084.3329]3D [-264.77097, 134.50484, 1162.5035;
 -278.17679, 106.05702, 1138.4443;
 -277.69342, 157.42986, 1148.0231;
 -289.54276, 115.35641, 1124.4059;
 -303.02542, 3.0504744, 1119.1646;
 -306.27396, -45.213432, 1108.4648;
 -312.7626, -152.00714, 1084.3242]3D [-264.77313, 134.51479, 1162.5051;
 -278.14581, 106.06294, 1138.3789;
 -277.6929, 157.44397, 1148.0369;
 -289.53693, 115.36852, 1124.3878;
 -303.03046, 3.0524945, 1119.1804;
 -306.27502, -45.210506, 1108.4791;
 -312.73895, -151.99156, 1084.287]3D [-264.78824, 134.51642, 1162.5515;
 -278.17603, 106.0681, 1138.4545;
 -277.71219, 157.44691, 1148.084;
 -289.573, 115.36875, 1124.4827;
 -303.05725, 3.0536225, 1119.2296;
 -306.29559, -45.207397, 1108.5114;
 -312.77716, -152.00369, 1084.3523]3D [-264.78033, 134.5184, 1162.5463;
 -278.15576, 106.06849, 1138.4011;
 -277.68381, 157.43364, 1147.9932;
 -289.54657, 115.36548, 1124.4196;
 -303.01199, 3.0538733, 1119.1284;
 -306.25531, -45.209728, 1108.4384;
 -312.7464, -151.99606, 1084.2977]3D [-264.76572, 134.51701, 1162.491;
 -278.16318, 106.0732, 1138.4285;
 -277.68759, 157.44069, 1148.0203;
 -289.56796, 115.37729, 1124.4816;
 -303.04626, 3.0591321, 1119.2308;
 -306.28253, -45.2033, 1108.5111;
 -312.74158, -151.99152, 1084.3025]3D [-264.78125, 134.51549, 1162.5216;
 -278.16174, 106.06652, 1138.4114;
 -277.70685, 157.44536, 1148.0787;
 -289.54941, 115.37245, 1124.4407;
 -303.02087, 3.0544121, 1119.1511;
 -306.25232, -45.198441, 1108.4265;
 -312.74048, -151.99373, 1084.2911]3D [-264.78665, 134.51961, 1162.5641;
 -278.17117, 106.07114, 1138.4397;
 -277.69638, 157.43854, 1148.0328;
 -289.56378, 115.37189, 1124.479;
 -303.03537, 3.0531838, 1119.1936;
 -306.27649, -45.208321, 1108.4713;
 -312.75659, -152.00009, 1084.3286]3D [-264.76868, 134.50542, 1162.4924;
 -278.16611, 106.06152, 1138.4305;
 -277.70874, 157.43835, 1148.0691;
 -289.54611, 115.36437, 1124.4159;
 -303.02618, 3.0488245, 1119.1823;
 -306.2825, -45.21236, 1108.4995;
 -312.7644, -152.00679, 1084.3326]3D [-264.76108, 134.50632, 1162.4801;
 -278.18607, 106.0658, 1138.4795;
 -277.69543, 157.42989, 1148.0206;
 -289.56049, 115.36342, 1124.4513;
 -303.0354, 3.0493059, 1119.1877;
 -306.27429, -45.21402, 1108.4722;
 -312.7471, -152.00175, 1084.3058]3D [-264.77408, 134.5056, 1162.5017;
 -278.16327, 106.0658, 1138.428;
 -277.68845, 157.43185, 1148.0187;
 -289.54581, 115.3595, 1124.4236;
 -303.03271, 3.054028, 1119.1865;
 -306.26559, -45.212627, 1108.4604;
 -312.75687, -152.00569, 1084.3354]3D [-264.7836, 134.5105, 1162.5378;
 -278.16556, 106.06296, 1138.4221;
 -277.6908, 157.43489, 1148.0085;
 -289.56311, 115.36945, 1124.4664;
 -303.03415, 3.0521848, 1119.1729;
 -306.27203, -45.207565, 1108.4655;
 -312.74673, -151.99783, 1084.2937]3D [-264.78036, 134.52115, 1162.5143;
 -278.1662, 106.07338, 1138.4163;
 -277.68481, 157.43138, 1147.9854;
 -289.55743, 115.37487, 1124.439;
 -303.00998, 3.0601134, 1119.1331;
 -306.26755, -45.207592, 1108.4595;
 -312.74945, -151.9942, 1084.3212]3D [-264.78561, 134.51996, 1162.5441;
 -278.16821, 106.07022, 1138.439;
 -277.70923, 157.44218, 1148.0688;
 -289.53668, 115.3631, 1124.4028;
 -303.02063, 3.0530775, 1119.1477;
 -306.26382, -45.202316, 1108.4493;
 -312.73035, -151.98849, 1084.2694]3D [-264.7757, 134.51723, 1162.505;
 -278.15637, 106.06931, 1138.384;
 -277.7193, 157.45026, 1148.082;
 -289.5675, 115.37263, 1124.4766;
 -303.04272, 3.0611188, 1119.2024;
 -306.28149, -45.202492, 1108.4878;
 -312.74774, -151.98849, 1084.3065]3D [-264.77539, 134.51382, 1162.5078;
 -278.16022, 106.0659, 1138.4043;
 -277.65686, 157.4214, 1147.9127;
 -289.52213, 115.36607, 1124.351;
 -303.01758, 3.0591936, 1119.1278;
 -306.24994, -45.20575, 1108.4061;
 -312.74042, -151.98894, 1084.2745]3D [-264.76215, 134.51761, 1162.4755;
 -278.16119, 106.07408, 1138.4209;
 -277.67358, 157.43767, 1147.9766;
 -289.54596, 115.3726, 1124.4218;
 -303.02267, 3.0590825, 1119.1644;
 -306.25302, -45.198277, 1108.411;
 -312.75385, -151.98558, 1084.2991]3D [-264.76654, 134.51212, 1162.4868;
 -278.15863, 106.0704, 1138.4193;
 -277.66748, 157.42885, 1147.9608;
 -289.53525, 115.36443, 1124.3938;
 -303.03128, 3.0586526, 1119.1841;
 -306.27927, -45.204426, 1108.493;
 -312.73859, -151.98579, 1084.2756]3D [-264.77927, 134.51404, 1162.5162;
 -278.14825, 106.06612, 1138.3816;
 -277.68915, 157.43437, 1148.0065;
 -289.54819, 115.36892, 1124.4282;
 -303.03064, 3.0589674, 1119.1616;
 -306.25473, -45.203659, 1108.4198;
 -312.75461, -151.9931, 1084.3298]3D [-264.76508, 134.50375, 1162.4768;
 -278.14752, 106.05795, 1138.3627;
 -277.69992, 157.43472, 1148.0406;
 -289.54834, 115.3643, 1124.4219;
 -303.02054, 3.0457187, 1119.1372;
 -306.26843, -45.209591, 1108.4446;
 -312.75537, -152.0016, 1084.2991]3D [-264.76624, 134.50792, 1162.449;
 -278.16031, 106.06394, 1138.3846;
 -277.67511, 157.42416, 1147.9365;
 -289.5459, 115.36234, 1124.3842;
 -303.03778, 3.0562892, 1119.163;
 -306.27798, -45.205303, 1108.4712;
 -312.75391, -151.99664, 1084.2982]3D [-264.793, 134.50427, 1162.5114;
 -278.19351, 106.06303, 1138.4666;
 -277.70935, 157.4259, 1148.0269;
 -289.5636, 115.36307, 1124.4247;
 -303.06186, 3.0500476, 1119.212;
 -306.28128, -45.212814, 1108.4489;
 -312.77991, -152.00627, 1084.3308]3D [-264.82953, 134.5253, 1162.6208;
 -278.20474, 106.07092, 1138.4963;
 -277.72147, 157.43614, 1148.0575;
 -289.56485, 115.36322, 1124.4178;
 -303.05151, 3.0526364, 1119.192;
 -306.28403, -45.209316, 1108.4636;
 -312.78366, -152.00299, 1084.3511]3D [-264.79498, 134.51524, 1162.5398;
 -278.1658, 106.0618, 1138.3931;
 -277.69839, 157.43983, 1148.0167;
 -289.56604, 115.37411, 1124.4541;
 -303.02448, 3.0568082, 1119.1395;
 -306.27609, -45.203743, 1108.4509;
 -312.75464, -151.99141, 1084.3003]3D [-264.789, 134.50562, 1162.517;
 -278.18387, 106.06609, 1138.4523;
 -277.70544, 157.43454, 1148.0295;
 -289.54895, 115.36067, 1124.3995;
 -303.02933, 3.0516262, 1119.1587;
 -306.27515, -45.209465, 1108.4526;
 -312.76932, -152.00468, 1084.3392]3D [-264.785, 134.49841, 1162.5007;
 -278.17224, 106.05293, 1138.4099;
 -277.70462, 157.42131, 1148.0238;
 -289.56091, 115.35177, 1124.4401;
 -303.03235, 3.0435805, 1119.1591;
 -306.26724, -45.220829, 1108.4459;
 -312.74677, -152.00455, 1084.2932]3D [-264.78726, 134.50798, 1162.5219;
 -278.16046, 106.06058, 1138.3893;
 -277.67856, 157.42986, 1147.9584;
 -289.54788, 115.36458, 1124.413;
 -303.01642, 3.0536585, 1119.1387;
 -306.2605, -45.210953, 1108.4347;
 -312.7392, -151.99455, 1084.2887]3D [-264.76013, 134.50323, 1162.4381;
 -278.16577, 106.0602, 1138.3981;
 -277.68106, 157.4257, 1147.972;
 -289.54312, 115.36123, 1124.3984;
 -303.00842, 3.0549273, 1119.0978;
 -306.28574, -45.211914, 1108.4725;
 -312.7652, -152.00359, 1084.3208]3D [-264.79938, 134.52248, 1162.5753;
 -278.17322, 106.06884, 1138.4224;
 -277.68848, 157.4386, 1148.016;
 -289.55634, 115.37421, 1124.4451;
 -303.05783, 3.0606871, 1119.2244;
 -306.29462, -45.207176, 1108.5045;
 -312.77179, -151.99977, 1084.3483]3D [-264.80807, 134.50333, 1162.5498;
 -278.16296, 106.04776, 1138.3669;
 -277.70261, 157.41728, 1148.0018;
 -289.54492, 115.34769, 1124.3644;
 -303.0257, 3.0400281, 1119.1224;
 -306.26413, -45.218258, 1108.4064;
 -312.74405, -152.0029, 1084.262]3D [-264.78412, 134.50113, 1162.4922;
 -278.19397, 106.06165, 1138.4564;
 -277.70023, 157.43214, 1148.0165;
 -289.57086, 115.36472, 1124.4542;
 -303.02667, 3.0465016, 1119.1101;
 -306.29495, -45.21172, 1108.4678;
 -312.79541, -152.00713, 1084.3475]3D [-264.77557, 134.51616, 1162.5262;
 -278.1734, 106.06854, 1138.4503;
 -277.68625, 157.43292, 1147.9878;
 -289.54553, 115.36925, 1124.4127;
 -303.0174, 3.0575776, 1119.1261;
 -306.26807, -45.201931, 1108.451;
 -312.76483, -152.00087, 1084.3263]3D [-264.80157, 134.49576, 1162.4791;
 -278.20593, 106.06273, 1138.4711;
 -277.73566, 157.43477, 1148.0554;
 -289.59259, 115.36163, 1124.4626;
 -303.069, 3.043963, 1119.1936;
 -306.28848, -45.214302, 1108.4492;
 -312.78729, -152.00793, 1084.3477]3D [-264.79919, 134.50395, 1162.5441;
 -278.15976, 106.05511, 1138.3804;
 -277.71591, 157.42802, 1148.0516;
 -289.56802, 115.35593, 1124.4347;
 -303.03409, 3.0486369, 1119.1581;
 -306.29047, -45.218498, 1108.4833;
 -312.76688, -152.0024, 1084.322]3D [-264.78647, 134.51132, 1162.5157;
 -278.17029, 106.06247, 1138.3947;
 -277.69922, 157.43098, 1148.0103;
 -289.57697, 115.36911, 1124.4802;
 -303.04276, 3.0563788, 1119.1742;
 -306.28671, -45.210732, 1108.4779;
 -312.7619, -151.99698, 1084.2986]3D [-264.77084, 134.50316, 1162.4563;
 -278.15646, 106.05791, 1138.3649;
 -277.67606, 157.42017, 1147.9294;
 -289.54376, 115.35642, 1124.3666;
 -303.0289, 3.0544264, 1119.1302;
 -306.2731, -45.202969, 1108.423;
 -312.74826, -151.99048, 1084.2622]3D [-264.78317, 134.50668, 1162.4855;
 -278.16037, 106.05956, 1138.3612;
 -277.69879, 157.43005, 1147.9963;
 -289.54013, 115.3538, 1124.3597;
 -303.01068, 3.0565684, 1119.0764;
 -306.26291, -45.202496, 1108.4132;
 -312.76935, -151.99744, 1084.3246]3D [-264.80615, 134.50839, 1162.5421;
 -278.19815, 106.06459, 1138.4644;
 -277.72241, 157.43579, 1148.0437;
 -289.57504, 115.36041, 1124.4552;
 -303.04465, 3.0544822, 1119.16;
 -306.29651, -45.208652, 1108.4846;
 -312.77545, -152.00145, 1084.3219]3D [-264.77209, 134.49962, 1162.467;
 -278.15134, 106.0505, 1138.3466;
 -277.69861, 157.42476, 1147.9958;
 -289.54871, 115.35078, 1124.401;
 -303.02527, 3.0484905, 1119.1398;
 -306.27151, -45.210194, 1108.4457;
 -312.75339, -152.00005, 1084.2885]3D [-264.77036, 134.50034, 1162.4689;
 -278.17139, 106.063, 1138.423;
 -277.69156, 157.42786, 1148.0057;
 -289.55017, 115.3609, 1124.4236;
 -303.03159, 3.0516469, 1119.1584;
 -306.26126, -45.206486, 1108.4183;
 -312.76462, -152.00311, 1084.3096]3D [-264.79794, 134.49675, 1162.5342;
 -278.181, 106.0526, 1138.4264;
 -277.69241, 157.41222, 1147.983;
 -289.56476, 115.35398, 1124.4304;
 -303.03024, 3.0387101, 1119.1464;
 -306.28171, -45.222855, 1108.4644;
 -312.75977, -152.01083, 1084.3003]3D [-264.78748, 134.50069, 1162.4835;
 -278.18274, 106.06034, 1138.4231;
 -277.69476, 157.41887, 1147.9836;
 -289.56607, 115.36225, 1124.4321;
 -303.0433, 3.0504138, 1119.1582;
 -306.28223, -45.2132, 1108.464;
 -312.76755, -152.00551, 1084.3151]3D [-264.78433, 134.50397, 1162.4832;
 -278.15417, 106.04939, 1138.3618;
 -277.71521, 157.43158, 1148.063;
 -289.57169, 115.36784, 1124.4745;
 -303.03128, 3.045336, 1119.1393;
 -306.2785, -45.210899, 1108.4592;
 -312.78271, -152.01001, 1084.3523]3D [-264.81235, 134.51483, 1162.5963;
 -278.18655, 106.06271, 1138.4602;
 -277.70923, 157.43021, 1148.0521;
 -289.55255, 115.35801, 1124.4178;
 -303.03049, 3.0440056, 1119.1429;
 -306.28937, -45.214573, 1108.4911;
 -312.76431, -152.00365, 1084.2996]3D [-264.79916, 134.51865, 1162.5504;
 -278.2099, 106.07883, 1138.5295;
 -277.71536, 157.44563, 1148.0508;
 -289.57059, 115.37626, 1124.457;
 -303.04877, 3.0564489, 1119.1898;
 -306.27954, -45.204002, 1108.4508;
 -312.79715, -152.00055, 1084.3865]3D [-264.76782, 134.5154, 1162.5187;
 -278.16589, 106.06992, 1138.4364;
 -277.69147, 157.44254, 1148.0461;
 -289.54575, 115.36912, 1124.4513;
 -303.02225, 3.0584958, 1119.1722;
 -306.26822, -45.20303, 1108.4608;
 -312.7533, -151.99228, 1084.3153]3D [-264.76794, 134.50648, 1162.5021;
 -278.1756, 106.06252, 1138.4602;
 -277.6904, 157.42944, 1148.0425;
 -289.55072, 115.36781, 1124.4506;
 -303.0224, 3.0501857, 1119.1667;
 -306.26517, -45.210323, 1108.4506;
 -312.74332, -151.99649, 1084.2838]3D [-264.75461, 134.49818, 1162.4435;
 -278.15729, 106.05697, 1138.3986;
 -277.68796, 157.42389, 1148.0045;
 -289.53214, 115.36093, 1124.3774;
 -303.00949, 3.0516107, 1119.1215;
 -306.26401, -45.211617, 1108.4553;
 -312.75003, -151.99771, 1084.3088]3D [-264.78479, 134.50203, 1162.5286;
 -278.19458, 106.06027, 1138.4871;
 -277.71771, 157.43314, 1148.0682;
 -289.59048, 115.36885, 1124.5277;
 -303.04459, 3.0378757, 1119.1823;
 -306.28748, -45.221355, 1108.4941;
 -312.77475, -152.01286, 1084.3474]3D [-264.82318, 134.50365, 1162.5626;
 -278.1792, 106.04953, 1138.373;
 -277.71988, 157.42052, 1148.0146;
 -289.57007, 115.35704, 1124.3831;
 -303.06525, 3.042954, 1119.1691;
 -306.29343, -45.216049, 1108.4471;
 -312.79666, -152.00867, 1084.3302]3D [-264.8176, 134.49992, 1162.5201;
 -278.21204, 106.06287, 1138.45;
 -277.73462, 157.43462, 1148.04;
 -289.59293, 115.35861, 1124.4209;
 -303.09317, 3.0461063, 1119.1982;
 -306.30667, -45.21096, 1108.4456;
 -312.80856, -152.0042, 1084.3083]3D [-264.79898, 134.49445, 1162.4502;
 -278.18872, 106.05502, 1138.3542;
 -277.71732, 157.41371, 1147.953;
 -289.58493, 115.35689, 1124.3907;
 -303.06271, 3.0473685, 1119.1003;
 -306.29727, -45.205639, 1108.4219;
 -312.7934, -152.00665, 1084.2936]3D [-264.80255, 134.50137, 1162.4783;
 -278.19873, 106.0607, 1138.3995;
 -277.71924, 157.42503, 1147.9752;
 -289.56702, 115.36284, 1124.3708;
 -303.09247, 3.0516517, 1119.2122;
 -306.29669, -45.202602, 1108.4293;
 -312.80383, -152.00009, 1084.3224]3D [-264.7955, 134.4978, 1162.4729;
 -278.17786, 106.05683, 1138.3508;
 -277.71893, 157.43251, 1148.0162;
 -289.57953, 115.35648, 1124.4166;
 -303.0762, 3.0535629, 1119.1448;
 -306.32043, -45.200672, 1108.4451;
 -312.83328, -151.99583, 1084.2952]