objeto:TIBIA
[-180.3495178222656, -229.7972412109375, -127.2738876342773, -177.5313720703125;
 31.73725891113281, -0.09301141649484634, -7.082340240478516, -64.50247955322266;
 1176.010131835938, 1164.124877929688, 1153.298950195313, 1130.03564453125]objeto:POINTER
[-27.75229454040527, -6.502385139465332, -25.5572681427002, -0.4285578727722168;
 89.90609741210938, 43.6447639465332, 40.35174942016602, 82.68560791015625;
 1153.337036132813, 1165.427856445313, 1159.106079101563, 1163.61669921875]objeto:TIBIA
[-180.3495178222656, -229.7972412109375, -127.2738876342773, -177.5313720703125;
 31.73725891113281, -0.09301141649484634, -7.082340240478516, -64.50247955322266;
 1176.010131835938, 1164.124877929688, 1153.298950195313, 1130.03564453125]objeto:POINTER
[-27.75229454040527, -6.502385139465332, -25.5572681427002, -0.4285578727722168;
 89.90609741210938, 43.6447639465332, 40.35174942016602, 82.68560791015625;
 1153.337036132813, 1165.427856445313, 1159.106079101563, 1163.61669921875]objeto:TIBIA
[-180.3359832763672, -229.79345703125, -127.2660598754883, -177.5258178710938;
 31.73347091674805, -0.1019313633441925, -7.084817886352539, -64.50727081298828;
 1175.993530273438, 1164.14208984375, 1153.309936523438, 1130.060180664063]objeto:POINTER
[-27.4781379699707, -5.943053722381592, -24.97133445739746, -0.1392388045787811;
 89.95964050292969, 43.87849426269531, 40.4654426574707, 82.97097778320313;
 1153.312255859375, 1165.70166015625, 1159.389282226563, 1163.87158203125]objeto:TIBIA
[-180.3251190185547, -229.7699737548828, -127.2684783935547, -24.06869316101074, -177.5038146972656;
 31.73803329467773, -0.08682003617286682, -7.075218200683594, 41.1199951171875, -64.49202728271484;
 1175.952026367188, 1164.0859375, 1153.332885742188, 1161.166381835938, 1130.011352539063]objeto:POINTER
[-27.12016296386719, -5.163524150848389, 0.2076509743928909;
 90.5164794921875, 44.88682174682617, 83.99491119384766;
 1154.345581054688, 1167.6318359375, 1165.019775390625]objeto:TIBIA
[-180.3397216796875, -229.7852325439453, -127.2928237915039, -23.80961608886719, -177.5315246582031;
 31.73965835571289, -0.09579120576381683, -7.078717231750488, 41.23029708862305, -64.50032806396484;
 1176.001342773438, 1164.115966796875, 1153.413940429688, 1161.44580078125, 1130.0693359375]objeto:POINTER
[-27.00918197631836, -4.886071681976318, 0.3483140766620636;
 90.59593963623047, 45.0599250793457, 84.18105316162109;
 1154.387817382813, 1167.671142578125, 1165.081909179688]objeto:TIBIA
[-180.3169250488281, -229.7544403076172, -127.1601715087891, -177.3946533203125;
 31.82290267944336, -0.02737200818955898, -6.941545486450195, -64.3709716796875;
 1175.92578125, 1164.0615234375, 1153.01904296875, 1129.831909179688]objeto:POINTER
[-23.93338012695313, -17.93892669677734, -0.04521540924906731, 2.791301250457764;
 95.01222991943359, 46.7436408996582, 52.49196243286133, 91.52562713623047;
 1159.16015625, 1170.187255859375, 1178.23095703125, 1172.508666992188]objeto:TIBIA
[-180.3140869140625, -229.738037109375, -127.1474533081055, -177.3800811767578;
 31.82189750671387, -0.03112754784524441, -6.946029186248779, -64.375244140625;
 1175.933715820313, 1164.027954101563, 1152.984985351563, 1129.7802734375]objeto:POINTER
[-24.09397506713867, -18.30167007446289, -0.418422132730484, 2.607679843902588;
 95.12142181396484, 46.78947067260742, 52.47757720947266, 91.50807952880859;
 1159.141967773438, 1170.047973632813, 1178.0546875, 1172.497192382813]objeto:TIBIA
[-180.3224487304688, -229.7469329833984, -127.1506195068359, -177.3910980224609;
 31.82599067687988, -0.03097363002598286, -6.942380905151367, -64.37270355224609;
 1175.942993164063, 1164.054443359375, 1152.98779296875, 1129.8125]objeto:POINTER
[-24.07396125793457, -18.21676826477051, -0.3237062692642212, 2.65902853012085;
 95.20881652832031, 46.87033081054688, 52.5516471862793, 91.59244537353516;
 1159.1923828125, 1169.903198242188, 1177.899169921875, 1172.382934570313]objeto:TIBIA
[-180.3360290527344, -229.776123046875, -127.1653747558594, -177.4119262695313;
 31.82096862792969, -0.03214119747281075, -6.947407722473145, -64.38040161132813;
 1175.98583984375, 1164.152221679688, 1153.045166015625, 1129.863403320313]objeto:POINTER
[-24.13090324401855, -18.33145713806152, -0.4312227070331573, 2.599116563796997;
 95.20671844482422, 46.82206344604492, 52.46573257446289, 91.52374267578125;
 1159.057739257813, 1169.692260742188, 1177.644653320313, 1172.2939453125]objeto:TIBIA
[-180.3355560302734, -229.7563781738281, -127.1736907958984, -177.3914642333984;
 31.81954193115234, -0.03214291855692863, -6.951365947723389, -64.37827301025391;
 1175.998413085938, 1164.103759765625, 1153.076538085938, 1129.810180664063]objeto:POINTER
[-24.1541748046875, -18.42219734191895, -0.5045177340507507, 2.580645799636841;
 95.14869689941406, 46.73402786254883, 52.32160949707031, 91.3966064453125;
 1159.06787109375, 1169.586181640625, 1177.488525390625, 1172.2412109375]objeto:TIBIA
[-180.3311920166016, -229.7712707519531, -127.1675491333008, -177.3915405273438;
 31.82328796386719, -0.03281127288937569, -6.946075916290283, -64.37493133544922;
 1175.98193359375, 1164.142211914063, 1153.058349609375, 1129.83056640625]objeto:POINTER
[-24.06514549255371, -18.28093338012695, -0.3722268640995026, 2.645553827285767;
 95.16302490234375, 46.76293563842773, 52.37821960449219, 91.46244812011719;
 1159.087646484375, 1169.612426757813, 1177.59130859375, 1172.34375]objeto:TIBIA
[-180.3280792236328, -229.7552337646484, -127.1598281860352, -177.3904113769531;
 31.81747245788574, -0.03093095123767853, -6.954860687255859, -64.38373565673828;
 1175.968017578125, 1164.076416015625, 1153.026489257813, 1129.82958984375]objeto:POINTER
[-24.22545051574707, -18.66302108764648, -0.7066348791122437, 2.487113952636719;
 95.05138397216797, 46.59940719604492, 52.09508514404297, 91.18142700195313;
 1158.9599609375, 1169.39892578125, 1177.385375976563, 1172.168823242188]objeto:TIBIA
[-180.3390655517578, -229.7595367431641, -127.1605758666992, -177.4036865234375;
 31.82731819152832, -0.0267059188336134, -6.938029289245605, -64.36852264404297;
 1176.01318359375, 1164.090942382813, 1153.0361328125, 1129.855346679688]objeto:POINTER
[-24.36795616149902, -19.03763961791992, -1.020316481590271, 2.338470458984375;
 95.03949737548828, 46.51905822753906, 51.92168045043945, 90.99746704101563;
 1158.704345703125, 1168.9326171875, 1176.923950195313, 1171.862182617188]objeto:TIBIA
[-180.33203125, -229.7602233886719, -127.151985168457, -177.3905639648438;
 31.82942008972168, -0.02790126204490662, -6.930471420288086, -64.3685302734375;
 1175.9912109375, 1164.107421875, 1153.020874023438, 1129.848266601563]objeto:POINTER
[-24.31637382507324, -18.91506385803223, -0.9175271391868591, 2.398329973220825;
 95.12609100341797, 46.61870574951172, 52.04032135009766, 91.11985015869141;
 1158.790649414063, 1168.860717773438, 1176.965942382813, 1171.86474609375]objeto:TIBIA
[-180.3263397216797, -229.7373352050781, -127.1461868286133, -177.3795776367188;
 31.8302116394043, -0.02560059167444706, -6.928753852844238, -64.36759185791016;
 1175.969116210938, 1164.052978515625, 1152.999267578125, 1129.806396484375]objeto:POINTER
[-24.21179389953613, -18.66691017150879, -0.7244186401367188, 2.499570846557617;
 95.26187133789063, 46.80275726318359, 52.29906845092773, 91.37937927246094;
 1158.962646484375, 1169.27294921875, 1177.372924804688, 1172.157348632813]objeto:TIBIA
[-180.3355865478516, -229.7415771484375, -127.1509246826172, -177.3797149658203;
 31.82147598266602, -0.03581147268414497, -6.944909572601318, -64.37863159179688;
 1176.007568359375, 1164.048950195313, 1153.006713867188, 1129.804565429688]objeto:POINTER
[-24.08961486816406, -18.40951538085938, -0.4929400682449341, 2.632145881652832;
 95.32424926757813, 46.89761734008789, 52.4797477722168, 91.54450988769531;
 1158.899536132813, 1169.410522460938, 1177.400634765625, 1172.126586914063]objeto:TIBIA
[-180.3339996337891, -229.7549591064453, -127.1522598266602, -177.3767852783203;
 31.82410430908203, -0.03371775150299072, -6.941054821014404, -64.37437438964844;
 1176.015380859375, 1164.097900390625, 1153.03076171875, 1129.797485351563]objeto:POINTER
[-24.12439727783203, -18.45384216308594, -0.5395471453666687, 2.599965572357178;
 95.39198303222656, 46.95710754394531, 52.53500366210938, 91.60315704345703;
 1158.879150390625, 1169.385131835938, 1177.390625, 1172.156982421875]objeto:TIBIA
[-180.3285827636719, -229.7519073486328, -127.1605377197266, -177.3730163574219;
 31.83196640014648, -0.02894113399088383, -6.936223030090332, -64.36601257324219;
 1175.99560546875, 1164.077758789063, 1153.0517578125, 1129.7861328125]objeto:POINTER
[-24.09220695495605, -18.39307975769043, -0.4570587277412415, 2.647466659545898;
 95.42288970947266, 46.974365234375, 52.54794311523438, 91.63493347167969;
 1158.795532226563, 1169.207397460938, 1177.159301757813, 1171.9873046875]objeto:TIBIA
[-180.3457794189453, -229.7530822753906, -127.1671905517578, -177.4031066894531;
 31.82784843444824, -0.02996026910841465, -6.939859867095947, -64.37087249755859;
 1176.030883789063, 1164.083618164063, 1153.06640625, 1129.879638671875]objeto:POINTER
[-24.03249931335449, -18.28460311889648, -0.3713423013687134, 2.688732862472534;
 95.50614166259766, 47.08858108520508, 52.69681549072266, 91.76422119140625;
 1158.877685546875, 1169.421508789063, 1177.437255859375, 1172.1572265625]objeto:TIBIA
[-180.341796875, -229.7670440673828, -127.1642990112305, -177.382568359375;
 31.82543754577637, -0.03234844282269478, -6.945237636566162, -64.37460327148438;
 1176.029541015625, 1164.129028320313, 1153.072021484375, 1129.817749023438]objeto:POINTER
[-24.04436683654785, -18.33860969543457, -0.4312345087528229, 2.678398609161377;
 95.50008392333984, 47.0820198059082, 52.69426727294922, 91.75576019287109;
 1158.925903320313, 1169.537231445313, 1177.582641601563, 1172.18701171875]objeto:TIBIA
[-180.3307189941406, -229.7454986572266, -127.1545715332031, -177.3847961425781;
 31.82152557373047, -0.03201018646359444, -6.941104888916016, -64.37300109863281;
 1175.988037109375, 1164.076904296875, 1153.028686523438, 1129.81982421875]objeto:POINTER
[-24.16009330749512, -18.56297492980957, -0.6244955062866211, 2.554585933685303;
 95.40679168701172, 46.96167373657227, 52.50914001464844, 91.57604217529297;
 1158.916137695313, 1169.43505859375, 1177.393676757813, 1172.114624023438]objeto:TIBIA
[-180.3240509033203, -229.7494049072266, -127.1530914306641, -177.381103515625;
 31.83095169067383, -0.03107085824012756, -6.928945541381836, -64.36150360107422;
 1175.972412109375, 1164.098999023438, 1153.033569335938, 1129.829223632813]objeto:POINTER
[-24.15388870239258, -18.60751724243164, -0.6541933417320251, 2.576879501342773;
 95.35591125488281, 46.90375137329102, 52.39917755126953, 91.47510528564453;
 1158.979614257813, 1169.36669921875, 1177.351684570313, 1172.10009765625]objeto:TIBIA
[-180.3342742919922, -229.7497253417969, -127.1488876342773, -177.3800354003906;
 31.82695770263672, -0.03359384834766388, -6.932248115539551, -64.35939025878906;
 1175.973510742188, 1164.042114257813, 1152.974975585938, 1129.789306640625]objeto:POINTER
[-24.15837287902832, -18.60758972167969, -0.6646610498428345, 2.53911304473877;
 95.47578430175781, 47.03645706176758, 52.57913970947266, 91.64170837402344;
 1159.00244140625, 1169.576049804688, 1177.534057617188, 1172.321899414063]objeto:TIBIA
[-180.3310546875, -229.7559051513672, -127.1552200317383, -177.3787231445313;
 31.81914138793945, -0.0366605632007122, -6.942416191101074, -64.37859344482422;
 1175.985595703125, 1164.106689453125, 1153.037963867188, 1129.815551757813]objeto:POINTER
[-24.09588241577148, -18.51545715332031, -0.580233097076416, 2.619911193847656;
 95.43273162841797, 46.99627685546875, 52.55402755737305, 91.60579681396484;
 1158.972534179688, 1169.566040039063, 1177.547119140625, 1172.2431640625]objeto:TIBIA
[-180.3420104980469, -229.7545318603516, -127.1490020751953, -177.3860778808594;
 31.82459449768066, -0.03619589284062386, -6.944346904754639, -64.37629699707031;
 1176.016967773438, 1164.107299804688, 1153.02001953125, 1129.836059570313]objeto:POINTER
[-24.14982986450195, -18.63216590881348, -0.6814431548118591, 2.546349287033081;
 95.46689605712891, 47.01666641235352, 52.55366897583008, 91.62416839599609;
 1159.016967773438, 1169.593627929688, 1177.608520507813, 1172.354858398438]objeto:TIBIA
[-180.3121795654297, -229.7224426269531, -127.1443405151367, -177.3629760742188;
 31.83536720275879, -0.02762604132294655, -6.927180290222168, -64.36312866210938;
 1175.953979492188, 1164.038330078125, 1153.055419921875, 1129.809448242188]objeto:POINTER
[-24.12252426147461, -18.61726570129395, -0.664875328540802, 2.585126399993896;
 95.41295623779297, 46.9621696472168, 52.46081161499023, 91.52738952636719;
 1158.948852539063, 1169.451782226563, 1177.43212890625, 1172.174194335938]objeto:TIBIA
[-180.3087158203125, -229.7468109130859, -127.1446304321289, -177.3724670410156;
 31.82584381103516, -0.03590348735451698, -6.933911323547363, -64.37596893310547;
 1175.92529296875, 1164.086303710938, 1153.021728515625, 1129.846801757813]objeto:POINTER
[-24.21345138549805, -18.85577011108398, -0.8742382526397705, 2.464253664016724;
 95.314697265625, 46.86051940917969, 52.30805969238281, 91.37781524658203;
 1159.0654296875, 1169.526489257813, 1177.589721679688, 1172.399658203125]objeto:TIBIA
[-180.3229064941406, -229.7604522705078, -127.1451721191406, -177.3741912841797;
 31.82093811035156, -0.03752930462360382, -6.94836950302124, -64.37888336181641;
 1175.9658203125, 1164.123168945313, 1153.001220703125, 1129.806640625]objeto:POINTER
[-24.12060356140137, -18.66552734375, -0.7178096175193787, 2.57117486000061;
 95.37696075439453, 46.95436096191406, 52.46347808837891, 91.51681518554688;
 1159.111206054688, 1169.870971679688, 1177.7841796875, 1172.414184570313]objeto:TIBIA
[-180.3233795166016, -229.739013671875, -127.1523666381836, -177.3870086669922;
 31.82164001464844, -0.03462296351790428, -6.945164680480957, -64.37727355957031;
 1175.97998046875, 1164.074462890625, 1153.05712890625, 1129.865234375]objeto:POINTER
[-24.14725112915039, -18.72580528259277, -0.7682514190673828, 2.526772022247314;
 95.47397613525391, 47.03432083129883, 52.5467414855957, 91.60034942626953;
 1159.080810546875, 1169.768432617188, 1177.710205078125, 1172.43408203125]objeto:TIBIA
[-180.3196105957031, -229.7386169433594, -127.1385879516602, -177.3647308349609;
 31.8331413269043, -0.02756072022020817, -6.92364501953125, -64.36297607421875;
 1175.961669921875, 1164.069458007813, 1153.005859375, 1129.81005859375]objeto:POINTER
[-24.0053825378418, -18.38356781005859, -0.5003108382225037, 2.683574676513672;
 95.57038116455078, 47.16659927368164, 52.75915145874023, 91.80311584472656;
 1159.099731445313, 1169.787719726563, 1177.891723632813, 1172.436645507813]objeto:TIBIA
[-180.3246612548828, -229.7463989257813, -127.1378173828125, -177.3727722167969;
 31.83291435241699, -0.02945430390536785, -6.926385402679443, -64.36011505126953;
 1175.98779296875, 1164.078125, 1153.002075195313, 1129.822631835938]objeto:POINTER
[-24.00505256652832, -18.41236877441406, -0.5221396088600159, 2.676465749740601;
 95.53689575195313, 47.1427001953125, 52.72615051269531, 91.77133178710938;
 1159.147338867188, 1169.88671875, 1177.995239257813, 1172.503540039063]objeto:TIBIA
[-180.3236999511719, -229.7412872314453, -127.1463470458984, -177.3800964355469;
 31.82905006408691, -0.02870087698101997, -6.936491966247559, -64.36992645263672;
 1175.96240234375, 1164.04736328125, 1153.008911132813, 1129.823852539063]objeto:POINTER
[-23.92059898376465, -18.21561622619629, -0.3109082579612732, 2.773229360580444;
 95.66455841064453, 47.29093170166016, 52.9183349609375, 91.97536468505859;
 1159.161010742188, 1169.933837890625, 1177.994873046875, 1172.5029296875]objeto:TIBIA
[-180.3243103027344, -229.7361755371094, -127.1503601074219, -177.3824310302734;
 31.83385848999023, -0.03053842857480049, -6.931055068969727, -64.36629486083984;
 1175.971435546875, 1164.046752929688, 1153.026733398438, 1129.822021484375]objeto:POINTER
[-23.99880027770996, -18.36749839782715, -0.4747454226016998, 2.692627429962158;
 95.62222290039063, 47.23155975341797, 52.83689498901367, 91.87021636962891;
 1159.13037109375, 1169.848754882813, 1177.94091796875, 1172.446899414063]objeto:TIBIA
[-180.3104248046875, -229.7304534912109, -127.1424942016602, -177.3651123046875;
 31.82893180847168, -0.02477330528199673, -6.926331996917725, -64.35914611816406;
 1175.941284179688, 1164.039306640625, 1153.015014648438, 1129.774780273438]objeto:POINTER
[-24.07041931152344, -18.52437782287598, -0.5889520645141602, 2.630323648452759;
 95.56642150878906, 47.11089706420898, 52.65157318115234, 91.71268463134766;
 1158.915893554688, 1169.4599609375, 1177.49560546875, 1172.232666015625]objeto:TIBIA
[-180.3160552978516, -229.73779296875, -127.1392288208008, -177.3644256591797;
 31.83320617675781, -0.02778016589581966, -6.921102523803711, -64.35976409912109;
 1175.954223632813, 1164.069946289063, 1152.998413085938, 1129.796142578125]objeto:POINTER
[-24.08185768127441, -18.53975296020508, -0.6052929759025574, 2.620031595230103;
 95.61923217773438, 47.16621017456055, 52.69773101806641, 91.76380157470703;
 1158.926635742188, 1169.464965820313, 1177.507934570313, 1172.240112304688]objeto:TIBIA
[-180.3027954101563, -229.7318420410156, -127.1370162963867, -177.3534698486328;
 31.83192443847656, -0.02581172995269299, -6.928786754608154, -64.36167907714844;
 1175.929077148438, 1164.061889648438, 1152.999877929688, 1129.764404296875]objeto:POINTER
[-24.12154769897461, -18.6392879486084, -0.6908525824546814, 2.566982507705688;
 95.65450286865234, 47.17255401611328, 52.67977905273438, 91.75430297851563;
 1158.960327148438, 1169.504272460938, 1177.522338867188, 1172.3427734375]objeto:TIBIA
[-180.3247833251953, -229.7488555908203, -127.1392059326172, -177.3774719238281;
 31.83080673217773, -0.03001920692622662, -6.928150177001953, -64.36589050292969;
 1175.992309570313, 1164.108276367188, 1152.996337890625, 1129.844360351563]objeto:POINTER
[-24.27865982055664, -19.07113075256348, -1.060043931007385, 2.398499250411987;
 95.52719879150391, 46.98401641845703, 52.33877563476563, 91.41762542724609;
 1158.90625, 1169.097290039063, 1177.128540039063, 1172.184814453125]objeto:TIBIA
[-180.3183441162109, -229.7375793457031, -127.1361465454102, -177.3588562011719;
 31.84069061279297, -0.02163323760032654, -6.924336910247803, -64.35752105712891;
 1175.959838867188, 1164.059326171875, 1153.017700195313, 1129.787353515625]objeto:TIBIA
[-180.3157806396484, -229.7403411865234, -127.1312255859375, -177.3525085449219;
 31.83964920043945, -0.02007626928389072, -6.913582324981689, -64.35055541992188;
 1175.94677734375, 1164.066528320313, 1152.987548828125, 1129.760131835938]objeto:TIBIA
[-180.307861328125, -229.7392425537109, -127.1270523071289, -177.3612976074219;
 31.83376884460449, -0.02911574579775333, -6.918730735778809, -64.35194396972656;
 1175.935546875, 1164.065063476563, 1152.981689453125, 1129.808959960938]objeto:TIBIA
[-180.324951171875, -229.7385711669922, -127.1368942260742, -177.3636779785156;
 31.82947158813477, -0.02923139370977879, -6.926872730255127, -64.36185455322266;
 1175.978393554688, 1164.053100585938, 1152.996215820313, 1129.790649414063]objeto:TIBIA
[-180.3086547851563, -229.7318572998047, -127.1262741088867, -177.3558349609375;
 31.83292579650879, -0.02912307344377041, -6.924302577972412, -64.3553466796875;
 1175.943603515625, 1164.07861328125, 1152.996826171875, 1129.801391601563]objeto:TIBIA
[-180.3075408935547, -229.7291870117188, -127.1223297119141, -177.3400726318359;
 31.84168815612793, -0.02675967290997505, -6.915987014770508, -64.34828948974609;
 1175.959350585938, 1164.05908203125, 1152.979370117188, 1129.75146484375]objeto:TIBIA
[-180.3246307373047, -229.7404327392578, -127.1386947631836, -177.3407440185547;
 31.84402275085449, -0.01721649244427681, -6.909428596496582, -64.34414672851563;
 1175.975952148438, 1164.082885742188, 1153.016967773438, 1129.739624023438]objeto:TIBIA
[-180.3037109375, -229.7281036376953, -127.1331405639648, -177.3443450927734;
 31.83492279052734, -0.02661976590752602, -6.917120456695557, -64.34412384033203;
 1175.915283203125, 1164.044799804688, 1152.9765625, 1129.753784179688]objeto:TIBIA
[-180.3118133544922, -229.7380065917969, -127.1348114013672, -177.35400390625;
 31.84137916564941, -0.01968037709593773, -6.9174485206604, -64.35371398925781;
 1175.944702148438, 1164.062377929688, 1152.992309570313, 1129.777954101563]objeto:TIBIA
[-180.2982635498047, -229.7196044921875, -127.1248931884766, -177.3399505615234;
 31.83678817749023, -0.02251547202467918, -6.917180061340332, -64.35314178466797;
 1175.93359375, 1164.057006835938, 1153.011596679688, 1129.770751953125]objeto:TIBIA
[-180.3237915039063, -229.7415313720703, -127.130241394043, -177.3568878173828;
 31.85133743286133, -0.01802344620227814, -6.903101444244385, -64.33924865722656;
 1176.022705078125, 1164.107177734375, 1153.012939453125, 1129.828247070313]objeto:TIBIA
[-180.3146057128906, -229.7203369140625, -127.1365203857422, -177.3638000488281;
 31.83975219726563, -0.02394965477287769, -6.91782283782959, -64.35456085205078;
 1175.949340820313, 1164.024536132813, 1153.023681640625, 1129.816772460938]objeto:TIBIA
[-180.3239593505859, -229.7328491210938, -127.1417007446289, -177.3576812744141;
 31.84110641479492, -0.01835757121443748, -6.92111349105835, -64.35118103027344;
 1176.001220703125, 1164.048217773438, 1153.01611328125, 1129.781616210938]objeto:TIBIA
[-180.3147430419922, -229.7445983886719, -127.1342239379883, -177.3565063476563;
 31.84622955322266, -0.01969651877880096, -6.907444477081299, -64.34157562255859;
 1175.978149414063, 1164.102172851563, 1153.024169921875, 1129.806762695313]objeto:TIBIA
[-180.3049011230469, -229.71826171875, -127.1347045898438, -177.3513946533203;
 31.83752250671387, -0.02102892473340034, -6.906083583831787, -64.3416748046875;
 1175.946533203125, 1164.018432617188, 1152.999633789063, 1129.780151367188]objeto:TIBIA
[-180.3202514648438, -229.7198181152344, -127.1269607543945, -177.3547210693359;
 31.84399223327637, -0.01998294144868851, -6.905001163482666, -64.34901428222656;
 1175.988525390625, 1164.028076171875, 1153.010498046875, 1129.829956054688]objeto:TIBIA
[-180.3097839355469, -229.7424468994141, -127.1433334350586, -177.3642578125;
 31.83514213562012, -0.02899173088371754, -6.917511940002441, -64.35707855224609;
 1175.935791015625, 1164.1123046875, 1153.030395507813, 1129.831787109375]objeto:TIBIA
[-180.3000183105469, -229.7110137939453, -127.1371383666992, -177.3462219238281;
 31.8427734375, -0.02246460691094398, -6.907304763793945, -64.35343933105469;
 1175.929931640625, 1164.028076171875, 1153.046020507813, 1129.800415039063]objeto:POINTER
[-24.76275825500488, -2.400127649307251, -20.50798606872559, 1.879154920578003;
 95.44104766845703, 51.82157897949219, 46.82772827148438, 90.80136871337891;
 1158.620727539063, 1176.973266601563, 1169.034790039063, 1171.733032226563]objeto:TIBIA
[-180.3081970214844, -229.7254791259766, -127.1353073120117, -177.3496704101563;
 31.84770584106445, -0.01829401217401028, -6.900354385375977, -64.34297943115234;
 1175.944702148438, 1164.058837890625, 1153.022583007813, 1129.795776367188]objeto:POINTER
[-24.79501342773438, -2.491239786148071, -20.60537147521973, 1.831575512886047;
 95.39884948730469, 51.74979400634766, 46.78752136230469, 90.72331237792969;
 1158.596435546875, 1177.0166015625, 1168.970947265625, 1171.795532226563]