areas men[1;
 7]F0[481.5235900878906, 493.5465087890625, 444.0693054199219, 536.9346313476563;
 452.9173583984375, 549.5615844726563, 517.9888916015625, 511.7810363769531][481.5235900878906, 493.5465087890625, 444.0693054199219, 536.9346313476563, 663.7297973632813, 634.0554809570313, 658.3448486328125, 637.9613647460938;
 452.9173583984375, 549.5615844726563, 517.9888916015625, 511.7810363769531, 604.5127563476563, 611.9409790039063, 564.4248657226563, 560.9840087890625]areas men[1;
 7]F0[448.9979553222656, 453.4324951171875, 400.762939453125, 505.0702514648438;
 435.432373046875, 536.6695556640625, 504.0806274414063, 496.7003784179688][448.9979553222656, 453.4324951171875, 400.762939453125, 505.0702514648438, 637.96875, 609.3109741210938, 631.6513061523438, 611.7171630859375;
 435.432373046875, 536.6695556640625, 504.0806274414063, 496.7003784179688, 589.9172973632813, 598.2405395507813, 549.3716430664063, 546.1694946289063]areas men[1;
 7]F0[481.5375366210938, 493.5536499023438, 444.0791625976563, 536.9454956054688;
 452.9149475097656, 549.557861328125, 517.9752197265625, 511.7802734375][481.5375366210938, 493.5536499023438, 444.0791625976563, 536.9454956054688, 664.0692138671875, 634.3243408203125, 658.959228515625, 638.6087646484375;
 452.9149475097656, 549.557861328125, 517.9752197265625, 511.7802734375, 604.7976684570313, 611.9962768554688, 564.6542358398438, 561.108154296875]areas men[1;
 7]F0[449.0079345703125, 453.4436645507813, 400.7702941894531, 505.0796813964844;
 435.4275512695313, 536.666748046875, 504.0767211914063, 496.6961975097656][449.0079345703125, 453.4436645507813, 400.7702941894531, 505.0796813964844, 638.2697143554688, 609.5978393554688, 632.2337646484375, 612.3352661132813;
 435.4275512695313, 536.666748046875, 504.0767211914063, 496.6961975097656, 590.190185546875, 598.3072509765625, 549.6118774414063, 546.269775390625]areas men[1;
 7]F0[481.5415344238281, 493.5502014160156, 444.080078125, 536.9500122070313;
 452.9276428222656, 549.5606689453125, 517.99462890625, 511.78857421875][481.5415344238281, 493.5502014160156, 444.080078125, 536.9500122070313, 664.6400756835938, 634.9126586914063, 660.1261596679688, 639.8991088867188;
 452.9276428222656, 549.5606689453125, 517.99462890625, 511.78857421875, 605.7662963867188, 612.4999389648438, 565.63330078125, 561.7367553710938]areas men[1;
 7]F0[449.0231018066406, 453.4482421875, 400.7829895019531, 505.0798034667969;
 435.4407348632813, 536.6754150390625, 504.0874633789063, 496.7079772949219][449.0231018066406, 453.4482421875, 400.7829895019531, 505.0798034667969, 638.6304321289063, 609.9990234375, 633.0523071289063, 613.3160400390625;
 435.4407348632813, 536.6754150390625, 504.0874633789063, 496.7079772949219, 591.1715087890625, 598.8035278320313, 550.5720825195313, 546.8822021484375]areas men[1;
 7]F0[481.5352172851563, 493.5526733398438, 444.0771179199219, 536.950927734375;
 452.9266052246094, 549.5658569335938, 517.9840698242188, 511.7911376953125][481.5352172851563, 493.5526733398438, 444.0771179199219, 536.950927734375, 664.7918090820313, 635.032470703125, 660.4099731445313, 640.2186279296875;
 452.9266052246094, 549.5658569335938, 517.9840698242188, 511.7911376953125, 605.967041015625, 612.590576171875, 565.8206787109375, 561.8364868164063]areas men[1;
 7]F0[449.0033569335938, 453.4411010742188, 400.7734375, 505.063720703125;
 435.4312438964844, 536.6705932617188, 504.0800476074219, 496.6990051269531][449.0033569335938, 453.4411010742188, 400.7734375, 505.063720703125, 638.7765502929688, 610.1163940429688, 633.3401489257813, 613.592041015625;
 435.4312438964844, 536.6705932617188, 504.0800476074219, 496.6990051269531, 591.3475952148438, 598.873291015625, 550.7415161132813, 546.9945678710938]areas men[1;
 7]F0[481.5827026367188, 493.5485534667969, 444.0850219726563, 536.958740234375;
 453.0403137207031, 549.6509399414063, 518.0469970703125, 511.9385986328125][481.5827026367188, 493.5485534667969, 444.0850219726563, 536.958740234375, 668.6508178710938, 639.14208984375, 647.9156494140625, 667.2890625;
 453.0403137207031, 549.6509399414063, 518.0469970703125, 511.9385986328125, 612.9436645507813, 616.8291015625, 567.2509765625, 573.0411376953125]areas men[1;
 7]F0[449.1086730957031, 453.45263671875, 400.7939758300781, 505.1566772460938;
 435.5581970214844, 536.7562255859375, 504.155029296875, 496.8280334472656][449.1086730957031, 453.45263671875, 400.7939758300781, 505.1566772460938, 641.2972412109375, 613.4448852539063, 619.8504028320313, 638.3603515625;
 435.5581970214844, 536.7562255859375, 504.155029296875, 496.8280334472656, 598.3697509765625, 603.0673217773438, 552.3473510742188, 557.9306030273438]areas men[1;
 7]F0[481.5787048339844, 493.5538635253906, 444.087890625, 536.9608154296875;
 453.0283813476563, 549.6437377929688, 518.0404663085938, 511.9342041015625][481.5787048339844, 493.5538635253906, 444.087890625, 536.9608154296875, 668.4654541015625, 638.9769897460938, 647.5254516601563, 666.8839111328125;
 453.0283813476563, 549.6437377929688, 518.0404663085938, 511.9342041015625, 612.9220581054688, 616.9288940429688, 567.287109375, 573.0187377929688]areas men[1;
 7]F0[449.1155700683594, 453.4567260742188, 400.8039855957031, 505.1660461425781;
 435.5553894042969, 536.7613525390625, 504.1542053222656, 496.8228149414063][449.1155700683594, 453.4567260742188, 400.8039855957031, 505.1660461425781, 641.1077880859375, 613.2770385742188, 619.4730224609375, 637.9768676757813;
 435.5553894042969, 536.7613525390625, 504.1542053222656, 496.8228149414063, 598.3527221679688, 603.1912841796875, 552.409912109375, 557.9326782226563]areas men[1;
 7]F0[481.579345703125, 493.5491027832031, 444.08935546875, 536.9585571289063;
 453.0353393554688, 549.6483764648438, 518.0391235351563, 511.9379577636719][481.579345703125, 493.5491027832031, 444.08935546875, 536.9585571289063, 668.4935913085938, 639.0076293945313, 647.5780639648438, 666.946533203125;
 453.0353393554688, 549.6483764648438, 518.0391235351563, 511.9379577636719, 613.0121459960938, 617.0086669921875, 567.3793334960938, 573.1090698242188]areas men[1;
 7]F0[449.1092224121094, 453.4496765136719, 400.8002014160156, 505.1630554199219;
 435.5574035644531, 536.7642822265625, 504.1559448242188, 496.8265686035156][449.1092224121094, 453.4496765136719, 400.8002014160156, 505.1630554199219, 641.1610717773438, 613.299072265625, 619.5585327148438, 638.0741577148438;
 435.5574035644531, 536.7642822265625, 504.1559448242188, 496.8265686035156, 598.4539794921875, 603.283935546875, 552.4959106445313, 558.00830078125]areas men[1;
 7]F0[481.5771179199219, 493.5505676269531, 444.0982055664063, 536.961669921875;
 453.0265502929688, 549.638671875, 518.0425415039063, 511.9324035644531][481.5771179199219, 493.5505676269531, 444.0982055664063, 536.961669921875, 668.416748046875, 638.9207153320313, 647.4194946289063, 666.7903442382813;
 453.0265502929688, 549.638671875, 518.0425415039063, 511.9324035644531, 612.951904296875, 617.0194091796875, 567.3339233398438, 573.0231323242188]areas men[1;
 7]F0[449.0956726074219, 453.4425048828125, 400.7901000976563, 505.1542663574219;
 435.5564270019531, 536.7617797851563, 504.1499633789063, 496.8225402832031][449.0956726074219, 453.4425048828125, 400.7901000976563, 505.1542663574219, 641.0994262695313, 613.2367553710938, 619.4364624023438, 637.9635620117188;
 435.5564270019531, 536.7617797851563, 504.1499633789063, 496.8225402832031, 598.3861083984375, 603.289306640625, 552.4572143554688, 557.9398193359375]areas men[1;
 7]F0[481.5782470703125, 493.5551147460938, 444.0986633300781, 536.963134765625;
 453.0303344726563, 549.6370849609375, 518.0396118164063, 511.9288330078125][481.5782470703125, 493.5551147460938, 444.0986633300781, 536.963134765625, 668.388916015625, 638.9002685546875, 647.307373046875, 666.687744140625;
 453.0303344726563, 549.6370849609375, 518.0396118164063, 511.9288330078125, 612.8308715820313, 616.9566650390625, 567.2471313476563, 572.8907470703125]areas men[1;
 7]F0[449.1084594726563, 453.4449462890625, 400.8005065917969, 505.1492004394531;
 435.5505065917969, 536.7598876953125, 504.153076171875, 496.818359375][449.1084594726563, 453.4449462890625, 400.8005065917969, 505.1492004394531, 641.0804443359375, 613.212646484375, 619.3408203125, 637.8881225585938;
 435.5505065917969, 536.7598876953125, 504.153076171875, 496.818359375, 598.2550659179688, 603.2302856445313, 552.37060546875, 557.7909545898438]areas men[1;
 7]F0[481.5852355957031, 493.5537414550781, 444.0990295410156, 536.9635009765625;
 453.0326538085938, 549.6429443359375, 518.0376586914063, 511.9347534179688][481.5852355957031, 493.5537414550781, 444.0990295410156, 536.9635009765625, 668.473388671875, 638.9934692382813, 647.453125, 666.8391723632813;
 453.0326538085938, 549.6429443359375, 518.0376586914063, 511.9347534179688, 612.8890380859375, 616.9716186523438, 567.2750244140625, 572.937255859375]areas men[1;
 7]F0[449.1117858886719, 453.4468383789063, 400.7930297851563, 505.1535034179688;
 435.5576171875, 536.7623291015625, 504.1537475585938, 496.8230590820313][449.1117858886719, 453.4468383789063, 400.7930297851563, 505.1535034179688, 641.147216796875, 613.3059692382813, 619.4874267578125, 638.024169921875;
 435.5576171875, 536.7623291015625, 504.1537475585938, 496.8230590820313, 598.3171997070313, 603.2440185546875, 552.4022827148438, 557.8532104492188]areas men[1;
 7]F0[481.5860900878906, 493.5520935058594, 444.0897216796875, 536.96142578125;
 453.0260009765625, 549.6404418945313, 518.0416870117188, 511.9271545410156][481.5860900878906, 493.5520935058594, 444.0897216796875, 536.96142578125, 668.283203125, 638.8057861328125, 647.0292358398438, 666.468505859375;
 453.0260009765625, 549.6404418945313, 518.0416870117188, 511.9271545410156, 612.6136474609375, 616.867431640625, 567.1087036132813, 572.6599731445313]areas men[1;
 7]F0[449.1128234863281, 453.4478454589844, 400.796142578125, 505.1578979492188;
 435.5457153320313, 536.7537841796875, 504.1533203125, 496.8121643066406][449.1128234863281, 453.4478454589844, 400.796142578125, 505.1578979492188, 640.9840087890625, 613.1358642578125, 619.0885009765625, 637.6802368164063;
 435.5457153320313, 536.7537841796875, 504.1533203125, 496.8121643066406, 598.0415649414063, 603.1347045898438, 552.244140625, 557.5658569335938]areas men[1;
 7]F0[481.5821228027344, 493.5565490722656, 444.091064453125, 536.9635009765625;
 453.0415344238281, 549.64990234375, 518.0477905273438, 511.9402465820313][481.5821228027344, 493.5565490722656, 444.091064453125, 536.9635009765625, 668.0762329101563, 638.6067504882813, 646.5576782226563, 666.0670166015625;
 453.0415344238281, 549.64990234375, 518.0477905273438, 511.9402465820313, 612.4319458007813, 616.8667602539063, 567.037353515625, 572.4915161132813]areas men[1;
 7]F0[449.1029968261719, 453.4437255859375, 400.7947082519531, 505.1582336425781;
 435.5649719238281, 536.7615966796875, 504.1556091308594, 496.8339233398438][449.1029968261719, 453.4437255859375, 400.7947082519531, 505.1582336425781, 640.8311767578125, 612.9815673828125, 618.6929321289063, 637.3572998046875;
 435.5649719238281, 536.7615966796875, 504.1556091308594, 496.8339233398438, 597.8911743164063, 603.14892578125, 552.1810913085938, 557.4157104492188]areas men[1;
 7]F0[481.59228515625, 493.555908203125, 444.0964050292969, 536.9671020507813;
 453.0430297851563, 549.650634765625, 518.0458374023438, 511.9496459960938][481.59228515625, 493.555908203125, 444.0964050292969, 536.9671020507813, 668.1353149414063, 638.6768188476563, 646.6632080078125, 666.1763916015625;
 453.0430297851563, 549.650634765625, 518.0458374023438, 511.9496459960938, 612.562744140625, 616.9485473632813, 567.1427001953125, 572.6165161132813]areas men[1;
 7]F0[449.11572265625, 453.4474487304688, 400.7973022460938, 505.1654357910156;
 435.5624389648438, 536.766357421875, 504.1552429199219, 496.8398132324219][449.11572265625, 453.4474487304688, 400.7973022460938, 505.1654357910156, 640.8930053710938, 613.037353515625, 618.8186645507813, 637.4630737304688;
 435.5624389648438, 536.766357421875, 504.1552429199219, 496.8398132324219, 598.011474609375, 603.2328491210938, 552.2875366210938, 557.530517578125]areas men[1;
 7]F0[481.5881958007813, 493.5539855957031, 444.0975952148438, 536.9661865234375;
 453.0353393554688, 549.6522827148438, 518.0457153320313, 511.9535522460938][481.5881958007813, 493.5539855957031, 444.0975952148438, 536.9661865234375, 668.2916259765625, 638.8185424804688, 646.9964599609375, 666.4467163085938;
 453.0353393554688, 549.6522827148438, 518.0457153320313, 511.9535522460938, 612.81640625, 617.0720825195313, 567.3336791992188, 572.8624877929688]areas men[1;
 7]F0[449.1204528808594, 453.4497985839844, 400.8097534179688, 505.1690063476563;
 435.5674743652344, 536.7674560546875, 504.16015625, 496.8390808105469][449.1204528808594, 453.4497985839844, 400.8097534179688, 505.1690063476563, 640.9969482421875, 613.1503295898438, 619.0824584960938, 637.6619873046875;
 435.5674743652344, 536.7674560546875, 504.16015625, 496.8390808105469, 598.2453002929688, 603.3638305664063, 552.4450073242188, 557.7796020507813]areas men[1;
 7]F0[481.5875854492188, 493.5579833984375, 444.0923156738281, 536.9639892578125;
 453.0263366699219, 549.64404296875, 518.0355224609375, 511.9335327148438][481.5875854492188, 493.5579833984375, 444.0923156738281, 536.9639892578125, 668.41650390625, 638.9262084960938, 647.2808837890625, 666.6807250976563;
 453.0263366699219, 549.64404296875, 518.0355224609375, 511.9335327148438, 612.98779296875, 617.1365356445313, 567.4270629882813, 573.0445556640625]areas men[1;
 7]F0[449.1200256347656, 453.4463806152344, 400.8045959472656, 505.1649169921875;
 435.5531921386719, 536.756103515625, 504.1497802734375, 496.8261413574219][449.1200256347656, 453.4463806152344, 400.8045959472656, 505.1649169921875, 641.1339111328125, 613.2764892578125, 619.3511352539063, 637.9000244140625;
 435.5531921386719, 536.756103515625, 504.1497802734375, 496.8261413574219, 598.4193725585938, 603.441650390625, 552.5394287109375, 557.9672241210938]areas men[1;
 7]F0[481.587890625, 493.5619812011719, 444.0978393554688, 536.9699096679688;
 453.0322265625, 549.6467895507813, 518.0391845703125, 511.9416198730469][481.587890625, 493.5619812011719, 444.0978393554688, 536.9699096679688, 668.3900756835938, 638.8864135742188, 647.23095703125, 666.6318969726563;
 453.0322265625, 549.6467895507813, 518.0391845703125, 511.9416198730469, 613.0352172851563, 617.2048950195313, 567.4860229492188, 573.103271484375]areas men[1;
 7]F0[449.1219177246094, 453.44921875, 400.80078125, 505.1662902832031;
 435.5552062988281, 536.7582397460938, 504.1502685546875, 496.8261413574219][449.1219177246094, 453.44921875, 400.80078125, 505.1662902832031, 641.1006469726563, 613.2398071289063, 619.3048706054688, 637.8521118164063;
 435.5552062988281, 536.7582397460938, 504.1502685546875, 496.8261413574219, 598.4863891601563, 603.5152587890625, 552.603515625, 558.0210571289063]areas men[1;
 7]F0[481.5874633789063, 493.5604858398438, 444.09326171875, 536.9682006835938;
 453.0382995605469, 549.6554565429688, 518.043701171875, 511.9473876953125][481.5874633789063, 493.5604858398438, 444.09326171875, 536.9682006835938, 668.4037475585938, 638.8998413085938, 647.2531127929688, 666.66796875;
 453.0382995605469, 549.6554565429688, 518.043701171875, 511.9473876953125, 613.08154296875, 617.23876953125, 567.5104370117188, 573.131103515625]areas men[1;
 7]F0[449.1240234375, 453.45166015625, 400.7998352050781, 505.1600646972656;
 435.5652770996094, 536.766357421875, 504.1553344726563, 496.8305053710938][449.1240234375, 453.45166015625, 400.7998352050781, 505.1600646972656, 641.1500854492188, 613.2716064453125, 619.3648681640625, 637.9368286132813;
 435.5652770996094, 536.766357421875, 504.1553344726563, 496.8305053710938, 598.532470703125, 603.5597534179688, 552.6295166015625, 558.041259765625]areas men[1;
 7]F0[481.5912170410156, 493.5561218261719, 444.0942993164063, 536.9662475585938;
 453.042724609375, 549.6478881835938, 518.0438232421875, 511.9427185058594][481.5912170410156, 493.5561218261719, 444.0942993164063, 536.9662475585938, 668.4775390625, 638.9769897460938, 647.4058837890625, 666.8067626953125;
 453.042724609375, 549.6478881835938, 518.0438232421875, 511.9427185058594, 613.1917724609375, 617.321533203125, 567.6146240234375, 573.2749633789063]areas men[1;
 7]F0[449.107666015625, 453.4396362304688, 400.7998046875, 505.1548156738281;
 435.5615844726563, 536.7637939453125, 504.1531066894531, 496.8279113769531][449.107666015625, 453.4396362304688, 400.7998046875, 505.1548156738281, 641.1923217773438, 613.3357543945313, 619.4806518554688, 638.0250854492188;
 435.5615844726563, 536.7637939453125, 504.1531066894531, 496.8279113769531, 598.6611938476563, 603.6365966796875, 552.7442016601563, 558.1776733398438]areas men[1;
 7]F0[481.5893859863281, 493.5593872070313, 444.0980834960938, 536.9707641601563;
 453.0341796875, 549.6455688476563, 518.0421142578125, 511.9367980957031][481.5893859863281, 493.5593872070313, 444.0980834960938, 536.9707641601563, 668.4730834960938, 638.9760131835938, 647.3770141601563, 666.7759399414063;
 453.0341796875, 549.6455688476563, 518.0421142578125, 511.9367980957031, 613.1845092773438, 617.30712890625, 567.6052856445313, 573.26953125]areas men[1;
 7]F0[449.119140625, 453.4434814453125, 400.7947082519531, 505.1584777832031;
 435.5551147460938, 536.7614135742188, 504.1499938964844, 496.8229064941406][449.119140625, 453.4434814453125, 400.7947082519531, 505.1584777832031, 641.1815795898438, 613.3244018554688, 619.4266357421875, 637.9635620117188;
 435.5551147460938, 536.7614135742188, 504.1499938964844, 496.8229064941406, 598.646240234375, 603.63037109375, 552.72998046875, 558.1640014648438]areas men[1;
 7]F0[481.5879516601563, 493.5561828613281, 444.098876953125, 536.967041015625;
 453.0332641601563, 549.6414794921875, 518.0365600585938, 511.9401245117188][481.5879516601563, 493.5561828613281, 444.098876953125, 536.967041015625, 668.3366088867188, 638.8589477539063, 647.1331787109375, 666.5482788085938;
 453.0332641601563, 549.6414794921875, 518.0365600585938, 511.9401245117188, 613.0115966796875, 617.2129516601563, 567.487548828125, 573.0787353515625]areas men[1;
 7]F0[449.1171569824219, 453.4482727050781, 400.8062133789063, 505.1636352539063;
 435.5597534179688, 536.7599487304688, 504.1565856933594, 496.8275451660156][449.1171569824219, 453.4482727050781, 400.8062133789063, 505.1636352539063, 641.0538940429688, 613.203369140625, 619.1927490234375, 637.7647705078125;
 435.5597534179688, 536.7599487304688, 504.1565856933594, 496.8275451660156, 598.4600219726563, 603.53076171875, 552.6055297851563, 557.9910888671875]areas men[1;
 7]F0[481.5946350097656, 493.5572204589844, 444.1033935546875, 536.9698486328125;
 453.0457153320313, 549.6505737304688, 518.0347290039063, 511.9514770507813][481.5946350097656, 493.5572204589844, 444.1033935546875, 536.9698486328125, 668.356689453125, 638.879638671875, 647.07470703125, 666.5113525390625;
 453.0457153320313, 549.6505737304688, 518.0347290039063, 511.9514770507813, 612.9190673828125, 617.158447265625, 567.4342651367188, 572.9705200195313]areas men[1;
 7]F0[449.1225891113281, 453.45263671875, 400.8067016601563, 505.1657409667969;
 435.572265625, 536.7706298828125, 504.1604919433594, 496.8412780761719][449.1225891113281, 453.45263671875, 400.8067016601563, 505.1657409667969, 641.076904296875, 613.211181640625, 619.1455078125, 637.7341918945313;
 435.572265625, 536.7706298828125, 504.1604919433594, 496.8412780761719, 598.3489990234375, 603.4701538085938, 552.5447998046875, 557.8784790039063]areas men[1;
 7]F0[481.5817565917969, 493.5481262207031, 444.0823364257813, 536.956298828125;
 453.0425109863281, 549.6459350585938, 518.037353515625, 511.9444885253906][481.5817565917969, 493.5481262207031, 444.0823364257813, 536.956298828125, 668.361572265625, 638.8792724609375, 647.1185302734375, 666.5355834960938;
 453.0425109863281, 549.6459350585938, 518.037353515625, 511.9444885253906, 613.0585327148438, 617.27783203125, 567.5517578125, 573.1400756835938]areas men[1;
 7]F0[449.1171264648438, 453.4423828125, 400.7948608398438, 505.1633911132813;
 435.5754089355469, 536.76708984375, 504.15234375, 496.8408203125][449.1171264648438, 453.4423828125, 400.7948608398438, 505.1633911132813, 641.0374755859375, 613.2070922851563, 619.14892578125, 637.7235717773438;
 435.5754089355469, 536.76708984375, 504.15234375, 496.8408203125, 598.5147705078125, 603.5938720703125, 552.6826171875, 558.059326171875]areas men[1;
 7]F0[481.5923461914063, 493.5550842285156, 444.1001892089844, 536.96923828125;
 453.0267944335938, 549.6387939453125, 518.0344848632813, 511.9364318847656][481.5923461914063, 493.5550842285156, 444.1001892089844, 536.96923828125, 668.4268798828125, 638.9354858398438, 647.2081298828125, 666.6222534179688;
 453.0267944335938, 549.6387939453125, 518.0344848632813, 511.9364318847656, 613.034912109375, 617.2342529296875, 567.5201416015625, 573.1155395507813]areas men[1;
 7]F0[449.1228942871094, 453.4475402832031, 400.8015747070313, 505.1640319824219;
 435.5540771484375, 536.7579956054688, 504.149169921875, 496.8287658691406][449.1228942871094, 453.4475402832031, 400.8015747070313, 505.1640319824219, 641.1210327148438, 613.2716064453125, 619.2440795898438, 637.8103637695313;
 435.5540771484375, 536.7579956054688, 504.149169921875, 496.8287658691406, 598.4791870117188, 603.555419921875, 552.6342163085938, 558.0330810546875]areas men[1;
 7]F0[481.5924072265625, 493.5550842285156, 444.1017150878906, 536.9698486328125;
 453.0333557128906, 549.6444091796875, 518.034423828125, 511.9360656738281][481.5924072265625, 493.5550842285156, 444.1017150878906, 536.9698486328125, 668.3753051757813, 638.8911743164063, 647.0980224609375, 666.5338745117188;
 453.0333557128906, 549.6444091796875, 518.034423828125, 511.9360656738281, 613.043701171875, 617.2647094726563, 567.53271484375, 573.109130859375]areas men[1;
 7]F0[449.1184692382813, 453.4412841796875, 400.8031311035156, 505.16845703125;
 435.5545654296875, 536.7615356445313, 504.1502075195313, 496.8248901367188][449.1184692382813, 453.4412841796875, 400.8031311035156, 505.16845703125, 641.0448608398438, 613.21630859375, 619.123779296875, 637.7063598632813;
 435.5545654296875, 536.7615356445313, 504.1502075195313, 496.8248901367188, 598.48876953125, 603.5866088867188, 552.6593017578125, 558.0316162109375]areas men[1;
 7]F0[481.6051940917969, 493.5621032714844, 444.1059265136719, 536.98486328125;
 453.0438537597656, 549.660400390625, 518.0448608398438, 511.9547424316406][481.6051940917969, 493.5621032714844, 444.1059265136719, 536.98486328125, 668.3792114257813, 638.9036254882813, 647.0828247070313, 666.51611328125;
 453.0438537597656, 549.660400390625, 518.0448608398438, 511.9547424316406, 612.9609375, 617.22021484375, 567.486083984375, 573.0302124023438]areas men[1;
 7]F0[449.1385192871094, 453.4618835449219, 400.8220520019531, 505.1773986816406;
 435.5682678222656, 536.7705078125, 504.1569519042969, 496.8419494628906][449.1385192871094, 453.4618835449219, 400.8220520019531, 505.1773986816406, 641.0852661132813, 613.2432861328125, 619.1368408203125, 637.7232666015625;
 435.5682678222656, 536.7705078125, 504.1569519042969, 496.8419494628906, 598.4027709960938, 603.5317993164063, 552.6057739257813, 557.9370727539063]areas men[1;
 7]F0[481.6091613769531, 493.5561218261719, 444.1011047363281, 536.9744873046875;
 453.0284118652344, 549.6448364257813, 518.0381469726563, 511.9473571777344][481.6091613769531, 493.5561218261719, 444.1011047363281, 536.9744873046875, 668.3041381835938, 638.8392944335938, 646.8627319335938, 666.3406372070313;
 453.0284118652344, 549.6448364257813, 518.0381469726563, 511.9473571777344, 612.7980346679688, 617.1190795898438, 567.379150390625, 572.8633422851563]areas men[1;
 7]F0[449.1347351074219, 453.4608764648438, 400.8067932128906, 505.1732177734375;
 435.5616149902344, 536.768798828125, 504.1468811035156, 496.8350524902344][449.1347351074219, 453.4608764648438, 400.8067932128906, 505.1732177734375, 640.9599609375, 613.15087890625, 618.8912353515625, 637.5081176757813;
 435.5616149902344, 536.768798828125, 504.1468811035156, 496.8350524902344, 598.2221069335938, 603.4087524414063, 552.49462890625, 557.7754516601563]areas men[1;
 7]F0[481.5936279296875, 493.5562133789063, 444.10205078125, 536.9678955078125;
 453.0299377441406, 549.6397705078125, 518.0331420898438, 511.9330444335938][481.5936279296875, 493.5562133789063, 444.10205078125, 536.9678955078125, 668.4126586914063, 638.94189453125, 647.124755859375, 666.533203125;
 453.0299377441406, 549.6397705078125, 518.0331420898438, 511.9330444335938, 612.9339599609375, 617.173583984375, 567.4622802734375, 573.0130004882813]areas men[1;
 7]F0[449.1261901855469, 453.4527587890625, 400.8002624511719, 505.1702880859375;
 435.549072265625, 536.7617797851563, 504.1488037109375, 496.8193664550781][449.1261901855469, 453.4527587890625, 400.8002624511719, 505.1702880859375, 641.0703125, 613.248779296875, 619.0938110351563, 637.6690673828125;
 435.549072265625, 536.7617797851563, 504.1488037109375, 496.8193664550781, 598.37060546875, 603.4776611328125, 552.5797119140625, 557.9280395507813]areas men[1;
 7]F0[481.6017150878906, 493.5603942871094, 444.1039428710938, 536.977783203125;
 453.0347900390625, 549.6406860351563, 518.0374145507813, 511.9388427734375][481.6017150878906, 493.5603942871094, 444.1039428710938, 536.977783203125, 668.3717041015625, 638.90771484375, 647.042236328125, 666.4676513671875;
 453.0347900390625, 549.6406860351563, 518.0374145507813, 511.9388427734375, 613.0084228515625, 617.274169921875, 567.5478515625, 573.1065673828125]areas men[1;
 7]F0[449.1223449707031, 453.4544982910156, 400.8123779296875, 505.1692199707031;
 435.554443359375, 536.7615356445313, 504.1503295898438, 496.82080078125][449.1223449707031, 453.4544982910156, 400.8123779296875, 505.1692199707031, 641.0244750976563, 613.2203979492188, 619.02978515625, 637.6171875;
 435.554443359375, 536.7615356445313, 504.1503295898438, 496.82080078125, 598.4627075195313, 603.5811767578125, 552.664794921875, 558.0094604492188]areas men[1;
 7]F0[481.603759765625, 493.5577087402344, 444.1023559570313, 536.9754638671875;
 453.0443115234375, 549.6591186523438, 518.05029296875, 511.9591064453125][481.603759765625, 493.5577087402344, 444.1023559570313, 536.9754638671875, 668.5270385742188, 639.052734375, 647.3853759765625, 666.767822265625;
 453.0443115234375, 549.6591186523438, 518.05029296875, 511.9591064453125, 613.2137451171875, 617.3781127929688, 567.6740112304688, 573.3214111328125]areas men[1;
 7]F0[449.1367797851563, 453.4555053710938, 400.811767578125, 505.1777038574219;
 435.5682067871094, 536.7667846679688, 504.1513061523438, 496.8441467285156][449.1367797851563, 453.4555053710938, 400.811767578125, 505.1777038574219, 641.1863403320313, 613.368896484375, 619.3842163085938, 637.8927001953125;
 435.5682067871094, 536.7667846679688, 504.1513061523438, 496.8441467285156, 598.6751098632813, 603.6764526367188, 552.8139038085938, 558.2158203125]areas men[1;
 7]F0[481.600341796875, 493.5615234375, 444.0984497070313, 536.97509765625;
 453.0479736328125, 549.6585083007813, 518.0419311523438, 511.9532165527344][481.600341796875, 493.5615234375, 444.0984497070313, 536.97509765625, 668.5332641601563, 639.0639038085938, 647.3779907226563, 666.7667236328125;
 453.0479736328125, 549.6585083007813, 518.0419311523438, 511.9532165527344, 613.1818237304688, 617.340576171875, 567.656005859375, 573.291259765625]areas men[1;
 7]F0[449.1303100585938, 453.4544372558594, 400.8055419921875, 505.1780700683594;
 435.5719909667969, 536.7655639648438, 504.1561889648438, 496.844482421875][449.1303100585938, 453.4544372558594, 400.8055419921875, 505.1780700683594, 641.1788330078125, 613.3702392578125, 619.3560180664063, 637.8703002929688;
 435.5719909667969, 536.7655639648438, 504.1561889648438, 496.844482421875, 598.6314697265625, 603.63720703125, 552.7744750976563, 558.169189453125]areas men[1;
 7]F0[481.5938415527344, 493.5542297363281, 444.0919189453125, 536.968994140625;
 453.0364990234375, 549.652587890625, 518.044921875, 511.9478759765625][481.5938415527344, 493.5542297363281, 444.0919189453125, 536.968994140625, 668.6282348632813, 639.150146484375, 647.5823974609375, 666.9749755859375;
 453.0364990234375, 549.652587890625, 518.044921875, 511.9478759765625, 613.3783569335938, 617.4747314453125, 567.7973022460938, 573.4794311523438]areas men[1;
 7]F0[449.122802734375, 453.4514465332031, 400.8045654296875, 505.1699523925781;
 435.5633544921875, 536.76513671875, 504.154541015625, 496.8289184570313][449.122802734375, 453.4514465332031, 400.8045654296875, 505.1699523925781, 641.2787475585938, 613.458740234375, 619.5603637695313, 638.08740234375;
 435.5633544921875, 536.76513671875, 504.154541015625, 496.8289184570313, 598.8543701171875, 603.7659912109375, 552.9363403320313, 558.3761596679688]areas men[1;
 7]F0[481.5909423828125, 493.5566711425781, 444.0964050292969, 536.970458984375;
 453.0419921875, 549.6510620117188, 518.0443115234375, 511.9473571777344][481.5909423828125, 493.5566711425781, 444.0964050292969, 536.970458984375, 668.53759765625, 639.065673828125, 647.4139404296875, 666.80224609375;
 453.0419921875, 549.6510620117188, 518.0443115234375, 511.9473571777344, 613.2774047851563, 617.42919921875, 567.732666015625, 573.4002685546875]areas men[1;
 7]F0[449.1199951171875, 453.4522094726563, 400.8096923828125, 505.1678161621094;
 435.5651245117188, 536.776123046875, 504.1514282226563, 496.841064453125][449.1199951171875, 453.4522094726563, 400.8096923828125, 505.1678161621094, 641.1956787109375, 613.37646484375, 619.40185546875, 637.9190063476563;
 435.5651245117188, 536.776123046875, 504.1514282226563, 496.841064453125, 598.7471923828125, 603.727294921875, 552.8837280273438, 558.2913208007813]areas men[1;
 7]F0[481.5910034179688, 493.5597229003906, 444.0989379882813, 536.9744873046875;
 453.0434265136719, 549.64990234375, 518.0416870117188, 511.9529724121094][481.5910034179688, 493.5597229003906, 444.0989379882813, 536.9744873046875, 668.434326171875, 638.9472045898438, 647.1757202148438, 666.6025390625;
 453.0434265136719, 549.64990234375, 518.0416870117188, 511.9529724121094, 613.1421508789063, 617.3760375976563, 567.6328125, 573.2196044921875]areas men[1;
 7]F0[449.1304931640625, 453.461669921875, 400.8140258789063, 505.1746826171875;
 435.5731201171875, 536.7689819335938, 504.1661376953125, 496.8450012207031][449.1304931640625, 453.461669921875, 400.8140258789063, 505.1746826171875, 641.1318359375, 613.2970581054688, 619.233154296875, 637.8013916015625;
 435.5731201171875, 536.7689819335938, 504.1661376953125, 496.8450012207031, 598.5922241210938, 603.6990356445313, 552.7645263671875, 558.1319580078125]areas men[1;
 7]F0[481.5990905761719, 493.5586242675781, 444.1033935546875, 536.9725952148438;
 453.0416564941406, 549.6555786132813, 518.040771484375, 511.9550170898438][481.5990905761719, 493.5586242675781, 444.1033935546875, 536.9725952148438, 668.42529296875, 638.9376831054688, 647.1611328125, 666.5883178710938;
 453.0416564941406, 549.6555786132813, 518.040771484375, 511.9550170898438, 613.1840209960938, 617.4305419921875, 567.683349609375, 573.2674560546875]areas men[1;
 7]F0[449.1347961425781, 453.4579467773438, 400.8127136230469, 505.1761779785156;
 435.576171875, 536.7710571289063, 504.1609191894531, 496.8536071777344][449.1347961425781, 453.4579467773438, 400.8127136230469, 505.1761779785156, 641.1212158203125, 613.285400390625, 619.2173461914063, 637.7846069335938;
 435.576171875, 536.7710571289063, 504.1609191894531, 496.8536071777344, 598.6535034179688, 603.751220703125, 552.82666015625, 558.1766967773438]areas men[1;
 7]F0[481.5985717773438, 493.5627746582031, 444.1058654785156, 536.9752197265625;
 453.037109375, 549.6532592773438, 518.0440673828125, 511.9496459960938][481.5985717773438, 493.5627746582031, 444.1058654785156, 536.9752197265625, 668.3925170898438, 638.905029296875, 647.0704956054688, 666.5062866210938;
 453.037109375, 549.6532592773438, 518.0440673828125, 511.9496459960938, 613.1712036132813, 617.4703369140625, 567.6953125, 573.2490234375]areas men[1;
 7]F0[449.1411437988281, 453.467529296875, 400.8171691894531, 505.1786499023438;
 435.5730285644531, 536.7723388671875, 504.1615295410156, 496.8431396484375][449.1411437988281, 453.467529296875, 400.8171691894531, 505.1786499023438, 641.0662231445313, 613.2447509765625, 619.114990234375, 637.6966552734375;
 435.5730285644531, 536.7723388671875, 504.1615295410156, 496.8431396484375, 598.6295776367188, 603.77734375, 552.8226928710938, 558.15576171875]areas men[1;
 7]F0[481.6034240722656, 493.5629577636719, 444.1072082519531, 536.9720458984375;
 453.0391235351563, 549.6538696289063, 518.0375366210938, 511.9524230957031][481.6034240722656, 493.5629577636719, 444.1072082519531, 536.9720458984375, 668.1959228515625, 638.7374267578125, 646.5557250976563, 666.0646362304688;
 453.0391235351563, 549.6538696289063, 518.0375366210938, 511.9524230957031, 612.8472900390625, 617.3295288085938, 567.5139770507813, 572.9002075195313]areas men[1;
 7]F0[449.1289978027344, 453.4550170898438, 400.8091125488281, 505.1759643554688;
 435.5715942382813, 536.765869140625, 504.1597290039063, 496.8415222167969][449.1289978027344, 453.4550170898438, 400.8091125488281, 505.1759643554688, 640.892578125, 613.0795288085938, 618.6611938476563, 637.3167114257813;
 435.5715942382813, 536.765869140625, 504.1597290039063, 496.8415222167969, 598.2858276367188, 603.6607666015625, 552.642822265625, 557.8382568359375]areas men[1;
 7]F0[481.6013793945313, 493.5582580566406, 444.0996398925781, 536.9813842773438;
 453.0453491210938, 549.6646728515625, 518.0506591796875, 511.9548645019531][481.6013793945313, 493.5582580566406, 444.0996398925781, 536.9813842773438, 667.882568359375, 638.44287109375, 665.4747314453125, 645.916259765625;
 453.0453491210938, 549.6646728515625, 518.0506591796875, 511.9548645019531, 612.5066528320313, 617.2433471679688, 572.5840454101563, 567.34765625]areas men[1;
 7]F0[449.1392211914063, 453.4565124511719, 400.810791015625, 505.1816101074219;
 435.5759887695313, 536.7765502929688, 504.1631469726563, 496.8472900390625][449.1392211914063, 453.4565124511719, 400.810791015625, 505.1816101074219, 640.6685791015625, 612.8451538085938, 618.0850830078125, 636.7875366210938;
 435.5759887695313, 536.7765502929688, 504.1631469726563, 496.8472900390625, 597.9725952148438, 603.56103515625, 552.4763793945313, 557.5093994140625]areas men[1;
 7]F0[481.5979614257813, 493.556396484375, 444.0997314453125, 536.9769897460938;
 453.0513000488281, 549.6640014648438, 518.0513916015625, 511.9655456542969][481.5979614257813, 493.556396484375, 444.0997314453125, 536.9769897460938, 667.8046264648438, 638.3770751953125, 665.3067626953125, 645.7100830078125;
 453.0513000488281, 549.6640014648438, 518.0513916015625, 511.9655456542969, 612.3585815429688, 617.1597290039063, 572.4492797851563, 567.26123046875]areas men[1;
 7]F0[449.1414184570313, 453.4570922851563, 400.8094177246094, 505.1832885742188;
 435.5813293457031, 536.7758178710938, 504.1655883789063, 496.8583068847656][449.1414184570313, 453.4570922851563, 400.8094177246094, 505.1832885742188, 640.5881958007813, 612.776611328125, 617.8831176757813, 636.6113891601563;
 435.5813293457031, 536.7758178710938, 504.1655883789063, 496.8583068847656, 597.8310546875, 603.4838256835938, 552.3989868164063, 557.3811645507813]areas men[1;
 7]F0[481.6065063476563, 493.5601196289063, 444.1002197265625, 536.979248046875;
 453.0513610839844, 549.6574096679688, 518.0476684570313, 511.9624328613281][481.6065063476563, 493.5601196289063, 444.1002197265625, 536.979248046875, 667.9269409179688, 638.5225830078125, 665.5004272460938, 645.9557495117188;
 453.0513610839844, 549.6574096679688, 518.0476684570313, 511.9624328613281, 612.4931030273438, 617.23095703125, 572.5977172851563, 567.3606567382813]areas men[1;
 7]F0[449.1402282714844, 453.46337890625, 400.8102416992188, 505.1869506835938;
 435.5841369628906, 536.7713623046875, 504.1508483886719, 496.8507080078125][449.1402282714844, 453.46337890625, 400.8102416992188, 505.1869506835938, 640.6553955078125, 612.8750610351563, 618.0645751953125, 636.7333984375;
 435.5841369628906, 536.7713623046875, 504.1508483886719, 496.8507080078125, 597.9683227539063, 603.549072265625, 552.48583984375, 557.513671875]areas men[1;
 7]F0[481.5980224609375, 493.5583190917969, 444.0965270996094, 536.9741821289063;
 453.0467224121094, 549.6507568359375, 518.0402221679688, 511.9563293457031][481.5980224609375, 493.5583190917969, 444.0965270996094, 536.9741821289063, 667.88037109375, 638.474609375, 665.4041748046875, 645.851318359375;
 453.0467224121094, 549.6507568359375, 518.0402221679688, 511.9563293457031, 612.4614868164063, 617.2200317382813, 572.5609130859375, 567.3555908203125]areas men[1;
 7]F0[449.1346435546875, 453.4526672363281, 400.8085021972656, 505.1783447265625;
 435.5657653808594, 536.76708984375, 504.158447265625, 496.8401489257813][449.1346435546875, 453.4526672363281, 400.8085021972656, 505.1783447265625, 640.5933837890625, 612.8225708007813, 617.9307250976563, 636.634521484375;
 435.5657653808594, 536.76708984375, 504.158447265625, 496.8401489257813, 597.9241943359375, 603.5393676757813, 552.4799194335938, 557.49072265625]areas men[1;
 7]F0[481.6091613769531, 493.5620422363281, 444.1119689941406, 536.984619140625;
 453.049560546875, 549.6558837890625, 518.0399169921875, 511.9554748535156][481.6091613769531, 493.5620422363281, 444.1119689941406, 536.984619140625, 667.8349609375, 638.42529296875, 665.2876586914063, 645.703125;
 453.049560546875, 549.6558837890625, 518.0399169921875, 511.9554748535156, 612.3385620117188, 617.1729125976563, 572.4428100585938, 567.263427734375]areas men[1;
 7]F0[449.1447448730469, 453.4638366699219, 400.8205261230469, 505.1895141601563;
 435.5778503417969, 536.7708129882813, 504.1591186523438, 496.8464965820313][449.1447448730469, 453.4638366699219, 400.8205261230469, 505.1895141601563, 640.5619506835938, 612.782470703125, 617.824951171875, 636.536865234375;
 435.5778503417969, 536.7708129882813, 504.1591186523438, 496.8464965820313, 597.8262329101563, 603.4896850585938, 552.4141845703125, 557.3770751953125]areas men[1;
 7]F0[481.6068115234375, 493.5681762695313, 444.1073303222656, 536.9830932617188;
 453.0498657226563, 549.662841796875, 518.04150390625, 511.964111328125][481.6068115234375, 493.5681762695313, 444.1073303222656, 536.9830932617188, 667.7900390625, 638.3756713867188, 665.2139892578125, 645.6047973632813;
 453.0498657226563, 549.662841796875, 518.04150390625, 511.964111328125, 612.275390625, 617.1376342773438, 572.3763427734375, 567.2135620117188]areas men[1;
 7]F0[449.1531677246094, 453.4674377441406, 400.8193359375, 505.1916198730469;
 435.5865173339844, 536.7807006835938, 504.1622924804688, 496.8547058105469][449.1531677246094, 453.4674377441406, 400.8193359375, 505.1916198730469, 640.5579223632813, 612.7601928710938, 617.747314453125, 636.50390625;
 435.5865173339844, 536.7807006835938, 504.1622924804688, 496.8547058105469, 597.7402954101563, 603.4615478515625, 552.379150390625, 557.3005981445313]areas men[1;
 7]F0[481.6020202636719, 493.5576782226563, 444.1055603027344, 536.9785766601563;
 453.0539245605469, 549.6670532226563, 518.0546875, 511.9717407226563][481.6020202636719, 493.5576782226563, 444.1055603027344, 536.9785766601563, 667.736572265625, 638.32568359375, 665.1080322265625, 645.5140380859375;
 453.0539245605469, 549.6670532226563, 518.0546875, 511.9717407226563, 612.2698974609375, 617.1486206054688, 572.3811645507813, 567.2317504882813]areas men[1;
 7]F0[449.1504821777344, 453.45263671875, 400.8126220703125, 505.1788635253906;
 435.5896911621094, 536.7799682617188, 504.1680603027344, 496.8609313964844][449.1504821777344, 453.45263671875, 400.8126220703125, 505.1788635253906, 640.4971923828125, 612.7068481445313, 617.6505126953125, 636.3914184570313;
 435.5896911621094, 536.7799682617188, 504.1680603027344, 496.8609313964844, 597.7489624023438, 603.4865112304688, 552.3872680664063, 557.3057861328125]areas men[1;
 7]F0[481.603515625, 493.5574340820313, 444.1030883789063, 536.9718627929688;
 453.0584716796875, 549.6555786132813, 518.0411987304688, 511.9614868164063][481.603515625, 493.5574340820313, 444.1030883789063, 536.9718627929688, 667.7922973632813, 638.38427734375, 665.1820068359375, 645.5819091796875;
 453.0584716796875, 549.6555786132813, 518.0411987304688, 511.9614868164063, 612.2516479492188, 617.11328125, 572.359130859375, 567.1970825195313]areas men[1;
 7]F0[449.1489868164063, 453.4644470214844, 400.8175354003906, 505.1800231933594;
 435.586669921875, 536.7767333984375, 504.1628723144531, 496.8549499511719][449.1489868164063, 453.4644470214844, 400.8175354003906, 505.1800231933594, 640.5451049804688, 612.7550659179688, 617.7122802734375, 636.453369140625;
 435.586669921875, 536.7767333984375, 504.1628723144531, 496.8549499511719, 597.7197265625, 603.44140625, 552.3652954101563, 557.2916259765625]areas men[1;
 7]F0[481.602783203125, 493.559326171875, 444.1003112792969, 536.9749755859375;
 453.053466796875, 549.6688842773438, 518.0568237304688, 511.9649658203125][481.602783203125, 493.559326171875, 444.1003112792969, 536.9749755859375, 667.71484375, 638.3232421875, 665.0669555664063, 645.4995727539063;
 453.053466796875, 549.6688842773438, 518.0568237304688, 511.9649658203125, 612.2357177734375, 617.1240234375, 572.3683471679688, 567.2039184570313]areas men[1;
 7]F0[449.1427612304688, 453.4608154296875, 400.8109741210938, 505.1800842285156;
 435.5744323730469, 536.7744140625, 504.1606750488281, 496.8508605957031][449.1427612304688, 453.4608154296875, 400.8109741210938, 505.1800842285156, 640.4796752929688, 612.7070922851563, 617.6196899414063, 636.3587646484375;
 435.5744323730469, 536.7744140625, 504.1606750488281, 496.8508605957031, 597.6914672851563, 603.4486083984375, 552.3556518554688, 557.2611083984375]areas men[1;
 7]F0[481.6136474609375, 493.5684204101563, 444.1153259277344, 536.9903564453125;
 453.0408020019531, 549.6591796875, 518.0462036132813, 511.9591369628906][481.6136474609375, 493.5684204101563, 444.1153259277344, 536.9903564453125, 667.6934204101563, 638.2937622070313, 664.994873046875, 645.398193359375;
 453.0408020019531, 549.6591796875, 518.0462036132813, 511.9591369628906, 612.1256713867188, 617.0746459960938, 572.2450561523438, 567.1309204101563]areas men[1;
 7]F0[449.1565551757813, 453.4728698730469, 400.8287353515625, 505.1926574707031;
 435.5879821777344, 536.7759399414063, 504.1661682128906, 496.8578186035156][449.1565551757813, 453.4728698730469, 400.8287353515625, 505.1926574707031, 640.4716796875, 612.6858520507813, 617.5150756835938, 636.2825927734375;
 435.5879821777344, 536.7759399414063, 504.1661682128906, 496.8578186035156, 597.5916137695313, 603.3976440429688, 552.293212890625, 557.163330078125]areas men[1;
 7]F0[481.6173400878906, 493.5736083984375, 444.1134033203125, 536.9854736328125;
 453.0666198730469, 549.6761474609375, 518.05322265625, 511.9779357910156][481.6173400878906, 493.5736083984375, 444.1134033203125, 536.9854736328125, 667.7565307617188, 638.359375, 665.1300659179688, 645.533447265625;
 453.0666198730469, 549.6761474609375, 518.05322265625, 511.9779357910156, 612.2992553710938, 617.1820678710938, 572.4227905273438, 567.268310546875]areas men[1;
 7]F0[449.1480712890625, 453.4608154296875, 400.81640625, 505.1872253417969;
 435.597412109375, 536.7830810546875, 504.1679992675781, 496.8677368164063][449.1480712890625, 453.4608154296875, 400.81640625, 505.1872253417969, 640.5091552734375, 612.7232666015625, 617.6337890625, 636.3886108398438;
 435.597412109375, 536.7830810546875, 504.1679992675781, 496.8677368164063, 597.7652587890625, 603.5030517578125, 552.4258422851563, 557.3414306640625]areas men[1;
 7]F0[481.6068725585938, 493.5582885742188, 444.102783203125, 536.9827880859375;
 453.05224609375, 549.6648559570313, 518.0482177734375, 511.9607238769531][481.6068725585938, 493.5582885742188, 444.102783203125, 536.9827880859375, 667.8302612304688, 638.4219970703125, 665.2403564453125, 645.6618041992188;
 453.05224609375, 549.6648559570313, 518.0482177734375, 511.9607238769531, 612.3753051757813, 617.2180786132813, 572.4873046875, 567.3304443359375]areas men[1;
 7]F0[449.1388549804688, 453.4586791992188, 400.8214111328125, 505.1819152832031;
 435.5785827636719, 536.7750244140625, 504.1609802246094, 496.8549194335938][449.1388549804688, 453.4586791992188, 400.8214111328125, 505.1819152832031, 640.5575561523438, 612.7789306640625, 617.754150390625, 636.4932250976563;
 435.5785827636719, 536.7750244140625, 504.1609802246094, 496.8549194335938, 597.8404541015625, 603.538330078125, 552.4696655273438, 557.4186401367188]areas men[1;
 7]F0[481.6004943847656, 493.5665283203125, 444.0998840332031, 536.9755249023438;
 453.0536193847656, 549.6661987304688, 518.0549926757813, 511.9620361328125][481.6004943847656, 493.5665283203125, 444.0998840332031, 536.9755249023438, 667.7369384765625, 638.3286743164063, 665.0755615234375, 645.482666015625;
 453.0536193847656, 549.6661987304688, 518.0549926757813, 511.9620361328125, 612.3015747070313, 617.1934814453125, 572.4248657226563, 567.286376953125]areas men[1;
 7]F0[449.1394958496094, 453.457275390625, 400.8133850097656, 505.1756286621094;
 435.5801391601563, 536.7736206054688, 504.1653442382813, 496.8465270996094][449.1394958496094, 453.457275390625, 400.8133850097656, 505.1756286621094, 640.4951171875, 612.69189453125, 617.5811157226563, 636.345703125;
 435.5801391601563, 536.7736206054688, 504.1653442382813, 496.8465270996094, 597.7761840820313, 603.5191040039063, 552.4329833984375, 557.346923828125]areas men[1;
 7]F0[481.6102294921875, 493.5675354003906, 444.1087646484375, 536.9850463867188;
 453.0625, 549.6693725585938, 518.0540161132813, 511.9728393554688][481.6102294921875, 493.5675354003906, 444.1087646484375, 536.9850463867188, 667.7833251953125, 638.3675537109375, 665.1253662109375, 645.5339965820313;
 453.0625, 549.6693725585938, 518.0540161132813, 511.9728393554688, 612.352294921875, 617.2427978515625, 572.4689331054688, 567.3392333984375]areas men[1;
 7]F0[449.1448974609375, 453.4630432128906, 400.812255859375, 505.1843566894531;
 435.59423828125, 536.7821044921875, 504.1636657714844, 496.8640747070313][449.1448974609375, 453.4630432128906, 400.812255859375, 505.1843566894531, 640.5305786132813, 612.7387084960938, 617.6201171875, 636.3886108398438;
 435.59423828125, 536.7821044921875, 504.1636657714844, 496.8640747070313, 597.8291625976563, 603.5707397460938, 552.4891357421875, 557.4043579101563]areas men[1;
 7]F0[481.60595703125, 493.56640625, 444.1024780273438, 536.9771728515625;
 453.0660705566406, 549.6634521484375, 518.0469970703125, 511.9773864746094][481.60595703125, 493.56640625, 444.1024780273438, 536.9771728515625, 667.7909545898438, 638.3898315429688, 665.1043701171875, 645.517578125;
 453.0660705566406, 549.6634521484375, 518.0469970703125, 511.9773864746094, 612.364990234375, 617.2601318359375, 572.4924926757813, 567.3610229492188]areas men[1;
 7]F0[449.1458740234375, 453.4681396484375, 400.8222961425781, 505.1810302734375;
 435.5870971679688, 536.772216796875, 504.1683044433594, 496.8618469238281][449.1458740234375, 453.4681396484375, 400.8222961425781, 505.1810302734375, 640.5238037109375, 612.744384765625, 617.5814819335938, 636.333251953125;
 435.5870971679688, 536.772216796875, 504.1683044433594, 496.8618469238281, 597.8311767578125, 603.5738525390625, 552.50732421875, 557.4241943359375]areas men[1;
 7]F0[481.6200866699219, 493.5658264160156, 444.1045532226563, 536.9879150390625;
 453.0534973144531, 549.6666870117188, 518.0498657226563, 511.9757995605469][481.6200866699219, 493.5658264160156, 444.1045532226563, 536.9879150390625, 667.74462890625, 638.3564453125, 664.9999389648438, 645.4155883789063;
 453.0534973144531, 549.6666870117188, 518.0498657226563, 511.9757995605469, 612.2927856445313, 617.2152099609375, 572.437255859375, 567.3231811523438]areas men[1;
 7]F0[449.1506958007813, 453.4590454101563, 400.8226623535156, 505.1903686523438;
 435.590576171875, 536.7797241210938, 504.1674499511719, 496.865966796875][449.1506958007813, 453.4590454101563, 400.8226623535156, 505.1903686523438, 640.47021484375, 612.699951171875, 617.4537353515625, 636.2012329101563;
 435.590576171875, 536.7797241210938, 504.1674499511719, 496.865966796875, 597.7684326171875, 603.5428466796875, 552.4775390625, 557.3629760742188]areas men[1;
 7]F0[481.6116638183594, 493.5584411621094, 444.114501953125, 536.9782104492188;
 453.0500183105469, 549.6566772460938, 518.0438232421875, 511.9669494628906][481.6116638183594, 493.5584411621094, 444.114501953125, 536.9782104492188, 667.6612548828125, 638.2804565429688, 664.8543701171875, 645.2807006835938;
 453.0500183105469, 549.6566772460938, 518.0438232421875, 511.9669494628906, 612.2620849609375, 617.2325439453125, 572.4157104492188, 567.3386840820313]areas men[1;
 7]F0[449.140869140625, 453.4614562988281, 400.8164978027344, 505.1755676269531;
 435.5773315429688, 536.77490234375, 504.1552734375, 496.8491516113281][449.140869140625, 453.4614562988281, 400.8164978027344, 505.1755676269531, 640.3928833007813, 612.6318969726563, 617.3282470703125, 636.058837890625;
 435.5773315429688, 536.77490234375, 504.1552734375, 496.8491516113281, 597.7460327148438, 603.564208984375, 552.480712890625, 557.3488159179688]areas men[1;
 7]F0[481.6180725097656, 493.5655212402344, 444.1125793457031, 536.9888305664063;
 453.052001953125, 549.6663818359375, 518.0516357421875, 511.9745178222656][481.6180725097656, 493.5655212402344, 444.1125793457031, 536.9888305664063, 667.593994140625, 638.1908569335938, 664.7066650390625, 645.1163330078125;
 453.052001953125, 549.6663818359375, 518.0516357421875, 511.9745178222656, 612.2262573242188, 617.255615234375, 572.3709106445313, 567.3388671875]areas men[1;
 7]F0[449.15478515625, 453.4705200195313, 400.8316650390625, 505.183837890625;
 435.5791625976563, 536.7808227539063, 504.1605224609375, 496.8629150390625][449.15478515625, 453.4705200195313, 400.8316650390625, 505.183837890625, 640.3571166992188, 612.5679931640625, 635.938232421875, 617.1726684570313;
 435.5791625976563, 536.7808227539063, 504.1605224609375, 496.8629150390625, 597.7046508789063, 603.5909423828125, 557.3037109375, 552.4782104492188]areas men[1;
 7]F0[481.613037109375, 493.5626831054688, 444.1105346679688, 536.9834594726563;
 453.0622863769531, 549.6731567382813, 518.0545654296875, 511.9816589355469][481.613037109375, 493.5626831054688, 444.1105346679688, 536.9834594726563, 667.5595092773438, 638.1536254882813, 664.6253662109375, 645.0061645507813;
 453.0622863769531, 549.6731567382813, 518.0545654296875, 511.9816589355469, 612.1431884765625, 617.2120361328125, 572.297607421875, 567.2994995117188]areas men[1;
 7]F0[449.1503295898438, 453.4645080566406, 400.8230895996094, 505.1830444335938;
 435.5901184082031, 536.782958984375, 504.166015625, 496.8697204589844][449.1503295898438, 453.4645080566406, 400.8230895996094, 505.1830444335938, 640.307861328125, 612.5337524414063, 635.8446044921875, 617.0706787109375;
 435.5901184082031, 536.782958984375, 504.166015625, 496.8697204589844, 597.6173706054688, 603.5507202148438, 557.2254028320313, 552.4385986328125]