3D [-177.53137, -64.50248, 1130.0356;
 -180.34952, 31.737259, 1176.0101;
 -229.79724, -0.093011416, 1164.1249;
 -127.27389, -7.0823402, 1153.299;
 -0.42855787, 82.685608, 1163.6167;
 -27.752295, 89.906097, 1153.337;
 -6.5023851, 43.644764, 1165.4279;
 -25.557268, 40.351749, 1159.1061]3D [-177.53137, -64.50248, 1130.0356;
 -180.34952, 31.737259, 1176.0101;
 -229.79724, -0.093011416, 1164.1249;
 -127.27389, -7.0823402, 1153.299;
 -0.42855787, 82.685608, 1163.6167;
 -27.752295, 89.906097, 1153.337;
 -6.5023851, 43.644764, 1165.4279;
 -25.557268, 40.351749, 1159.1061]3D [-177.52582, -64.507271, 1130.0602;
 -180.33598, 31.733471, 1175.9935;
 -229.79346, -0.10193136, 1164.1421;
 -127.26606, -7.0848179, 1153.3099;
 -0.1392388, 82.970978, 1163.8716;
 -27.478138, 89.959641, 1153.3123;
 -5.9430537, 43.878494, 1165.7017;
 -24.971334, 40.465443, 1159.3893]3D [-177.50381, -64.492027, 1130.0114;
 -180.32512, 31.738033, 1175.952;
 -229.76997, -0.086820036, 1164.0859;
 -127.26848, -7.0752182, 1153.3329;
 0.20765097, 83.994911, 1165.0198;
 -27.120163, 90.516479, 1154.3456;
 -5.1635242, 44.886822, 1167.6318;
 -24.068693, 41.119995, 1161.1664]3D [-177.53152, -64.500328, 1130.0693;
 -180.33972, 31.739658, 1176.0013;
 -229.78523, -0.095791206, 1164.116;
 -127.29282, -7.0787172, 1153.4139;
 0.34831408, 84.181053, 1165.0819;
 -27.009182, 90.59594, 1154.3878;
 -4.8860717, 45.059925, 1167.6711;
 -23.809616, 41.230297, 1161.4458]3D [-177.39465, -64.370972, 1129.8319;
 -180.31693, 31.822903, 1175.9258;
 -229.75444, -0.027372008, 1164.0615;
 -127.16017, -6.9415455, 1153.019;
 2.7913013, 91.525627, 1172.5087;
 -23.93338, 95.01223, 1159.1602;
 -17.938927, 46.743641, 1170.1873;
 -0.045215409, 52.491962, 1178.231]3D [-177.38008, -64.375244, 1129.7803;
 -180.31409, 31.821898, 1175.9337;
 -229.73804, -0.031127548, 1164.028;
 -127.14745, -6.9460292, 1152.985;
 2.6076798, 91.50808, 1172.4972;
 -24.093975, 95.121422, 1159.142;
 -18.30167, 46.789471, 1170.048;
 -0.41842213, 52.477577, 1178.0547]3D [-177.3911, -64.372704, 1129.8125;
 -180.32245, 31.825991, 1175.943;
 -229.74693, -0.03097363, 1164.0544;
 -127.15062, -6.9423809, 1152.9878;
 2.6590285, 91.592445, 1172.3829;
 -24.073961, 95.208817, 1159.1924;
 -18.216768, 46.870331, 1169.9032;
 -0.32370627, 52.551647, 1177.8992]3D [-177.41193, -64.380402, 1129.8634;
 -180.33603, 31.820969, 1175.9858;
 -229.77612, -0.032141197, 1164.1522;
 -127.16537, -6.9474077, 1153.0452;
 2.5991166, 91.523743, 1172.2939;
 -24.130903, 95.206718, 1159.0577;
 -18.331457, 46.822063, 1169.6923;
 -0.43122271, 52.465733, 1177.6447]3D [-177.39146, -64.378273, 1129.8102;
 -180.33556, 31.819542, 1175.9984;
 -229.75638, -0.032142919, 1164.1038;
 -127.17369, -6.9513659, 1153.0765;
 2.5806458, 91.396606, 1172.2412;
 -24.154175, 95.148697, 1159.0679;
 -18.422197, 46.734028, 1169.5862;
 -0.50451773, 52.321609, 1177.4885]3D [-177.39154, -64.374931, 1129.8306;
 -180.33119, 31.823288, 1175.9819;
 -229.77127, -0.032811273, 1164.1422;
 -127.16755, -6.9460759, 1153.0583;
 2.6455538, 91.462448, 1172.3438;
 -24.065145, 95.163025, 1159.0876;
 -18.280933, 46.762936, 1169.6124;
 -0.37222686, 52.37822, 1177.5913]3D [-177.39041, -64.383736, 1129.8296;
 -180.32808, 31.817472, 1175.968;
 -229.75523, -0.030930951, 1164.0764;
 -127.15983, -6.9548607, 1153.0265;
 2.487114, 91.181427, 1172.1688;
 -24.225451, 95.051384, 1158.96;
 -18.663021, 46.599407, 1169.3989;
 -0.70663488, 52.095085, 1177.3854]3D [-177.40369, -64.368523, 1129.8553;
 -180.33907, 31.827318, 1176.0132;
 -229.75954, -0.026705919, 1164.0909;
 -127.16058, -6.9380293, 1153.0361;
 2.3384705, 90.997467, 1171.8622;
 -24.367956, 95.039497, 1158.7043;
 -19.03764, 46.519058, 1168.9326;
 -1.0203165, 51.92168, 1176.924]3D [-177.39056, -64.36853, 1129.8483;
 -180.33203, 31.82942, 1175.9912;
 -229.76022, -0.027901262, 1164.1074;
 -127.15199, -6.9304714, 1153.0209;
 2.39833, 91.11985, 1171.8647;
 -24.316374, 95.126091, 1158.7906;
 -18.915064, 46.618706, 1168.8607;
 -0.91752714, 52.040321, 1176.9659]3D [-177.37958, -64.367592, 1129.8064;
 -180.32634, 31.830212, 1175.9691;
 -229.73734, -0.025600592, 1164.053;
 -127.14619, -6.9287539, 1152.9993;
 2.4995708, 91.379379, 1172.1573;
 -24.211794, 95.261871, 1158.9626;
 -18.66691, 46.802757, 1169.2729;
 -0.72441864, 52.299068, 1177.3729]3D [-177.37971, -64.378632, 1129.8046;
 -180.33559, 31.821476, 1176.0076;
 -229.74158, -0.035811473, 1164.049;
 -127.15092, -6.9449096, 1153.0067;
 2.6321459, 91.54451, 1172.1266;
 -24.089615, 95.324249, 1158.8995;
 -18.409515, 46.897617, 1169.4105;
 -0.49294007, 52.479748, 1177.4006]3D [-177.37679, -64.374374, 1129.7975;
 -180.334, 31.824104, 1176.0154;
 -229.75496, -0.033717752, 1164.0979;
 -127.15226, -6.9410548, 1153.0308;
 2.5999656, 91.603157, 1172.157;
 -24.124397, 95.391983, 1158.8792;
 -18.453842, 46.957108, 1169.3851;
 -0.53954715, 52.535004, 1177.3906]3D [-177.37302, -64.366013, 1129.7861;
 -180.32858, 31.831966, 1175.9956;
 -229.75191, -0.028941134, 1164.0778;
 -127.16054, -6.936223, 1153.0518;
 2.6474667, 91.634933, 1171.9873;
 -24.092207, 95.42289, 1158.7955;
 -18.39308, 46.974365, 1169.2074;
 -0.45705873, 52.547943, 1177.1593]3D [-177.40311, -64.370872, 1129.8796;
 -180.34578, 31.827848, 1176.0309;
 -229.75308, -0.029960269, 1164.0836;
 -127.16719, -6.9398599, 1153.0664;
 2.6887329, 91.764221, 1172.1572;
 -24.032499, 95.506142, 1158.8777;
 -18.284603, 47.088581, 1169.4215;
 -0.3713423, 52.696815, 1177.4373]3D [-177.38257, -64.374603, 1129.8177;
 -180.3418, 31.825438, 1176.0295;
 -229.76704, -0.032348443, 1164.129;
 -127.1643, -6.9452376, 1153.072;
 2.6783986, 91.75576, 1172.187;
 -24.044367, 95.500084, 1158.9259;
 -18.33861, 47.08202, 1169.5372;
 -0.43123451, 52.694267, 1177.5826]3D [-177.3848, -64.373001, 1129.8198;
 -180.33072, 31.821526, 1175.988;
 -229.7455, -0.032010186, 1164.0769;
 -127.15457, -6.9411049, 1153.0287;
 2.5545859, 91.576042, 1172.1146;
 -24.160093, 95.406792, 1158.9161;
 -18.562975, 46.961674, 1169.4351;
 -0.62449551, 52.50914, 1177.3937]3D [-177.3811, -64.361504, 1129.8292;
 -180.32405, 31.830952, 1175.9724;
 -229.7494, -0.031070858, 1164.099;
 -127.15309, -6.9289455, 1153.0336;
 2.5768795, 91.475105, 1172.1001;
 -24.153889, 95.355911, 1158.9796;
 -18.607517, 46.903751, 1169.3667;
 -0.65419334, 52.399178, 1177.3517]3D [-177.38004, -64.35939, 1129.7893;
 -180.33427, 31.826958, 1175.9735;
 -229.74973, -0.033593848, 1164.0421;
 -127.14889, -6.9322481, 1152.975;
 2.539113, 91.641708, 1172.3219;
 -24.158373, 95.475784, 1159.0024;
 -18.60759, 47.036457, 1169.576;
 -0.66466105, 52.57914, 1177.5341]3D [-177.37872, -64.378593, 1129.8156;
 -180.33105, 31.819141, 1175.9856;
 -229.75591, -0.036660563, 1164.1067;
 -127.15522, -6.9424162, 1153.038;
 2.6199112, 91.605797, 1172.2432;
 -24.095882, 95.432732, 1158.9725;
 -18.515457, 46.996277, 1169.566;
 -0.5802331, 52.554028, 1177.5471]3D [-177.38608, -64.376297, 1129.8361;
 -180.34201, 31.824594, 1176.017;
 -229.75453, -0.036195893, 1164.1073;
 -127.149, -6.9443469, 1153.02;
 2.5463493, 91.624168, 1172.3549;
 -24.14983, 95.466896, 1159.017;
 -18.632166, 47.016666, 1169.5936;
 -0.68144315, 52.553669, 1177.6085]3D [-177.36298, -64.363129, 1129.8094;
 -180.31218, 31.835367, 1175.954;
 -229.72244, -0.027626041, 1164.0383;
 -127.14434, -6.9271803, 1153.0554;
 2.5851264, 91.52739, 1172.1742;
 -24.122524, 95.412956, 1158.9489;
 -18.617266, 46.96217, 1169.4518;
 -0.66487533, 52.460812, 1177.4321]3D [-177.37247, -64.375969, 1129.8468;
 -180.30872, 31.825844, 1175.9253;
 -229.74681, -0.035903487, 1164.0863;
 -127.14463, -6.9339113, 1153.0217;
 2.4642537, 91.377815, 1172.3997;
 -24.213451, 95.314697, 1159.0654;
 -18.85577, 46.860519, 1169.5265;
 -0.87423825, 52.30806, 1177.5897]3D [-177.37419, -64.378883, 1129.8066;
 -180.32291, 31.820938, 1175.9658;
 -229.76045, -0.037529305, 1164.1232;
 -127.14517, -6.9483695, 1153.0012;
 2.5711749, 91.516815, 1172.4142;
 -24.120604, 95.376961, 1159.1112;
 -18.665527, 46.954361, 1169.871;
 -0.71780962, 52.463478, 1177.7842]3D [-177.38701, -64.377274, 1129.8652;
 -180.32338, 31.82164, 1175.98;
 -229.73901, -0.034622964, 1164.0745;
 -127.15237, -6.9451647, 1153.0571;
 2.526772, 91.600349, 1172.4341;
 -24.147251, 95.473976, 1159.0808;
 -18.725805, 47.034321, 1169.7684;
 -0.76825142, 52.546741, 1177.7102]3D [-177.36473, -64.362976, 1129.8101;
 -180.31961, 31.833141, 1175.9617;
 -229.73862, -0.02756072, 1164.0695;
 -127.13859, -6.923645, 1153.0059;
 2.6835747, 91.803116, 1172.4366;
 -24.005383, 95.570381, 1159.0997;
 -18.383568, 47.166599, 1169.7877;
 -0.50031084, 52.759151, 1177.8917]3D [-177.37277, -64.360115, 1129.8226;
 -180.32466, 31.832914, 1175.9878;
 -229.7464, -0.029454304, 1164.0781;
 -127.13782, -6.9263854, 1153.0021;
 2.6764657, 91.771332, 1172.5035;
 -24.005053, 95.536896, 1159.1473;
 -18.412369, 47.1427, 1169.8867;
 -0.52213961, 52.726151, 1177.9952]3D [-177.3801, -64.369926, 1129.8239;
 -180.3237, 31.82905, 1175.9624;
 -229.74129, -0.028700877, 1164.0474;
 -127.14635, -6.936492, 1153.0089;
 2.7732294, 91.975365, 1172.5029;
 -23.920599, 95.664558, 1159.161;
 -18.215616, 47.290932, 1169.9338;
 -0.31090826, 52.918335, 1177.9949]3D [-177.38243, -64.366295, 1129.822;
 -180.32431, 31.833858, 1175.9714;
 -229.73618, -0.030538429, 1164.0468;
 -127.15036, -6.9310551, 1153.0267;
 2.6926274, 91.870216, 1172.4469;
 -23.9988, 95.622223, 1159.1304;
 -18.367498, 47.23156, 1169.8488;
 -0.47474542, 52.836895, 1177.9409]3D [-177.36511, -64.359146, 1129.7748;
 -180.31042, 31.828932, 1175.9413;
 -229.73045, -0.024773305, 1164.0393;
 -127.14249, -6.926332, 1153.015;
 2.6303236, 91.712685, 1172.2327;
 -24.070419, 95.566422, 1158.9159;
 -18.524378, 47.110897, 1169.46;
 -0.58895206, 52.651573, 1177.4956]3D [-177.36443, -64.359764, 1129.7961;
 -180.31606, 31.833206, 1175.9542;
 -229.73779, -0.027780166, 1164.0699;
 -127.13923, -6.9211025, 1152.9984;
 2.6200316, 91.763802, 1172.2401;
 -24.081858, 95.619232, 1158.9266;
 -18.539753, 47.16621, 1169.465;
 -0.60529298, 52.697731, 1177.5079]3D [-177.35347, -64.361679, 1129.7644;
 -180.3028, 31.831924, 1175.9291;
 -229.73184, -0.02581173, 1164.0619;
 -127.13702, -6.9287868, 1152.9999;
 2.5669825, 91.754303, 1172.3428;
 -24.121548, 95.654503, 1158.9603;
 -18.639288, 47.172554, 1169.5043;
 -0.69085258, 52.679779, 1177.5223]3D [-177.37747, -64.365891, 1129.8444;
 -180.32478, 31.830807, 1175.9923;
 -229.74886, -0.030019207, 1164.1083;
 -127.13921, -6.9281502, 1152.9963;
 2.3984993, 91.417625, 1172.1848;
 -24.27866, 95.527199, 1158.9063;
 -19.071131, 46.984016, 1169.0973;
 -1.0600439, 52.338776, 1177.1285]3D [-177.35886, -64.357521, 1129.7874;
 -180.31834, 31.840691, 1175.9598;
 -229.73758, -0.021633238, 1164.0593;
 -127.13615, -6.9243369, 1153.0177;
 2.1806266, 91.062225, 1171.6824;
 -24.495785, 95.411873, 1158.5544;
 -21.355736, 53.738342, 1275.6174;
 -1.4081759, 45.670502, 1084.1903]3D [-177.35251, -64.350555, 1129.7601;
 -180.31578, 31.839649, 1175.9468;
 -229.74034, -0.020076269, 1164.0665;
 -127.13123, -6.9135823, 1152.9875;
 2.1028061, 90.920853, 1171.6744;
 -24.561289, 95.334267, 1158.5496;
 -21.572803, 53.633999, 1275.7865;
 -1.5664314, 45.568428, 1084.0334]3D [-177.3613, -64.351944, 1129.809;
 -180.30786, 31.833769, 1175.9355;
 -229.73924, -0.029115746, 1164.0651;
 -127.12705, -6.9187307, 1152.9817;
 2.1683893, 91.075211, 1171.9686;
 -24.472469, 95.419907, 1158.8077;
 -21.381792, 53.761879, 1275.8885;
 -1.4573247, 45.694923, 1084.589]3D [-177.36368, -64.361855, 1129.7906;
 -180.32495, 31.829472, 1175.9784;
 -229.73857, -0.029231394, 1164.0531;
 -127.13689, -6.9268727, 1152.9962;
 2.1084545, 91.04393, 1172.0352;
 -24.522993, 95.411415, 1158.8186;
 -21.527046, 53.748528, 1276.0914;
 -1.5461857, 45.681496, 1084.5507]3D [-177.35583, -64.355347, 1129.8014;
 -180.30865, 31.832926, 1175.9436;
 -229.73186, -0.029123073, 1164.0786;
 -127.12627, -6.9243026, 1152.9968;
 2.0778847, 90.929932, 1171.9532;
 -24.560194, 95.360451, 1158.7623;
 -21.638466, 53.648281, 1276.0127;
 -1.6336863, 45.579517, 1084.3147]3D [-177.34007, -64.348289, 1129.7515;
 -180.30754, 31.841688, 1175.9594;
 -229.72919, -0.026759673, 1164.0591;
 -127.12233, -6.915987, 1152.9794;
 2.0736392, 90.841415, 1171.7449;
 -24.578491, 95.318542, 1158.6198;
 -21.721258, 53.595364, 1276.0248;
 -1.6632258, 45.511086, 1084.0282]3D [-177.34074, -64.344147, 1129.7396;
 -180.32463, 31.844023, 1175.976;
 -229.74043, -0.017216492, 1164.0829;
 -127.13869, -6.9094286, 1153.017;
 2.0148647, 90.845573, 1171.7706;
 -24.629721, 95.337013, 1158.625;
 -21.822123, 53.600166, 1275.9515;
 -1.7643272, 45.525703, 1084.1057]3D [-177.34435, -64.344124, 1129.7538;
 -180.30371, 31.834923, 1175.9153;
 -229.7281, -0.026619766, 1164.0448;
 -127.13314, -6.9171205, 1152.9766;
 2.0613587, 90.825325, 1171.8174;
 -24.584782, 95.302246, 1158.6857;
 -21.758455, 53.57959, 1276.0359;
 -1.7085217, 45.504299, 1084.1373]3D [-177.354, -64.353714, 1129.778;
 -180.31181, 31.841379, 1175.9447;
 -229.73801, -0.019680377, 1164.0624;
 -127.13481, -6.9174485, 1152.9923;
 1.9978758, 90.799149, 1171.7458;
 -24.629177, 95.305641, 1158.6112;
 -21.852917, 53.573929, 1275.879;
 -1.7939603, 45.496204, 1084.1808]3D [-177.33995, -64.353142, 1129.7708;
 -180.29826, 31.836788, 1175.9336;
 -229.7196, -0.022515472, 1164.057;
 -127.12489, -6.9171801, 1153.0116;
 1.9900324, 90.690926, 1171.6718;
 -24.648479, 95.253426, 1158.5636;
 -21.967741, 53.483177, 1276.0602;
 -1.8623767, 45.414642, 1084.0597]3D [-177.35689, -64.339249, 1129.8282;
 -180.32379, 31.851337, 1176.0227;
 -229.74153, -0.018023446, 1164.1072;
 -127.13024, -6.9031014, 1153.0129;
 2.0265234, 90.871132, 1171.8146;
 -24.615965, 95.368462, 1158.7167;
 -21.843611, 53.652313, 1276.1809;
 -1.7670238, 45.562374, 1084.2031]3D [-177.3638, -64.354561, 1129.8168;
 -180.31461, 31.839752, 1175.9493;
 -229.72034, -0.023949655, 1164.0245;
 -127.13652, -6.9178228, 1153.0237;
 2.073626, 90.955025, 1171.9535;
 -24.563669, 95.406197, 1158.7646;
 -21.715593, 53.707417, 1276.1434;
 -1.6732564, 45.629547, 1084.3241]3D [-177.35768, -64.351181, 1129.7816;
 -180.32396, 31.841106, 1176.0012;
 -229.73285, -0.018357571, 1164.0482;
 -127.1417, -6.9211135, 1153.0161;
 2.012871, 90.875458, 1171.7842;
 -24.645971, 95.381927, 1158.7136;
 -21.898912, 53.656868, 1276.1606;
 -1.8056197, 45.571861, 1084.1643]3D [-177.35651, -64.341576, 1129.8068;
 -180.31474, 31.84623, 1175.9781;
 -229.7446, -0.019696519, 1164.1022;
 -127.13422, -6.9074445, 1153.0242;
 2.0473108, 90.930511, 1171.8472;
 -24.600567, 95.428139, 1158.6863;
 -21.859417, 53.712952, 1276.2382;
 -1.7671998, 45.623318, 1084.2096]3D [-177.35139, -64.341675, 1129.7802;
 -180.3049, 31.837523, 1175.9465;
 -229.71826, -0.021028925, 1164.0184;
 -127.1347, -6.9060836, 1152.9996;
 2.0408752, 90.943275, 1171.9194;
 -24.596951, 95.444862, 1158.7714;
 -21.901697, 53.73951, 1276.3356;
 -1.8170902, 45.64909, 1084.3699]3D [-177.35472, -64.349014, 1129.83;
 -180.32025, 31.843992, 1175.9885;
 -229.71982, -0.019982941, 1164.0281;
 -127.12696, -6.9050012, 1153.0105;
 1.9890256, 90.879646, 1171.9436;
 -24.640406, 95.411919, 1158.8143;
 -22.039005, 53.700077, 1276.452;
 -1.9359336, 45.609737, 1084.4797]3D [-177.36426, -64.357079, 1129.8318;
 -180.30978, 31.835142, 1175.9358;
 -229.74245, -0.028991731, 1164.1123;
 -127.14333, -6.9175119, 1153.0304;
 1.9140522, 90.851173, 1171.8988;
 -24.704502, 95.427292, 1158.7611;
 -22.169468, 53.685658, 1276.3114;
 -2.0640523, 45.612091, 1084.493]3D [-177.34622, -64.353439, 1129.8004;
 -180.30002, 31.842773, 1175.9299;
 -229.71101, -0.022464607, 1164.0281;
 -127.13714, -6.9073048, 1153.046;
 1.8791549, 90.801369, 1171.733;
 -24.762758, 95.441048, 1158.6207;
 -2.4001276, 51.821579, 1176.9733;
 -20.507986, 46.827728, 1169.0348]3D [-177.34967, -64.342979, 1129.7958;
 -180.3082, 31.847706, 1175.9447;
 -229.72548, -0.018294012, 1164.0588;
 -127.13531, -6.9003544, 1153.0226;
 1.8315755, 90.723312, 1171.7955;
 -24.795013, 95.398849, 1158.5964;
 -2.4912398, 51.749794, 1177.0166;
 -20.605371, 46.787521, 1168.9709]