[54.654296875;
 55.19921875;
 44.7685546875;
 22.634765625;
 48.8310546875;
 161.4384765625;
 193.9638671875;
 113.720703125][54.685546875;
 55.2783203125;
 44.736328125;
 22.705078125;
 48.8505859375;
 161.740234375;
 193.9443359375;
 114][54.7529296875;
 55.2626953125;
 44.7880859375;
 22.646484375;
 48.8310546875;
 161.587890625;
 194.21875;
 114.1796875][55.12890625;
 55.15234375;
 44.708984375;
 22.673828125;
 49.2744140625;
 161.544921875;
 193.720703125;
 113.712890625][55.587890625;
 55.3564453125;
 44.748046875;
 22.7763671875;
 48.8857421875;
 161.662109375;
 193.9951171875;
 113.8935546875][55.09375;
 55.24609375;
 44.666015625;
 22.21484375;
 49.3291015625;
 161.3447265625;
 193.681640625;
 113.7998046875][55.650390625;
 55.3330078125;
 44.8740234375;
 22.681640625;
 49.3798828125;
 162.1875;
 194.3291015625;
 114.3369140625][55.576171875;
 55.20703125;
 44.7607421875;
 22.724609375;
 48.7998046875;
 161.9833984375;
 194.521484375;
 113.7841796875][54.8037109375;
 55.1953125;
 44.728515625;
 22.662109375;
 49.2421875;
 161.9794921875;
 194.046875;
 113.7763671875][55.650390625;
 55.22265625;
 44.8115234375;
 22.677734375;
 48.8349609375;
 161.716796875;
 194.1796875;
 113.8740234375][55.658203125;
 55.4072265625;
 44.8466796875;
 22.3720703125;
 48.8935546875;
 161.681640625;
 194.3564453125;
 114.1328125][54.607421875;
 55.2509765625;
 44.708984375;
 22.2548828125;
 48.8232421875;
 161.654296875;
 193.8662109375;
 113.693359375][55.3994140625;
 55.2548828125;
 44.2666015625;
 22.736328125;
 48.8037109375;
 161.4658203125;
 193.654296875;
 113.638671875][55.109375;
 55.3056640625;
 44.3447265625;
 22.7607421875;
 48.7607421875;
 162.11328125;
 194.599609375;
 113.7646484375][55.517578125;
 55.20703125;
 44.705078125;
 22.685546875;
 48.716796875;
 161.8935546875;
 194.07421875;
 114.08984375][54.7763671875;
 55.3251953125;
 44.7646484375;
 22.728515625;
 49.171875;
 161.505859375;
 194.09375;
 113.4658203125][55.7529296875;
 55.3408203125;
 44.7763671875;
 22.728515625;
 48.9677734375;
 161.7919921875;
 194.744140625;
 114.00390625][55.1171875;
 55.2822265625;
 44.712890625;
 22.708984375;
 48.748046875;
 161.513671875;
 194.05859375;
 113.728515625][55.08203125;
 55.234375;
 44.736328125;
 22.697265625;
 48.7880859375;
 161.4501953125;
 194.09765625;
 113.681640625][54.595703125;
 55.2265625;
 44.697265625;
 22.630859375;
 48.728515625;
 161.556640625;
 193.8427734375;
 114.2900390625][55.17578125;
 55.3056640625;
 44.7529296875;
 22.728515625;
 48.7919921875;
 162.20703125;
 194.677734375;
 113.9287109375][54.630859375;
 55.3369140625;
 44.701171875;
 22.689453125;
 48.708984375;
 161.9404296875;
 194.140625;
 114.1328125][54.642578125;
 55.2822265625;
 44.7607421875;
 22.642578125;
 48.7958984375;
 161.591796875;
 193.662109375;
 113.654296875][54.646484375;
 55.14453125;
 44.7568359375;
 22.689453125;
 48.740234375;
 161.509765625;
 193.9677734375;
 113.720703125][54.8232421875;
 55.3720703125;
 44.8740234375;
 22.712890625;
 49.2666015625;
 162.08984375;
 193.8974609375;
 113.7802734375][54.701171875;
 55.22265625;
 44.732421875;
 22.681640625;
 48.7998046875;
 161.529296875;
 193.599609375;
 113.630859375][54.8115234375;
 55.4501953125;
 44.8427734375;
 22.7685546875;
 49.2861328125;
 161.8623046875;
 194.2900390625;
 114.2939453125][54.705078125;
 55.2861328125;
 44.9091796875;
 22.716796875;
 49.22265625;
 161.9365234375;
 194.740234375;
 114.626953125][54.658203125;
 55.203125;
 44.705078125;
 22.662109375;
 48.8701171875;
 162.02734375;
 193.7919921875;
 113.9169921875][54.619140625;
 55.12109375;
 44.705078125;
 22.646484375;
 49.21484375;
 161.4111328125;
 193.8271484375;
 113.595703125][54.607421875;
 55.23046875;
 44.8193359375;
 22.638671875;
 49.2666015625;
 162.521484375;
 193.712890625;
 113.689453125][54.642578125;
 55.1796875;
 44.638671875;
 22.599609375;
 48.8388671875;
 161.9560546875;
 193.517578125;
 113.623046875][55.1875;
 55.3095703125;
 44.7607421875;
 22.740234375;
 48.8310546875;
 162.15234375;
 194.01171875;
 113.513671875][54.7841796875;
 55.3134765625;
 44.7841796875;
 22.744140625;
 49.2509765625;
 163.15625;
 194.05859375;
 114.4228515625][54.7880859375;
 55.3291015625;
 44.658203125;
 22.685546875;
 49.203125;
 161.697265625;
 194.2705078125;
 113.9912109375][54.685546875;
 55.3017578125;
 44.7568359375;
 22.681640625;
 49.2548828125;
 162.525390625;
 194.2421875;
 113.685546875][54.7998046875;
 55.3173828125;
 44.8076171875;
 22.638671875;
 48.8232421875;
 162.0234375;
 193.736328125;
 113.9091796875][54.8154296875;
 55.4111328125;
 44.8583984375;
 22.708984375;
 49.2587890625;
 162.20703125;
 193.9169921875;
 113.9326171875][54.7646484375;
 55.203125;
 44.712890625;
 22.705078125;
 49.19921875;
 161.658203125;
 193.619140625;
 114.09765625][54.8310546875;
 55.3603515625;
 44.8388671875;
 22.7841796875;
 49.3837890625;
 162.3837890625;
 195.03515625;
 114.8935546875][54.724609375;
 55.3408203125;
 44.8154296875;
 22.712890625;
 49.3408203125;
 162.591796875;
 194.9130859375;
 114.3408203125][54.658203125;
 55.3603515625;
 44.8818359375;
 22.2861328125;
 49.2939453125;
 162.685546875;
 193.8857421875;
 113.9130859375][54.7724609375;
 55.24609375;
 44.8388671875;
 22.689453125;
 49.4931640625;
 162.203125;
 193.2587890625;
 114.20703125][54.693359375;
 55.21875;
 44.708984375;
 22.681640625;
 48.7998046875;
 161.716796875;
 193.732421875;
 113.8115234375][54.732421875;
 55.3759765625;
 44.7685546875;
 22.693359375;
 48.8310546875;
 161.8583984375;
 193.3798828125;
 113.8583984375][54.681640625;
 55.234375;
 44.728515625;
 22.2265625;
 49.1796875;
 162.140625;
 194.23046875;
 113.4150390625][54.748046875;
 55.3173828125;
 44.7919921875;
 22.662109375;
 48.8623046875;
 162.8037109375;
 194.4580078125;
 113.9169921875][54.716796875;
 55.2265625;
 44.7646484375;
 22.646484375;
 49.19140625;
 162.541015625;
 194.3291015625;
 114.15234375][54.685546875;
 55.1328125;
 44.677734375;
 22.630859375;
 48.8583984375;
 162.12109375;
 193.8427734375;
 114.11328125][54.724609375;
 55.3369140625;
 44.716796875;
 22.7646484375;
 49.3134765625;
 162.2421875;
 193.4931640625;
 113.8662109375][54.693359375;
 55.2744140625;
 44.8583984375;
 22.681640625;
 49.2509765625;
 162.8505859375;
 193.4228515625;
 113.9326171875][54.720703125;
 55.2705078125;
 44.7802734375;
 21.9052734375;
 49.3876953125;
 162.724609375;
 193.658203125;
 114.3642578125][54.7919921875;
 55.4619140625;
 44.8623046875;
 22.728515625;
 49.2509765625;
 163.203125;
 194.08203125;
 113.4970703125][54.662109375;
 55.23046875;
 44.7568359375;
 22.662109375;
 48.7841796875;
 162.13671875;
 193.552734375;
 113.4697265625][55.15234375;
 55.3095703125;
 44.7998046875;
 22.724609375;
 49.2783203125;
 162.689453125;
 193.4697265625;
 114.24609375][54.716796875;
 55.2666015625;
 44.732421875;
 22.654296875;
 49.2783203125;
 162.18359375;
 193.4580078125;
 113.4189453125][54.607421875;
 55.19140625;
 44.712890625;
 22.630859375;
 48.708984375;
 162.541015625;
 193.1328125;
 113.3251953125][54.591796875;
 55.16796875;
 44.7958984375;
 22.716796875;
 49.20703125;
 162.0859375;
 193.08984375;
 113.2509765625][54.720703125;
 55.23828125;
 44.728515625;
 22.642578125;
 48.8076171875;
 162.693359375;
 193.4814453125;
 114.2265625][54.681640625;
 55.3369140625;
 44.701171875;
 22.681640625;
 49.2109375;
 162.7646484375;
 193.4970703125;
 113.3486328125][54.583984375;
 55.1015625;
 44.681640625;
 22.2626953125;
 48.7568359375;
 162.595703125;
 193.3134765625;
 113.8466796875][54.630859375;
 55.20703125;
 44.8232421875;
 22.681640625;
 49.21875;
 163.4619140625;
 193.9912109375;
 114.638671875][54.748046875;
 55.3681640625;
 44.748046875;
 22.748046875;
 49.3369140625;
 163.548828125;
 193.9521484375;
 114.046875][54.685546875;
 55.3798828125;
 44.8349609375;
 22.720703125;
 49.1796875;
 163.17578125;
 193.9599609375;
 114.2587890625][54.716796875;
 55.3525390625;
 44.8271484375;
 22.712890625;
 49.3291015625;
 162.7958984375;
 193.560546875;
 114.4228515625][54.658203125;
 55.2978515625;
 44.8115234375;
 22.7646484375;
 49.2666015625;
 163.19921875;
 193.744140625;
 114.2861328125][55.15625;
 55.2626953125;
 44.8349609375;
 22.701171875;
 49.3095703125;
 162.3642578125;
 193.3603515625;
 113.9365234375][55.2265625;
 55.3798828125;
 44.8037109375;
 22.7529296875;
 48.8310546875;
 163.654296875;
 193.09765625;
 113.564453125][54.697265625;
 55.2822265625;
 44.677734375;
 22.701171875;
 48.7958984375;
 163.576171875;
 193.3486328125;
 114.3798828125][54.736328125;
 55.3798828125;
 44.8896484375;
 22.740234375;
 49.19140625;
 163.677734375;
 194.13671875;
 114.8544921875][54.7529296875;
 55.24609375;
 44.724609375;
 22.626953125;
 49.109375;
 163.00390625;
 193.3759765625;
 114.626953125][54.740234375;
 55.2939453125;
 44.705078125;
 22.716796875;
 49.23046875;
 162.654296875;
 193.3642578125;
 114.716796875][54.642578125;
 55.2509765625;
 44.8388671875;
 22.705078125;
 49.2861328125;
 162.8232421875;
 193.3056640625;
 113.8505859375][54.697265625;
 55.2939453125;
 44.7685546875;
 22.720703125;
 48.8544921875;
 163.19140625;
 192.9013671875;
 113.697265625][55.23046875;
 55.3916015625;
 44.7919921875;
 22.748046875;
 49.3291015625;
 164.06640625;
 193.12890625;
 114.8466796875][54.744140625;
 55.22265625;
 44.712890625;
 22.642578125;
 49.3017578125;
 163.8740234375;
 193.140625;
 114.740234375][54.7841796875;
 55.0703125;
 44.685546875;
 22.642578125;
 48.7880859375;
 163.8154296875;
 192.9599609375;
 114.654296875][54.708984375;
 55.3486328125;
 44.705078125;
 22.619140625;
 48.8154296875;
 163.19921875;
 193.2548828125;
 114.8779296875][55.0859375;
 55.23046875;
 44.7529296875;
 22.634765625;
 49.17578125;
 162.9404296875;
 193.3291015625;
 114.23828125][54.693359375;
 55.20703125;
 44.744140625;
 22.666015625;
 49.23828125;
 162.673828125;
 193.3955078125;
 114][55.2861328125;
 55.4267578125;
 44.8623046875;
 22.708984375;
 49.3369140625;
 163.19921875;
 193.548828125;
 114.8662109375][54.689453125;
 55.3134765625;
 44.732421875;
 22.716796875;
 49.23046875;
 163.203125;
 192.9521484375;
 114.7529296875][54.623046875;
 55.3251953125;
 44.7685546875;
 22.603515625;
 49.2783203125;
 163.4501953125;
 193.556640625;
 114.7998046875][54.7958984375;
 55.3994140625;
 44.7919921875;
 22.7607421875;
 49.2705078125;
 164.03515625;
 193.08984375;
 114.7529296875][55.16015625;
 55.2705078125;
 44.740234375;
 22.712890625;
 48.7880859375;
 163.015625;
 192.8349609375;
 114.203125][55.19140625;
 55.3095703125;
 44.7841796875;
 22.650390625;
 48.8779296875;
 163.681640625;
 193.595703125;
 114.03515625][54.7685546875;
 55.3173828125;
 44.732421875;
 22.634765625;
 49.3056640625;
 163.078125;
 192.9873046875;
 114.07421875][54.685546875;
 55.3369140625;
 44.685546875;
 22.685546875;
 49.203125;
 162.9521484375;
 192.8623046875;
 114.23828125][54.8466796875;
 55.20703125;
 44.7763671875;
 22.724609375;
 49.2666015625;
 163.9912109375;
 193.02734375;
 114.7763671875][54.724609375;
 55.2861328125;
 44.7919921875;
 22.712890625;
 49.2587890625;
 163.8974609375;
 192.8857421875;
 113.9169921875][54.744140625;
 55.3759765625;
 44.740234375;
 22.748046875;
 48.9443359375;
 164.19921875;
 193.4619140625;
 114.8037109375][54.7646484375;
 55.203125;
 44.7880859375;
 22.708984375;
 49.2705078125;
 163.591796875;
 192.9091796875;
 115.09375][54.654296875;
 55.2666015625;
 44.658203125;
 22.681640625;
 48.740234375;
 163.638671875;
 192.8310546875;
 114.552734375][54.7646484375;
 55.3291015625;
 44.7880859375;
 22.7880859375;
 49.2861328125;
 164.02734375;
 192.9638671875;
 115.203125][54.611328125;
 55.2265625;
 44.568359375;
 22.2900390625;
 48.732421875;
 163.4658203125;
 192.8154296875;
 113.8505859375][54.654296875;
 55.24609375;
 44.595703125;
 22.650390625;
 49.2705078125;
 163.3720703125;
 193.03125;
 114.24609375][54.724609375;
 55.22265625;
 44.662109375;
 22.689453125;
 49.2109375;
 163.8037109375;
 192.9716796875;
 114.21875][54.705078125;
 55.2744140625;
 44.732421875;
 22.658203125;
 48.7685546875;
 163.501953125;
 193.07421875;
 114.654296875][55.18359375;
 55.2705078125;
 44.8662109375;
 22.748046875;
 48.8779296875;
 163.623046875;
 193.0625;
 114.109375][54.7568359375;
 55.2626953125;
 44.7568359375;
 22.697265625;
 49.3603515625;
 163.521484375;
 192.8427734375;
 114.7880859375][55.21484375;
 55.3603515625;
 44.7958984375;
 22.7958984375;
 48.8935546875;
 164.1015625;
 193.1875;
 115.693359375][54.7841796875;
 55.3134765625;
 44.716796875;
 22.705078125;
 49.21484375;
 163.9208984375;
 192.9130859375;
 115.14453125][54.595703125;
 55.1328125;
 44.724609375;
 22.693359375;
 48.8427734375;
 163.8076171875;
 192.9052734375;
 114.3642578125][55.16015625;
 55.3212890625;
 44.677734375;
 22.638671875;
 49.1484375;
 163.9013671875;
 193.4150390625;
 114.3330078125][54.572265625;
 55.22265625;
 44.728515625;
 22.2783203125;
 48.728515625;
 163.8583984375;
 193.0078125;
 113.716796875][55.1640625;
 55.3212890625;
 44.8427734375;
 22.705078125;
 48.8388671875;
 163.9873046875;
 192.9755859375;
 114.4228515625][55.078125;
 55.24609375;
 44.7802734375;
 22.662109375;
 48.8076171875;
 163.9326171875;
 192.9716796875;
 115.11328125][54.638671875;
 55.125;
 44.7685546875;
 22.630859375;
 48.8662109375;
 163.705078125;
 192.724609375;
 115.15234375][54.650390625;
 55.23828125;
 44.7802734375;
 22.3525390625;
 48.662109375;
 164.0390625;
 193.3408203125;
 115.1328125][55.23046875;
 55.3525390625;
 44.8740234375;
 22.7998046875;
 49.2861328125;
 164.203125;
 193.12109375;
 114.8583984375][55.1640625;
 55.3095703125;
 44.8388671875;
 22.740234375;
 49.3095703125;
 163.9482421875;
 193.01953125;
 114.4306640625][55.0546875;
 55.2783203125;
 44.689453125;
 22.669921875;
 49.2666015625;
 163.9091796875;
 192.8544921875;
 114.234375][54.8115234375;
 55.3369140625;
 44.8388671875;
 22.705078125;
 49.2822265625;
 164.10546875;
 193.19140625;
 114.8701171875][54.744140625;
 55.3916015625;
 44.8935546875;
 22.662109375;
 49.3212890625;
 164.0625;
 193.505859375;
 115.595703125][54.630859375;
 55.2783203125;
 44.7568359375;
 22.685546875;
 48.8466796875;
 163.591796875;
 193.046875;
 114.7763671875][54.634765625;
 55.19921875;
 44.720703125;
 22.638671875;
 49.1484375;
 163.8544921875;
 192.8505859375;
 114.552734375][54.630859375;
 55.234375;
 44.8193359375;
 22.646484375;
 49.20703125;
 163.9521484375;
 192.9130859375;
 114.7841796875][54.630859375;
 55.22265625;
 44.7685546875;
 22.662109375;
 48.9091796875;
 163.9482421875;
 193.3369140625;
 114.724609375][54.7685546875;
 55.3603515625;
 44.7763671875;
 22.7607421875;
 48.7958984375;
 164.078125;
 192.9365234375;
 115.3447265625][54.552734375;
 55.2265625;
 44.7763671875;
 22.716796875;
 49.203125;
 163.8037109375;
 192.8662109375;
 113.9794921875][55.1015625;
 55.4345703125;
 44.8388671875;
 22.7841796875;
 49.2705078125;
 163.7880859375;
 193.1796875;
 115.3291015625][54.552734375;
 55.21484375;
 44.654296875;
 22.728515625;
 48.744140625;
 163.9169921875;
 192.9248046875;
 115.1796875][54.564453125;
 55.2265625;
 44.712890625;
 22.646484375;
 48.8388671875;
 163.3955078125;
 193.2978515625;
 114.740234375][54.638671875;
 55.3212890625;
 44.8232421875;
 22.685546875;
 49.3095703125;
 163.716796875;
 193.08203125;
 114.8427734375][54.611328125;
 55.1875;
 44.658203125;
 22.638671875;
 48.7646484375;
 163.4384765625;
 193.3916015625;
 114.669921875][54.646484375;
 55.3291015625;
 44.7685546875;
 22.728515625;
 49.2421875;
 164.1015625;
 193.03125;
 115.1875][55.11328125;
 55.2900390625;
 44.8154296875;
 22.626953125;
 49.3798828125;
 163.9404296875;
 193.4853515625;
 114.3603515625][54.7724609375;
 55.3291015625;
 44.701171875;
 22.3447265625;
 49.24609375;
 163.619140625;
 193.4853515625;
 114.7919921875][54.7685546875;
 55.2744140625;
 44.740234375;
 22.673828125;
 49.24609375;
 164.02734375;
 193.4541015625;
 114.8583984375][55.09375;
 55.3759765625;
 44.626953125;
 22.638671875;
 48.8544921875;
 164.09765625;
 193.4892578125;
 115.517578125][54.8037109375;
 55.2783203125;
 44.7763671875;
 22.744140625;
 49.3251953125;
 164.01171875;
 193.23046875;
 114.736328125][55.2509765625;
 55.4462890625;
 44.716796875;
 22.744140625;
 49.3251953125;
 163.650390625;
 193.12109375;
 115.23828125][54.689453125;
 55.2744140625;
 44.720703125;
 22.23828125;
 48.8623046875;
 163.517578125;
 193.537109375;
 115.11328125][55.12109375;
 55.3095703125;
 44.8271484375;
 22.693359375;
 49.2939453125;
 163.14453125;
 193.3798828125;
 114.7529296875][54.591796875;
 55.1953125;
 44.693359375;
 22.646484375;
 49.2109375;
 163.505859375;
 193.15234375;
 114.669921875][54.8466796875;
 55.513671875;
 44.8583984375;
 22.7958984375;
 48.8974609375;
 163.7919921875;
 193.05859375;
 115.3095703125][54.681640625;
 55.2861328125;
 44.744140625;
 22.662109375;
 49.15625;
 163.9091796875;
 193.109375;
 114.3720703125][54.744140625;
 55.3408203125;
 44.8505859375;
 22.623046875;
 49.3212890625;
 163.689453125;
 193.4033203125;
 114.662109375][54.736328125;
 55.3994140625;
 44.8232421875;
 22.724609375;
 49.3291015625;
 164.23046875;
 193.576171875;
 115.8154296875][55.15234375;
 55.24609375;
 44.736328125;
 22.720703125;
 48.8466796875;
 163.3056640625;
 192.9755859375;
 115.2861328125][54.607421875;
 55.3056640625;
 44.708984375;
 22.673828125;
 49.21484375;
 163.689453125;
 193.3525390625;
 114.8076171875][54.689453125;
 55.3056640625;
 44.8466796875;
 22.740234375;
 48.8857421875;
 163.732421875;
 193.587890625;
 115.3134765625][54.732421875;
 55.3291015625;
 44.744140625;
 22.748046875;
 49.16796875;
 163.9873046875;
 193.4658203125;
 114.4150390625][54.740234375;
 55.3134765625;
 44.7763671875;
 22.732421875;
 49.2783203125;
 163.650390625;
 193.1875;
 114.9052734375][54.677734375;
 55.19140625;
 44.689453125;
 22.599609375;
 48.7880859375;
 163.4970703125;
 193.4541015625;
 115.06640625][54.732421875;
 55.3330078125;
 44.8310546875;
 22.677734375;
 49.3837890625;
 163.2783203125;
 193.4228515625;
 115.12890625][54.587890625;
 55.2626953125;
 44.8193359375;
 22.662109375;
 49.17578125;
 163.171875;
 193.8271484375;
 114.8232421875][54.7880859375;
 55.3291015625;
 44.720703125;
 22.705078125;
 49.234375;
 163.16796875;
 193.603515625;
 115.7802734375][54.677734375;
 55.24609375;
 44.8779296875;
 22.2626953125;
 48.7724609375;
 163.1484375;
 193.3486328125;
 115.4345703125][54.7724609375;
 55.3955078125;
 44.7998046875;
 22.724609375;
 49.2978515625;
 163.3134765625;
 193.720703125;
 115.732421875][54.611328125;
 55.1875;
 44.7685546875;
 22.634765625;
 48.8193359375;
 163.587890625;
 193.3759765625;
 114.662109375][54.7607421875;
 55.2548828125;
 44.689453125;
 22.7568359375;
 49.19140625;
 162.720703125;
 193.8974609375;
 115.689453125][54.7724609375;
 55.2978515625;
 44.7763671875;
 22.697265625;
 49.2939453125;
 163.2822265625;
 193.3798828125;
 115.716796875][54.701171875;
 55.2783203125;
 44.8193359375;
 22.3330078125;
 49.3251953125;
 163.3173828125;
 193.9755859375;
 115.2626953125][54.8466796875;
 55.4423828125;
 44.8349609375;
 22.724609375;
 49.2900390625;
 163.4228515625;
 194.1015625;
 116.1953125][54.603515625;
 55.2861328125;
 44.7685546875;
 22.669921875;
 49.171875;
 163.12109375;
 193.3837890625;
 114.693359375][55.21484375;
 55.3681640625;
 44.8271484375;
 22.7646484375;
 48.9052734375;
 163.0234375;
 194.16015625;
 115.3564453125][54.740234375;
 55.23828125;
 44.7958984375;
 22.599609375;
 48.7919921875;
 163.1796875;
 193.8896484375;
 115.203125][54.748046875;
 55.3720703125;
 44.8310546875;
 22.724609375;
 48.9091796875;
 163.2978515625;
 194.525390625;
 115.3369140625][55.22265625;
 55.2744140625;
 44.7763671875;
 22.638671875;
 49.4150390625;
 163.4619140625;
 194.4345703125;
 116.234375][54.568359375;
 55.1796875;
 44.623046875;
 22.611328125;
 49.16015625;
 163.1875;
 194.3486328125;
 115.517578125][54.8115234375;
 55.3994140625;
 44.8310546875;
 22.705078125;
 49.3642578125;
 163.4345703125;
 194.4970703125;
 115.8115234375][54.681640625;
 55.2509765625;
 44.744140625;
 22.646484375;
 49.2509765625;
 163.16015625;
 194.01171875;
 115.22265625][54.623046875;
 55.19140625;
 44.732421875;
 22.623046875;
 48.8232421875;
 163.4267578125;
 193.646484375;
 115.1640625][55.1171875;
 55.22265625;
 44.8310546875;
 22.712890625;
 48.8193359375;
 162.7646484375;
 194.3330078125;
 115.9912109375][54.716796875;
 55.3251953125;
 44.720703125;
 22.658203125;
 48.8427734375;
 162.8505859375;
 193.8701171875;
 115.22265625][54.587890625;
 55.3330078125;
 44.712890625;
 22.623046875;
 48.7529296875;
 164.14453125;[55.599609375;
 55.2861328125;
 44.2421875;
 22.623046875;
 48.732421875;
 162.541015625;
 193.9130859375;
 114.654296875]