[57.15234375;
 58.8310546875;
 46.9560546875;
 23.4462890625;
 54.9951171875;
 151.4892578125;
 185.509765625;
 110.580078125][56.2861328125;
 58.736328125;
 46.3681640625;
 23.3447265625;
 54.9599609375;
 151.4306640625;
 185.4501953125;
 110.4267578125][57.4697265625;
 58.7763671875;
 46.560546875;
 23.4306640625;
 55.05859375;
 151.662109375;
 185.14453125;
 110.638671875][56.626953125;
 58.7724609375;
 46.4736328125;
 23.3095703125;
 54.9599609375;
 151.4541015625;
 184.9755859375;
 110.505859375][56.4150390625;
 58.9248046875;
 46.583984375;
 23.3408203125;
 54.9482421875;
 151.564453125;
 185.1015625;
 110.556640625][56.3330078125;
 58.8037109375;
 46.576171875;
 23.3056640625;
 55.16015625;
 152.0546875;
 185.15234375;
 110.689453125][57.1953125;
 58.9365234375;
 46.693359375;
 23.3837890625;
 55.04296875;
 152.9912109375;
 185.2509765625;
 110.7763671875][56.623046875;
 58.8154296875;
 46.4931640625;
 23.3408203125;
 55.03515625;
 152.3759765625;
 184.8310546875;
 110.583984375][56.2587890625;
 58.634765625;
 46.4970703125;
 23.2783203125;
 55.01171875;
 151.7919921875;
 185.2509765625;
 110.517578125][56.3056640625;
 58.8974609375;
 46.4541015625;
 23.3251953125;
 54.9951171875;
 152.3056640625;
 185.03515625;
 110.615234375][56.748046875;
 58.736328125;
 46.681640625;
 23.4345703125;
 55.08203125;
 152.3955078125;
 185.9716796875;
 110.619140625][56.544921875;
 58.7646484375;
 46.4111328125;
 23.3134765625;
 55.04296875;
 151.9404296875;
 185.740234375;
 110.509765625][56.3251953125;
 58.7646484375;
 46.501953125;
 23.3447265625;
 55.06640625;
 152.9208984375;
 185.529296875;
 110.673828125][56.3447265625;
 58.646484375;
 46.642578125;
 23.4111328125;
 55.01953125;
 153.4580078125;
 185.0390625;
 110.580078125][57.09375;
 58.8544921875;
 46.513671875;
 23.3525390625;
 55.0390625;
 153.20703125;
 185.10546875;
 110.607421875][57.568359375;
 58.8232421875;
 46.611328125;
 23.3759765625;
 55.01953125;
 151.521484375;
 185.658203125;
 110.626953125][57.15625;
 58.8388671875;
 46.650390625;
 23.4501953125;
 55.06640625;
 152.078125;
 186.17578125;
 110.732421875][56.2265625;
 58.666015625;
 46.501953125;
 23.3408203125;
 54.8701171875;
 151.7958984375;
 185.8779296875;
 110.509765625][56.3759765625;
 59.2900390625;
 46.638671875;
 23.3759765625;
 55.09765625;
 152.4111328125;
 186.0234375;
 110.607421875][56.234375;
 58.9091796875;
 46.525390625;
 23.3642578125;
 54.8740234375;
 152.4736328125;
 185.7841796875;
 110.9677734375][56.537109375;
 58.7607421875;
 46.4619140625;
 23.3681640625;
 54.517578125;
 153.11328125;
 185.552734375;
 110.9482421875][56.140625;
 58.8779296875;
 46.521484375;
 23.4423828125;
 54.8857421875;
 152.8115234375;
 185.0859375;
 110.587890625][56.9326171875;
 58.2861328125;
 46.3603515625;
 23.2900390625;
 54.9599609375;
 151.8349609375;
 185.3447265625;
 110.4736328125][56.537109375;
 58.697265625;
 46.3447265625;
 23.3955078125;
 54.7802734375;
 152.2900390625;
 185.8974609375;
 110.3916015625][56.541015625;
 58.4267578125;
 46.595703125;
 23.3916015625;
 54.9287109375;
 152.7685546875;
 185.701171875;
 110.501953125][57.02734375;
 58.654296875;
 46.576171875;
 23.3994140625;
 54.9248046875;
 152.4384765625;
 185.9091796875;
 110.650390625][57.19140625;
 58.3408203125;
 46.4697265625;
 23.4072265625;
 54.9521484375;
 152.3642578125;
 185.9951171875;
 110.580078125][56.697265625;
 58.8154296875;
 46.595703125;
 23.3798828125;
 54.9833984375;
 153.20703125;
 185.548828125;
 111.109375][57.9794921875;
 58.8154296875;
 46.572265625;
 23.4775390625;
 54.9482421875;
 152.234375;
 185.642578125;
 110.568359375][57.3798828125;
 58.7646484375;
 46.4736328125;
 23.3017578125;
 54.9013671875;
 151.8662109375;
 185.7802734375;
 110.556640625][56.9443359375;
 59.1015625;
 46.521484375;
 23.4501953125;
 54.9443359375;
 152.20703125;
 185.8037109375;
 110.4931640625][57.3095703125;
 58.8271484375;
 46.646484375;
 23.509765625;
 55.109375;
 152.7490234375;
 186.3447265625;
 110.2587890625][57.591796875;
 58.8583984375;
 47.12109375;
 23.4697265625;
 55.14453125;
 152.4970703125;
 185.9521484375;
 110.689453125][57.4267578125;
 58.7685546875;
 46.3837890625;
 23.4072265625;
 54.9560546875;
 152.740234375;
 185.4736328125;
 110.650390625][57.9365234375;
 58.3681640625;
 46.513671875;
 23.4501953125;
 55.0234375;
 152.4814453125;
 185.9638671875;
 111.15234375][57.8740234375;
 58.7724609375;
 46.4892578125;
 23.4150390625;
 55.0234375;
 152.2109375;
 185.9169921875;
 110.572265625][57.9013671875;
 59.1328125;
 47.015625;
 23.4814453125;
 55.0390625;
 152.3876953125;
 185.9716796875;
 110.666015625][57.01953125;
 59.1953125;
 46.591796875;
 23.4736328125;
 54.9404296875;
 152.9248046875;
 185.3564453125;
 110.587890625][57.587890625;
 58.8037109375;
 46.626953125;
 23.4697265625;
 55.0390625;
 152.4541015625;
 185.8974609375;
 110.748046875][57.4345703125;
 58.4111328125;
 46.537109375;
 23.4462890625;
 54.9521484375;
 152.2783203125;
 185.3759765625;
 110.4892578125][57.8076171875;
 58.732421875;
 46.4736328125;
 23.4111328125;
 54.9130859375;
 152.673828125;
 185.724609375;
 111.0078125][57.595703125;
 58.7958984375;
 46.634765625;
 23.8974609375;
 54.9248046875;
 152.3916015625;
 186.2626953125;
 110.689453125][57.12890625;
 58.8037109375;
 46.533203125;
 23.3994140625;
 55.078125;
 152.697265625;
 185.22265625;
 110.537109375][57.560546875;
 58.8623046875;
 46.677734375;
 23.3876953125;
 55.14453125;
 152.740234375;
 185.681640625;
 110.705078125][58.03515625;
 58.9208984375;
 46.662109375;
 23.4306640625;
 55.02734375;
 152.740234375;
 185.9755859375;
 110.693359375][57.501953125;
 59.23046875;
 46.4736328125;
 23.4150390625;
 55.04296875;
 152.234375;
 185.8779296875;
 110.505859375][57.552734375;
 59.3251953125;
 46.541015625;
 23.4111328125;
 55.0703125;
 152.3876953125;
 186.4150390625;
 111.046875][57.4072265625;
 58.7568359375;
 46.583984375;
 23.4462890625;
 54.9326171875;
 152.21484375;
 185.9052734375;
 110.544921875][57.08203125;
 58.7724609375;
 46.595703125;
 23.3994140625;
 54.9404296875;
 152.3486328125;
 185.9951171875;
 110.611328125][58.11328125;
 58.9248046875;
 46.662109375;
 23.4853515625;
 55.09375;
 152.3486328125;
 185.9443359375;
 110.654296875][57.4423828125;
 59.1640625;
 46.552734375;
 23.4462890625;
 55;
 152.2861328125;
 185.572265625;
 110.587890625][57.4697265625;
 58.8310546875;
 46.509765625;
 23.4267578125;
 54.9833984375;
 152.13671875;
 185.3994140625;
 110.517578125][57.4853515625;
 58.8662109375;
 46.580078125;
 23.4736328125;
 54.9560546875;
 152.3408203125;
 185.8427734375;
 110.599609375][57.587890625;
 58.4306640625;
 47.0859375;
 23.8388671875;
 54.9873046875;
 152.3837890625;
 185.9013671875;
 110.673828125][57.3759765625;
 58.3134765625;
 46.9951171875;
 23.3486328125;
 54.9833984375;
 152.15234375;
 186.19140625;
 110.505859375][57.509765625;
 59.2861328125;
 46.568359375;
 23.3603515625;
 54.8896484375;
 152.4423828125;
 186.4228515625;
 110.720703125][57.4970703125;
 58.7841796875;
 46.556640625;
 23.4111328125;
 54.9599609375;
 152.22265625;
 185.544921875;
 110.740234375][57.09765625;
 58.8662109375;
 46.615234375;
 23.4462890625;
 54.9951171875;
 152.576171875;
 186.4033203125;
 110.669921875][57.1640625;
 58.7763671875;
 46.501953125;
 23.4228515625;
 54.9521484375;
 152.2744140625;
 185.541015625;
 110.650390625][57.3173828125;
 59.16796875;
 46.529296875;
 23.3720703125;
 54.9873046875;
 152.2939453125;
 186.2421875;
 110.17578125][58.08984375;
 59.2587890625;
 46.638671875;
 23.4501953125;
 54.9404296875;
 152.3564453125;
 185.619140625;
 111.2509765625][57.12109375;
 58.658203125;
 46.4658203125;
 23.3916015625;
 54.8896484375;
 152.2666015625;
 186.529296875;
 110.21484375][57.12890625;
 59.18359375;
 46.505859375;
 23.24609375;
 55.01171875;
 152.19140625;
 186.4306640625;
 110.15234375][57.4423828125;
 58.3134765625;
 46.4072265625;
 23.3837890625;
 54.9013671875;
 152.1875;
 186.12109375;
 110.548828125][57.9169921875;
 58.9013671875;
 46.3798828125;
 23.4306640625;
 54.9599609375;
 152.19140625;
 185.8740234375;
 110.591796875][57.1328125;
 59.3173828125;
 46.513671875;
 23.3994140625;
 55.08203125;
 153.2265625;
 185.4931640625;
 110.3408203125][57.591796875;
 58.7802734375;
 46.587890625;
 23.3408203125;
 55.00390625;
 152.634765625;
 185.1875;
 110.9521484375][56.591796875;
 59.21875;
 46.572265625;
 23.4189453125;
 55.0234375;
 153.109375;
 186.0390625;
 110.08203125][57.2548828125;
 59.3408203125;
 46.595703125;
 23.4267578125;
 55.17578125;
 152.568359375;
 186.4697265625;
 110.7685546875][57.4541015625;
 58.8271484375;
 46.505859375;
 23.4072265625;
 54.9873046875;
 152.9326171875;
 186.4501953125;
 110.1796875][57.576171875;
 58.9755859375;
 46.666015625;
 23.4970703125;
 55.09375;
 152.8154296875;
 186.501953125;
 111.15625][57.529296875;
 58.8310546875;
 46.634765625;
 23.4697265625;
 55.05078125;
 152.24609375;
 185.564453125;
 110.234375][57.05078125;
 58.736328125;
 46.548828125;
 23.3642578125;
 54.9912109375;
 152.505859375;
 185.12109375;
 110.556640625][57.9169921875;
 58.9443359375;
 46.623046875;
 23.4423828125;
 55.05078125;
 153.4736328125;
 185.3955078125;
 110.3564453125][57.3603515625;
 58.732421875;
 46.4658203125;
 23.4306640625;
 54.9873046875;
 152.607421875;
 186.0078125;
 110.16796875][57.4580078125;
 58.2861328125;
 46.4853515625;
 23.3955078125;
 54.9248046875;
 152.681640625;
 186.4697265625;
 110.607421875][57.8037109375;
 58.7763671875;
 46.9208984375;
 23.3369140625;
 54.9443359375;
 151.9208984375;
 185.9833984375;
 110.552734375][57.9130859375;
 58.4072265625;
 46.548828125;
 23.3642578125;
 55.0390625;
 152.8544921875;
 185.646484375;
 110.3056640625][57.06640625;
 58.4697265625;
 46.4736328125;
 23.3916015625;
 54.9951171875;
 153.1328125;
 185.015625;
 109.677734375][57.568359375;
 59.2978515625;
 46.650390625;
 23.548828125;
 55.12109375;
 153.23046875;
 185.2900390625;
 110.701171875][57.1015625;
 59.1171875;
 46.4267578125;
 23.3564453125;
 54.8662109375;
 152.08203125;
 185.4580078125;
 110.18359375][57.1484375;
 58.8037109375;
 46.9365234375;
 23.4814453125;
 55.04296875;
 152.8857421875;
 186.7802734375;
 110.4189453125][57.564453125;
 59.2666015625;
 46.576171875;
 23.4541015625;
 55.07421875;
 152.7998046875;
 186.623046875;
 110.646484375][57.1484375;
 58.8857421875;
 46.568359375;
 23.4501953125;
 54.9951171875;
 152.8076171875;
 185.595703125;
 110.693359375][57.533203125;
 58.9794921875;
 46.658203125;
 23.4853515625;
 55.08984375;
 153.16796875;
 185.583984375;
 110.3564453125][56.9638671875;
 58.740234375;
 46.4541015625;
 23.4033203125;
 54.8544921875;
 153.03125;
 185.4853515625;
 109.9912109375][58.0078125;
 58.8623046875;
 46.560546875;
 23.4736328125;
 55.1640625;
 153.3642578125;
 185.7607421875;
 110.7919921875][57.4892578125;
 58.7724609375;
 46.638671875;
 23.4619140625;
 54.9521484375;
 152.9130859375;
 185.740234375;
 110.701171875][57.4892578125;
 58.9404296875;
 47.140625;
 23.4111328125;
 55.08984375;
 152.521484375;
 186.140625;
 110.8037109375][56.9833984375;
 58.7763671875;
 46.3369140625;
 23.3486328125;
 54.9599609375;
 152.09765625;
 185.9404296875;
 110.4462890625][57.109375;
 58.8818359375;
 46.591796875;
 23.4501953125;
 54.9716796875;
 152.9365234375;
 185.541015625;
 110.658203125][57.24609375;
 59.2822265625;
 46.701171875;
 23.9013671875;
 55.08203125;
 152.8974609375;
 185.7568359375;
 111.19921875][57.0546875;
 58.8154296875;
 46.568359375;
 23.501953125;
 55.015625;
 152.716796875;
 185.689453125;
 110.3759765625][57.4892578125;
 58.4814453125;
 46.712890625;
 23.4892578125;
 55.15625;
 152.8310546875;
 185.8857421875;
 110.8740234375][57.8115234375;
 58.3134765625;
 46.3798828125;
 23.4111328125;
 54.9130859375;
 152.677734375;
 185.4736328125;
 110.537109375][57.564453125;
 58.8232421875;
 46.576171875;
 23.4423828125;
 55.10546875;
 153.06640625;
 187.1015625;
 110.7568359375][57.8662109375;
 58.7529296875;
 46.4541015625;
 23.4033203125;
 55.03125;
 152.3681640625;
 185.9208984375;
 110.1875][57.4970703125;
 59.21875;
 47.04296875;
 23.4111328125;
 55.02734375;
 153.2900390625;
 186.09375;
 110.2705078125][57.4814453125;
 58.3759765625;
 47.03515625;
 23.4267578125;
 55.046875;
 152.2509765625;
 185.4814453125;
 110.23828125][57.9482421875;
 58.3916015625;
 46.634765625;
 23.3955078125;
 54.9912109375;
 152.7724609375;
 185.681640625;
 110.3525390625][57.525390625;
 58.7919921875;
 46.568359375;
 23.4541015625;
 55.12890625;
 153.22265625;
 185.7568359375;
 110.716796875][57.4033203125;
 58.701171875;
 46.8974609375;
 23.4228515625;
 54.9208984375;
 152.7958984375;
 185.591796875;
 110.595703125][57.9951171875;
 59.20703125;
 46.583984375;
 23.4619140625;
 55.03515625;
 152.8271484375;
 186.2822265625;
 110.8505859375][57.533203125;
 58.4228515625;
 47.03125;
 23.4423828125;
 55.09375;
 153.19140625;
 186.12890625;
 110.744140625][57.9013671875;
 58.697265625;
 46.501953125;
 23.4423828125;
 54.9287109375;
 152.3564453125;
 185.626953125;
 110.638671875][57.9365234375;
 58.4306640625;
 46.623046875;
 23.4072265625;
 54.9169921875;
 152.8544921875;
 186.01171875;
 110.744140625][56.23828125;
 58.7568359375;
 46.4462890625;
 23.4111328125;
 55.0234375;
 152.3837890625;
 186.05859375;
 110.11328125][57.15625;
 58.3330078125;
 46.552734375;
 23.3759765625;
 54.9912109375;
 152.8623046875;
 185.630859375;
 110.7919921875][56.9833984375;
 58.3056640625;
 46.4970703125;
 23.3447265625;
 54.8857421875;
 152.654296875;
 185.9912109375;
 110.2861328125][57.3994140625;
 58.732421875;
 46.4384765625;
 23.3486328125;
 54.9638671875;
 152.716796875;
 186.06640625;
 109.677734375][57.18359375;
 58.8115234375;
 46.693359375;
 23.4345703125;
 55.0078125;
 152.9052734375;
 186.1953125;
 110.658203125][57.564453125;
 58.9873046875;
 47.16015625;
 23.8505859375;
 55.05078125;
 153.4462890625;
 185.7919921875;
 110.4072265625][57.8935546875;
 58.8115234375;
 46.591796875;
 23.4736328125;
 55.03515625;
 152.8505859375;
 185.638671875;
 111.203125][57.521484375;
 59.2978515625;
 46.564453125;
 23.4736328125;
 54.9560546875;
 152.9208984375;
 185.7724609375;
 111.2109375][57.4111328125;
 58.4345703125;
 46.4814453125;
 23.4267578125;
 54.8818359375;
 152.8076171875;
 186.05078125;
 110.646484375][57.8974609375;
 58.7763671875;
 46.4970703125;
 23.4345703125;
 55.01953125;
 152.681640625;
 185.8935546875;
 111.04296875][57.109375;
 58.8037109375;
 46.4736328125;
 23.3564453125;
 55.00390625;
 152.3955078125;
 186.01171875;
 111.17578125][56.7568359375;
 59.19140625;
 46.533203125;
 23.3994140625;
 54.8935546875;
 152.716796875;
 186.02734375;
 110.748046875][57.12890625;
 58.8154296875;
 46.630859375;
 23.4150390625;
 55.00390625;
 152.7763671875;
 186.08203125;
 110.720703125][57.560546875;
 58.4423828125;
 46.533203125;
 23.4228515625;
 55.09765625;
 153.3056640625;
 185.513671875;
 110.2666015625][57.9638671875;
 59.0078125;
 47.1015625;
 23.4462890625;
 55.0546875;
 152.8740234375;
 186.2939453125;
 110.8427734375][57.8662109375;
 58.7919921875;
 46.537109375;
 23.3564453125;
 54.9287109375;
 152.634765625;
 185.8935546875;
 110.16015625][57.9755859375;
 58.7763671875;
 46.607421875;
 23.4619140625;
 55.0859375;
 153.3486328125;
 186.125;
 110.8193359375][57.4267578125;
 58.3564453125;
 46.568359375;
 23.3720703125;
 55.0234375;
 152.8818359375;
 186.14453125;
 110.669921875][57.8701171875;
 58.8154296875;
 46.525390625;
 23.3994140625;
 54.9560546875;
 153.3837890625;
 186.0859375;
 110.689453125][57.9482421875;
 58.3759765625;
 46.544921875;
 23.8193359375;
 55.015625;
 152.9091796875;
 186.203125;
 110.697265625][57.564453125;
 58.8466796875;
 46.552734375;
 23.8232421875;
 55.0546875;
 152.9716796875;
 186.15625;
 110.8466796875][57.8544921875;
 58.8779296875;
 46.4775390625;
 23.4658203125;
 55.06640625;
 152.7490234375;
 186.15625;
 110.626953125][57.9794921875;
 58.3369140625;
 46.580078125;
 23.4541015625;
 55;
 152.740234375;
 186.0234375;
 110.654296875][56.708984375;
 58.8154296875;
 46.599609375;
 23.3916015625;
 55.03125;
 152.8466796875;
 185.9052734375;
 110.21875][58.01171875;
 58.8544921875;
 46.603515625;
 23.4658203125;
 55.015625;
 152.9013671875;
 186.05078125;
 110.681640625][57.0390625;
 58.7529296875;
 46.505859375;
 23.3994140625;
 55.02734375;
 152.8037109375;
 186.0078125;
 110.654296875][57.9482421875;
 59.17578125;
 46.4462890625;
 23.4228515625;
 55.015625;
 152.9560546875;
 186.08203125;
 110.203125][57.8662109375;
 58.4736328125;
 46.572265625;
 23.3955078125;
 54.9169921875;
 152.744140625;
 185.9326171875;
 110.1953125][56.587890625;
 58.728515625;
 46.611328125;
 23.8701171875;
 54.9951171875;
 153.21875;
 185.513671875;
 110.564453125][57.046875;
 58.8544921875;
 46.595703125;
 23.3994140625;
 54.9951171875;
 153.19921875;
 186.12109375;
 110.732421875][57.9052734375;
 58.8310546875;
 47.07421875;
 23.4189453125;
 55.02734375;
 152.7568359375;
 186.1640625;
 110.3447265625][57.8037109375;
 58.673828125;
 46.9677734375;
 23.3955078125;
 55.02734375;
 153.2939453125;
 186.0078125;
 110.537109375][57.568359375;
 58.4775390625;
 47.05078125;
 23.505859375;
 55.10546875;
 152.9443359375;
 186.171875;
 111.3759765625][57.4580078125;
 59.19921875;
 46.505859375;
 23.4228515625;
 54.9599609375;
 152.712890625;
 185.8583984375;
 111.14453125][57.4619140625;
 59.3017578125;
 46.537109375;
 23.4658203125;
 54.9248046875;
 152.8076171875;
 186.12109375;
 111.11328125][57.580078125;
 58.9833984375;
 46.615234375;
 23.533203125;
 55.12890625;
 152.4462890625;
 186.109375;
 111.2421875][57.591796875;
 58.8427734375;
 46.646484375;
 23.513671875;
 55.03515625;
 152.9482421875;
 186.19140625;
 111.2548828125][57.673828125;
 59.3251953125;
 46.587890625;
 22.9912109375;
 55.0546875;
 152.8896484375;
 186.140625;
 111.1796875][57.8896484375;
 58.8232421875;
 46.4775390625;
 23.03515625;
 54.9443359375;
 152.736328125;
 186.10546875;
 110.2109375][57.1796875;
 59.2783203125;
 46.572265625;
 23.9130859375;
 55.03515625;
 152.7763671875;
 186.09765625;
 110.732421875][57.591796875;
 58.8388671875;
 46.583984375;
 23.4189453125;
 55.00390625;
 152.8857421875;
 186.2509765625;
 110.7958984375][57.4580078125;
 58.3720703125;
 46.552734375;
 23.4033203125;
 55.08203125;
 153.2666015625;
 186.09765625;
 110.7802734375][57.591796875;
 58.7607421875;
 47.00390625;
 23.4697265625;
 55.02734375;
 153.3330078125;
 186.2109375;
 110.8232421875][57.9365234375;
 58.3212890625;
 46.9873046875;
 23.4189453125;
 55.01171875;
 152.8037109375;
 186.09375;
 111.0625][58.0625;
 59.3134765625;
 46.654296875;
 23.9130859375;
 55.03515625;
 153.09765625;
 186.3642578125;
 111.2861328125][57.650390625;
 58.4892578125;
 46.669921875;
 23.4541015625;
 55.13671875;
 153.0390625;
 186.1171875;
 111.16015625][56.673828125;
 58.3994140625;
 46.4501953125;
 23.4072265625;
 55.05859375;
 152.708984375;
 185.9951171875;
 110.623046875][57.19140625;
 58.8466796875;
 46.638671875;
 23.4345703125;
 55.10546875;
 153.3564453125;
 186.1875;
 110.728515625][57.8466796875;
 58.8076171875;
 46.505859375;
 23.4384765625;
 54.9443359375;
 152.9052734375;
 186.109375;
 110.681640625][57.4775390625;
 59.2822265625;
 47.0625;
 23.4658203125;
 55.07421875;
 152.9677734375;
 186.572265625;
 110.7763671875][56.599609375;
 58.3134765625;
 46.4697265625;
 23.3916015625;
 55.0078125;
 151.9794921875;
 186.3720703125;
 110.630859375][56.9873046875;
 58.740234375;
 46.591796875;
 23.3486328125;
 55.0078125;
 152.501953125;
 186.4580078125;
 111][56.642578125;
 58.7841796875;
 46.521484375;
 23.3056640625;
 54.9326171875;
 152.7568359375;
 186.0625;
 110.560546875][57.06640625;
 58.8583984375;
 46.517578125;
 23.3525390625;
 55.03515625;
 152.4501953125;
 186.16796875;
 110.736328125][57.513671875;
 58.7802734375;
 46.4306640625;
 23.4462890625;
 55.01953125;
 152.4306640625;
 185.720703125;
 110.3056640625][57.046875;
 59.140625;
 46.537109375;
 23.3525390625;
 54.9638671875;
 152.4150390625;
 186.109375;
 110.3486328125][57.15234375;
 58.8388671875;
 46.517578125;
 23.4072265625;
 55;
 152.7841796875;
 186.1015625;
 111.15234375][56.572265625;
 58.3173828125;
 46.513671875;
 23.3056640625;
 55.01171875;
 151.9521484375;
 185.9404296875;
 110.21484375][57.529296875;
 58.712890625;
 46.3486328125;
 23.4189453125;
 54.8388671875;
 152.3212890625;
 186.4501953125;
 110.603515625][56.15234375;
 58.8193359375;
 46.3876953125;
 23.4228515625;
 54.9521484375;
 152.3486328125;
 186.3720703125;
 110.595703125][57.4970703125;
 58.3876953125;
 46.556640625;
 23.4267578125;
 55.01171875;
 1[56.591796875;
 58.8662109375;
 46.2109375;
 23.3447265625;
 54.9208984375;
 152.3564453125;
 185.646484375;
 110.1015625]