3D [-292.57089, -27.713436, 1384.1143;
 -300.21759, -71.942078, 1354.5371;
 -279.17868, -67.725105, 1401.5112;
 -289.89624, -85.537735, 1372.4392;
 41.662212, 121.48172, 1328.6038;
 66.511269, 121.45822, 1372.3899;
 120.52271, 120.53658, 1467.3265]temp: [-300.21759, -71.942078, 1354.5371;
 -279.17868, -67.725105, 1401.5112;
 -289.89624, -85.537735, 1372.4392;
 -292.57089, -27.713436, 1384.1143]temp: [66.511269, 121.45822, 1372.3899;
 120.52271, 120.53658, 1467.3265;
 41.662212, 121.48172, 1328.6038]3D [-292.57089, -27.713436, 1384.1143;
 -300.21759, -71.942078, 1354.5371;
 -279.17868, -67.725105, 1401.5112;
 -289.89624, -85.537735, 1372.4392;
 41.662212, 121.48172, 1328.6038;
 66.511269, 121.45822, 1372.3899;
 120.52271, 120.53658, 1467.3265]temp: [-300.21759, -71.942078, 1354.5371;
 -279.17868, -67.725105, 1401.5112;
 -289.89624, -85.537735, 1372.4392;
 -292.57089, -27.713436, 1384.1143]temp: [66.511269, 121.45822, 1372.3899;
 120.52271, 120.53658, 1467.3265;
 41.662212, 121.48172, 1328.6038]3D [-292.59317, -27.707754, 1384.1088;
 -300.26639, -71.940498, 1354.62;
 -279.17136, -67.714943, 1401.4152;
 -289.91702, -85.522667, 1372.4136;
 41.648823, 121.47659, 1328.5563;
 66.497635, 121.45167, 1372.3138;
 120.51228, 120.52215, 1467.2861]temp: [-300.26639, -71.940498, 1354.62;
 -279.17136, -67.714943, 1401.4152;
 -289.91702, -85.522667, 1372.4136;
 -292.59317, -27.707754, 1384.1088]temp: [66.497635, 121.45167, 1372.3138;
 120.51228, 120.52215, 1467.2861;
 41.648823, 121.47659, 1328.5563]3D [-292.55594, -27.712992, 1384.0836;
 -300.22415, -71.935417, 1354.5687;
 -279.18539, -67.722008, 1401.5972;
 -289.89825, -85.536598, 1372.4532;
 41.660988, 121.51445, 1328.6198;
 66.504349, 121.49915, 1372.3892;
 120.50237, 120.59468, 1467.2927]temp: [-300.22415, -71.935417, 1354.5687;
 -279.18539, -67.722008, 1401.5972;
 -289.89825, -85.536598, 1372.4532;
 -292.55594, -27.712992, 1384.0836]temp: [66.504349, 121.49915, 1372.3892;
 120.50237, 120.59468, 1467.2927;
 41.660988, 121.51445, 1328.6198]3D [-292.57135, -27.714979, 1384.1174;
 -300.22321, -71.943451, 1354.5537;
 -279.16638, -67.721809, 1401.5293;
 -289.93307, -85.544556, 1372.5809;
 41.659412, 121.51944, 1328.6334;
 66.503883, 121.50143, 1372.3865;
 120.50631, 120.60059, 1467.3259]temp: [-300.22321, -71.943451, 1354.5537;
 -279.16638, -67.721809, 1401.5293;
 -289.93307, -85.544556, 1372.5809;
 -292.57135, -27.714979, 1384.1174]temp: [66.503883, 121.50143, 1372.3865;
 120.50631, 120.60059, 1467.3259;
 41.659412, 121.51944, 1328.6334]3D [-292.56744, -27.716932, 1384.1322;
 -300.22476, -71.946266, 1354.5898;
 -279.19473, -67.735542, 1401.6251;
 -289.89294, -85.539352, 1372.4563;
 41.658314, 121.51708, 1328.609;
 66.498642, 121.50465, 1372.377;
 120.49421, 120.60168, 1467.3197]temp: [-300.22476, -71.946266, 1354.5898;
 -279.19473, -67.735542, 1401.6251;
 -289.89294, -85.539352, 1372.4563;
 -292.56744, -27.716932, 1384.1322]temp: [66.498642, 121.50465, 1372.377;
 120.49421, 120.60168, 1467.3197;
 41.658314, 121.51708, 1328.609]3D [-292.58124, -27.716206, 1384.1803;
 -300.22366, -71.946739, 1354.5806;
 -279.15903, -67.727448, 1401.4984;
 -289.88638, -85.543121, 1372.4321;
 41.659176, 121.51144, 1328.6046;
 66.513153, 121.50124, 1372.3839;
 120.51349, 120.59575, 1467.2985]temp: [-300.22366, -71.946739, 1354.5806;
 -279.15903, -67.727448, 1401.4984;
 -289.88638, -85.543121, 1372.4321;
 -292.58124, -27.716206, 1384.1803]temp: [66.513153, 121.50124, 1372.3839;
 120.51349, 120.59575, 1467.2985;
 41.659176, 121.51144, 1328.6046]3D [-292.59128, -27.711905, 1384.2225;
 -300.21008, -71.947945, 1354.5188;
 -279.15973, -67.729103, 1401.4684;
 -289.91809, -85.548294, 1372.5321;
 41.659584, 121.51711, 1328.6221;
 66.505165, 121.49571, 1372.3661;
 120.50536, 120.59417, 1467.3221]temp: [-300.21008, -71.947945, 1354.5188;
 -279.15973, -67.729103, 1401.4684;
 -289.91809, -85.548294, 1372.5321;
 -292.59128, -27.711905, 1384.2225]temp: [66.505165, 121.49571, 1372.3661;
 120.50536, 120.59417, 1467.3221;
 41.659584, 121.51711, 1328.6221]3D [-292.56979, -27.713594, 1384.127;
 -300.23282, -71.944962, 1354.6071;
 -279.15491, -67.72554, 1401.4642;
 -289.87787, -85.540642, 1372.3945;
 41.662872, 121.51943, 1328.6115;
 66.505638, 121.50652, 1372.4014;
 120.50628, 120.59998, 1467.2338]temp: [-300.23282, -71.944962, 1354.6071;
 -279.15491, -67.72554, 1401.4642;
 -289.87787, -85.540642, 1372.3945;
 -292.56979, -27.713594, 1384.127]temp: [66.505638, 121.50652, 1372.4014;
 120.50628, 120.59998, 1467.2338;
 41.662872, 121.51943, 1328.6115]3D [-292.54837, -27.715471, 1384.0858;
 -300.21924, -71.948616, 1354.595;
 -279.17368, -67.738983, 1401.5405;
 -289.88553, -85.545227, 1372.4371;
 41.670898, 121.51167, 1328.5752;
 66.51104, 121.5043, 1372.3947;
 120.51192, 120.59715, 1467.2271]temp: [-300.21924, -71.948616, 1354.595;
 -279.17368, -67.738983, 1401.5405;
 -289.88553, -85.545227, 1372.4371;
 -292.54837, -27.715471, 1384.0858]temp: [66.51104, 121.5043, 1372.3947;
 120.51192, 120.59715, 1467.2271;
 41.670898, 121.51167, 1328.5752]3D [-292.56024, -27.712769, 1384.1196;
 -300.19586, -71.944946, 1354.5222;
 -279.15048, -67.718964, 1401.4674;
 -289.88715, -85.533554, 1372.4194;
 41.667194, 121.51649, 1328.5491;
 66.50959, 121.50652, 1372.3602;
 120.5112, 120.60253, 1467.28]temp: [-300.19586, -71.944946, 1354.5222;
 -279.15048, -67.718964, 1401.4674;
 -289.88715, -85.533554, 1372.4194;
 -292.56024, -27.712769, 1384.1196]temp: [66.50959, 121.50652, 1372.3602;
 120.5112, 120.60253, 1467.28;
 41.667194, 121.51649, 1328.5491]3D [-292.58163, -27.722885, 1384.1843;
 -300.23862, -71.948296, 1354.6316;
 -279.17258, -67.722176, 1401.5282;
 -289.90665, -85.536179, 1372.4863;
 41.663937, 121.52298, 1328.5664;
 66.511383, 121.50142, 1372.303;
 120.50969, 120.61102, 1467.2996]temp: [-300.23862, -71.948296, 1354.6316;
 -279.17258, -67.722176, 1401.5282;
 -289.90665, -85.536179, 1372.4863;
 -292.58163, -27.722885, 1384.1843]temp: [66.511383, 121.50142, 1372.303;
 120.50969, 120.61102, 1467.2996;
 41.663937, 121.52298, 1328.5664]3D [-292.60089, -27.722946, 1384.2494;
 -300.22516, -71.94416, 1354.6028;
 -279.18005, -67.723442, 1401.5719;
 -289.89572, -85.534912, 1372.4407;
 41.65987, 121.52814, 1328.6521;
 66.507141, 121.51568, 1372.3853;
 120.50716, 120.61713, 1467.3336]temp: [-300.22516, -71.94416, 1354.6028;
 -279.18005, -67.723442, 1401.5719;
 -289.89572, -85.534912, 1372.4407;
 -292.60089, -27.722946, 1384.2494]temp: [66.507141, 121.51568, 1372.3853;
 120.50716, 120.61713, 1467.3336;
 41.65987, 121.52814, 1328.6521]3D [-292.55389, -27.716629, 1384.0693;
 -300.22174, -71.947678, 1354.5383;
 -279.13226, -67.732025, 1401.4125;
 -289.88657, -85.53933, 1372.4003;
 41.664879, 121.51795, 1328.6178;
 66.507874, 121.50394, 1372.3678;
 120.50293, 120.59873, 1467.264]temp: [-300.22174, -71.947678, 1354.5383;
 -279.13226, -67.732025, 1401.4125;
 -289.88657, -85.53933, 1372.4003;
 -292.55389, -27.716629, 1384.0693]temp: [66.507874, 121.50394, 1372.3678;
 120.50293, 120.59873, 1467.264;
 41.664879, 121.51795, 1328.6178]3D [-292.56802, -27.730326, 1384.126;
 -300.24951, -71.9506, 1354.6393;
 -279.18216, -67.7313, 1401.5321;
 -289.91873, -85.549652, 1372.5505;
 41.660751, 121.51897, 1328.55;
 66.502052, 121.50587, 1372.3345;
 120.5008, 120.60643, 1467.2645]temp: [-300.24951, -71.9506, 1354.6393;
 -279.18216, -67.7313, 1401.5321;
 -289.91873, -85.549652, 1372.5505;
 -292.56802, -27.730326, 1384.126]temp: [66.502052, 121.50587, 1372.3345;
 120.5008, 120.60643, 1467.2645;
 41.660751, 121.51897, 1328.55]3D [-292.57327, -27.71921, 1384.1293;
 -300.20944, -71.946671, 1354.5135;
 -279.18756, -67.741989, 1401.5615;
 -289.91672, -85.545998, 1372.5028;
 41.671829, 121.50845, 1328.5365;
 66.51664, 121.50687, 1372.3617;
 120.51601, 120.59426, 1467.2101]temp: [-300.20944, -71.946671, 1354.5135;
 -279.18756, -67.741989, 1401.5615;
 -289.91672, -85.545998, 1372.5028;
 -292.57327, -27.71921, 1384.1293]temp: [66.51664, 121.50687, 1372.3617;
 120.51601, 120.59426, 1467.2101;
 41.671829, 121.50845, 1328.5365]3D [-292.57458, -27.721785, 1384.1661;
 -300.20834, -71.948227, 1354.5392;
 -279.18079, -67.73333, 1401.552;
 -289.90295, -85.5383, 1372.4727;
 41.662804, 121.52177, 1328.6179;
 66.514336, 121.50974, 1372.3612;
 120.50935, 120.61449, 1467.3353]temp: [-300.20834, -71.948227, 1354.5392;
 -279.18079, -67.73333, 1401.552;
 -289.90295, -85.5383, 1372.4727;
 -292.57458, -27.721785, 1384.1661]temp: [66.514336, 121.50974, 1372.3612;
 120.50935, 120.61449, 1467.3353;
 41.662804, 121.52177, 1328.6179]3D [-292.6012, -27.717169, 1384.2461;
 -300.22562, -71.945824, 1354.5588;
 -279.18866, -67.737564, 1401.5984;
 -289.94156, -85.549301, 1372.6013;
 41.658127, 121.52254, 1328.5964;
 66.50872, 121.49803, 1372.3411;
 120.49507, 120.6152, 1467.3748]temp: [-300.22562, -71.945824, 1354.5588;
 -279.18866, -67.737564, 1401.5984;
 -289.94156, -85.549301, 1372.6013;
 -292.6012, -27.717169, 1384.2461]temp: [66.50872, 121.49803, 1372.3411;
 120.49507, 120.6152, 1467.3748;
 41.658127, 121.52254, 1328.5964]3D [-292.58997, -27.72278, 1384.2;
 -300.21704, -71.957291, 1354.5695;
 -279.17813, -67.732178, 1401.5276;
 -289.90494, -85.544365, 1372.4904;
 41.664494, 121.51895, 1328.6697;
 66.50795, 121.50183, 1372.4291;
 120.51595, 120.60838, 1467.3789]temp: [-300.21704, -71.957291, 1354.5695;
 -279.17813, -67.732178, 1401.5276;
 -289.90494, -85.544365, 1372.4904;
 -292.58997, -27.72278, 1384.2]temp: [66.50795, 121.50183, 1372.4291;
 120.51595, 120.60838, 1467.3789;
 41.664494, 121.51895, 1328.6697]3D [-292.56909, -27.724922, 1384.1479;
 -300.22913, -71.955925, 1354.611;
 -279.18372, -67.734535, 1401.5374;
 -289.88461, -85.543419, 1372.4147;
 41.652775, 121.51694, 1328.6565;
 66.497391, 121.49919, 1372.3982;
 120.49464, 120.61257, 1467.3623]temp: [-300.22913, -71.955925, 1354.611;
 -279.18372, -67.734535, 1401.5374;
 -289.88461, -85.543419, 1372.4147;
 -292.56909, -27.724922, 1384.1479]temp: [66.497391, 121.49919, 1372.3982;
 120.49464, 120.61257, 1467.3623;
 41.652775, 121.51694, 1328.6565]3D [-292.5827, -27.717604, 1384.1768;
 -300.21512, -71.944542, 1354.5432;
 -279.17502, -67.727737, 1401.5192;
 -289.89072, -85.529106, 1372.4109;
 41.667191, 121.52161, 1328.6;
 66.504921, 121.50925, 1372.3551;
 120.50947, 120.60878, 1467.2642]temp: [-300.21512, -71.944542, 1354.5432;
 -279.17502, -67.727737, 1401.5192;
 -289.89072, -85.529106, 1372.4109;
 -292.5827, -27.717604, 1384.1768]temp: [66.504921, 121.50925, 1372.3551;
 120.50947, 120.60878, 1467.2642;
 41.667191, 121.52161, 1328.6]3D [-292.55362, -27.717369, 1384.074;
 -300.22775, -71.951416, 1354.5901;
 -279.15085, -67.730995, 1401.4409;
 -289.87704, -85.538445, 1372.3866;
 41.660168, 121.519, 1328.5938;
 66.50666, 121.50639, 1372.3738;
 120.5104, 120.61389, 1467.3495]temp: [-300.22775, -71.951416, 1354.5901;
 -279.15085, -67.730995, 1401.4409;
 -289.87704, -85.538445, 1372.3866;
 -292.55362, -27.717369, 1384.074]temp: [66.50666, 121.50639, 1372.3738;
 120.5104, 120.61389, 1467.3495;
 41.660168, 121.519, 1328.5938]3D [-292.56528, -27.71151, 1384.118;
 -300.24966, -71.949028, 1354.6284;
 -279.16293, -67.720818, 1401.4607;
 -289.92746, -85.53257, 1372.519;
 41.655903, 121.52628, 1328.5576;
 66.493454, 121.52222, 1372.3965;
 120.49339, 120.61769, 1467.2388]temp: [-300.24966, -71.949028, 1354.6284;
 -279.16293, -67.720818, 1401.4607;
 -289.92746, -85.53257, 1372.519;
 -292.56528, -27.71151, 1384.118]temp: [66.493454, 121.52222, 1372.3965;
 120.49339, 120.61769, 1467.2388;
 41.655903, 121.52628, 1328.5576]3D [-292.57394, -27.717155, 1384.1395;
 -300.2106, -71.94149, 1354.5322;
 -279.1651, -67.721954, 1401.4814;
 -289.86386, -85.522469, 1372.332;
 41.668213, 121.5306, 1328.5983;
 66.511635, 121.52224, 1372.3865;
 120.51448, 120.62781, 1467.3673]temp: [-300.2106, -71.94149, 1354.5322;
 -279.1651, -67.721954, 1401.4814;
 -289.86386, -85.522469, 1372.332;
 -292.57394, -27.717155, 1384.1395]temp: [66.511635, 121.52224, 1372.3865;
 120.51448, 120.62781, 1467.3673;
 41.668213, 121.5306, 1328.5983]3D [-292.57224, -27.711224, 1384.1108;
 -300.22525, -71.934807, 1354.5585;
 -279.16232, -67.722458, 1401.4594;
 -289.88101, -85.530228, 1372.3887;
 41.657776, 121.53461, 1328.6218;
 66.498367, 121.5137, 1372.3754;
 120.50147, 120.61758, 1467.2488]temp: [-300.22525, -71.934807, 1354.5585;
 -279.16232, -67.722458, 1401.4594;
 -289.88101, -85.530228, 1372.3887;
 -292.57224, -27.711224, 1384.1108]temp: [66.498367, 121.5137, 1372.3754;
 120.50147, 120.61758, 1467.2488;
 41.657776, 121.53461, 1328.6218]3D [-292.61368, -27.713554, 1384.2777;
 -300.23639, -71.946693, 1354.5906;
 -279.1965, -67.721878, 1401.572;
 -289.92056, -85.541924, 1372.5298;
 41.665913, 121.52583, 1328.5398;
 66.506783, 121.51591, 1372.3123;
 120.51151, 120.62644, 1467.2603]temp: [-300.23639, -71.946693, 1354.5906;
 -279.1965, -67.721878, 1401.572;
 -289.92056, -85.541924, 1372.5298;
 -292.61368, -27.713554, 1384.2777]temp: [66.506783, 121.51591, 1372.3123;
 120.51151, 120.62644, 1467.2603;
 41.665913, 121.52583, 1328.5398]3D [-292.547, -27.710299, 1384.0906;
 -300.18652, -71.946854, 1354.4612;
 -279.14362, -67.72509, 1401.4591;
 -289.90216, -85.543388, 1372.4939;
 41.673798, 121.52928, 1328.5715;
 66.51844, 121.51734, 1372.3215;
 120.52025, 120.6329, 1467.2858]temp: [-300.18652, -71.946854, 1354.4612;
 -279.14362, -67.72509, 1401.4591;
 -289.90216, -85.543388, 1372.4939;
 -292.547, -27.710299, 1384.0906]temp: [66.51844, 121.51734, 1372.3215;
 120.52025, 120.6329, 1467.2858;
 41.673798, 121.52928, 1328.5715]3D [-292.5701, -27.726196, 1384.1731;
 -300.20844, -71.947655, 1354.5739;
 -279.17297, -67.733261, 1401.5526;
 -289.89117, -85.537025, 1372.469;
 41.64452, 121.51872, 1328.6534;
 66.487274, 121.50562, 1372.4104;
 120.4754, 120.60859, 1467.3163]temp: [-300.20844, -71.947655, 1354.5739;
 -279.17297, -67.733261, 1401.5526;
 -289.89117, -85.537025, 1372.469;
 -292.5701, -27.726196, 1384.1731]temp: [66.487274, 121.50562, 1372.4104;
 120.4754, 120.60859, 1467.3163;
 41.64452, 121.51872, 1328.6534]3D [-292.55539, -27.715839, 1384.0714;
 -300.22061, -71.952759, 1354.5619;
 -279.17972, -67.736389, 1401.5386;
 -289.89734, -85.545898, 1372.4529;
 41.673698, 121.53019, 1328.6304;
 66.526672, 121.51904, 1372.416;
 120.54317, 120.62401, 1467.3693]temp: [-300.22061, -71.952759, 1354.5619;
 -279.17972, -67.736389, 1401.5386;
 -289.89734, -85.545898, 1372.4529;
 -292.55539, -27.715839, 1384.0714]temp: [66.526672, 121.51904, 1372.416;
 120.54317, 120.62401, 1467.3693;
 41.673698, 121.53019, 1328.6304]3D [-292.59177, -27.719173, 1384.2426;
 -300.22919, -71.958618, 1354.5972;
 -279.15866, -67.727577, 1401.4908;
 -289.91345, -85.552528, 1372.5184;
 41.668999, 121.51595, 1328.5402;
 66.509995, 121.49348, 1372.3159;
 120.50983, 120.59879, 1467.3043]temp: [-300.22919, -71.958618, 1354.5972;
 -279.15866, -67.727577, 1401.4908;
 -289.91345, -85.552528, 1372.5184;
 -292.59177, -27.719173, 1384.2426]temp: [66.509995, 121.49348, 1372.3159;
 120.50983, 120.59879, 1467.3043;
 41.668999, 121.51595, 1328.5402]3D [-292.56998, -27.717091, 1384.1173;
 -300.21881, -71.952393, 1354.5652;
 -279.19217, -67.736336, 1401.6033;
 -289.90741, -85.549034, 1372.5031;
 41.689678, 121.52937, 1328.6045;
 66.546013, 121.52648, 1372.34;
 120.56793, 120.6301, 1467.188]temp: [-300.21881, -71.952393, 1354.5652;
 -279.19217, -67.736336, 1401.6033;
 -289.90741, -85.549034, 1372.5031;
 -292.56998, -27.717091, 1384.1173]temp: [66.546013, 121.52648, 1372.34;
 120.56793, 120.6301, 1467.188;
 41.689678, 121.52937, 1328.6045]3D [-292.56998, -27.71594, 1384.1611;
 -300.216, -71.942879, 1354.5819;
 -279.17999, -67.732811, 1401.5757;
 -289.90341, -85.545906, 1372.4944;
 41.677433, 121.51198, 1328.6432;
 66.531998, 121.49179, 1372.3765;
 120.53837, 120.58197, 1467.2041]temp: [-300.216, -71.942879, 1354.5819;
 -279.17999, -67.732811, 1401.5757;
 -289.90341, -85.545906, 1372.4944;
 -292.56998, -27.71594, 1384.1611]temp: [66.531998, 121.49179, 1372.3765;
 120.53837, 120.58197, 1467.2041;
 41.677433, 121.51198, 1328.6432]3D [-292.55377, -27.711283, 1384.0758;
 -300.21353, -71.933594, 1354.5592;
 -279.16708, -67.726097, 1401.5398;
 -289.90585, -85.533936, 1372.4987;
 41.661686, 121.54005, 1328.5839;
 66.499733, 121.52189, 1372.3422;
 120.48214, 120.64095, 1467.2771]temp: [-300.21353, -71.933594, 1354.5592;
 -279.16708, -67.726097, 1401.5398;
 -289.90585, -85.533936, 1372.4987;
 -292.55377, -27.711283, 1384.0758]temp: [66.499733, 121.52189, 1372.3422;
 120.48214, 120.64095, 1467.2771;
 41.661686, 121.54005, 1328.5839]3D [-292.56516, -27.718193, 1384.1527;
 -300.20154, -71.950294, 1354.5256;
 -279.15192, -67.723595, 1401.4623;
 -289.89941, -85.544426, 1372.499;
 41.679489, 121.53213, 1328.6974;
 66.54126, 121.50501, 1372.3079;
 120.55283, 120.60104, 1467.218]temp: [-300.20154, -71.950294, 1354.5256;
 -279.15192, -67.723595, 1401.4623;
 -289.89941, -85.544426, 1372.499;
 -292.56516, -27.718193, 1384.1527]temp: [66.54126, 121.50501, 1372.3079;
 120.55283, 120.60104, 1467.218;
 41.679489, 121.53213, 1328.6974]3D [-292.57672, -27.723131, 1384.1708;
 -300.21213, -71.950859, 1354.528;
 -279.20758, -67.737358, 1401.6245;
 -289.89972, -85.550514, 1372.4706;
 41.666172, 121.53068, 1328.5697;
 66.516052, 121.51486, 1372.3394;
 120.51526, 120.62427, 1467.2166]temp: [-300.21213, -71.950859, 1354.528;
 -279.20758, -67.737358, 1401.6245;
 -289.89972, -85.550514, 1372.4706;
 -292.57672, -27.723131, 1384.1708]temp: [66.516052, 121.51486, 1372.3394;
 120.51526, 120.62427, 1467.2166;
 41.666172, 121.53068, 1328.5697]3D [-292.53873, -27.726648, 1384.0673;
 -300.20062, -71.954704, 1354.5032;
 -279.16296, -67.735733, 1401.5109;
 -289.90753, -85.553322, 1372.4863;
 41.662437, 121.51915, 1328.6466;
 66.512016, 121.4947, 1372.3406;
 120.52074, 120.59822, 1467.275]temp: [-300.20062, -71.954704, 1354.5032;
 -279.16296, -67.735733, 1401.5109;
 -289.90753, -85.553322, 1372.4863;
 -292.53873, -27.726648, 1384.0673]temp: [66.512016, 121.4947, 1372.3406;
 120.52074, 120.59822, 1467.275;
 41.662437, 121.51915, 1328.6466]3D [-292.5596, -27.723862, 1384.0966;
 -300.20602, -71.952896, 1354.5313;
 -279.16165, -67.741852, 1401.5076;
 -289.87646, -85.553932, 1372.3903;
 41.669579, 121.5392, 1328.618;
 66.528282, 121.52016, 1372.361;
 120.53603, 120.63408, 1467.3107]temp: [-300.20602, -71.952896, 1354.5313;
 -279.16165, -67.741852, 1401.5076;
 -289.87646, -85.553932, 1372.3903;
 -292.5596, -27.723862, 1384.0966]temp: [66.528282, 121.52016, 1372.361;
 120.53603, 120.63408, 1467.3107;
 41.669579, 121.5392, 1328.618]3D [-292.56888, -27.7264, 1384.146;
 -300.18362, -71.947067, 1354.4675;
 -279.13113, -67.733437, 1401.4037;
 -289.88477, -85.549011, 1372.4088;
 41.658955, 121.51894, 1328.5634;
 66.504662, 121.50648, 1372.361;
 120.5111, 120.62653, 1467.281]temp: [-300.18362, -71.947067, 1354.4675;
 -279.13113, -67.733437, 1401.4037;
 -289.88477, -85.549011, 1372.4088;
 -292.56888, -27.7264, 1384.146]temp: [66.504662, 121.50648, 1372.361;
 120.5111, 120.62653, 1467.281;
 41.658955, 121.51894, 1328.5634]3D [-292.57642, -27.720694, 1384.1953;
 -300.18903, -71.93589, 1354.4839;
 -279.17532, -67.729881, 1401.5643;
 -289.89783, -85.536522, 1372.4601;
 41.666016, 121.54478, 1328.6648;
 66.514931, 121.53908, 1372.4629;
 120.51978, 120.65491, 1467.3667]temp: [-300.18903, -71.93589, 1354.4839;
 -279.17532, -67.729881, 1401.5643;
 -289.89783, -85.536522, 1372.4601;
 -292.57642, -27.720694, 1384.1953]temp: [66.514931, 121.53908, 1372.4629;
 120.51978, 120.65491, 1467.3667;
 41.666016, 121.54478, 1328.6648]3D [-292.5397, -27.713156, 1384.0519;
 -300.2012, -71.94297, 1354.5398;
 -279.16617, -67.717911, 1401.5173;
 -289.87857, -85.536247, 1372.4022;
 41.668869, 121.52302, 1328.5936;
 66.513809, 121.51257, 1372.3517;
 120.50629, 120.61648, 1467.2815]temp: [-300.2012, -71.94297, 1354.5398;
 -279.16617, -67.717911, 1401.5173;
 -289.87857, -85.536247, 1372.4022;
 -292.5397, -27.713156, 1384.0519]temp: [66.513809, 121.51257, 1372.3517;
 120.50629, 120.61648, 1467.2815;
 41.668869, 121.52302, 1328.5936]3D [-292.56036, -27.706717, 1384.0973;
 -300.15942, -71.930183, 1354.3877;
 -279.14038, -67.714676, 1401.4343;
 -289.87628, -85.525368, 1372.4092;
 41.659576, 121.54341, 1328.5636;
 66.499344, 121.54385, 1372.3781;
 120.49743, 120.65388, 1467.2369]temp: [-300.15942, -71.930183, 1354.3877;
 -279.14038, -67.714676, 1401.4343;
 -289.87628, -85.525368, 1372.4092;
 -292.56036, -27.706717, 1384.0973]temp: [66.499344, 121.54385, 1372.3781;
 120.49743, 120.65388, 1467.2369;
 41.659576, 121.54341, 1328.5636]3D [-292.54163, -27.703527, 1384.0547;
 -300.1944, -71.928146, 1354.4746;
 -279.17743, -67.715195, 1401.5492;
 -289.88654, -85.52652, 1372.4254;
 41.676598, 121.53098, 1328.5989;
 66.531166, 121.51589, 1372.3318;
 120.53941, 120.61415, 1467.2445]temp: [-300.1944, -71.928146, 1354.4746;
 -279.17743, -67.715195, 1401.5492;
 -289.88654, -85.52652, 1372.4254;
 -292.54163, -27.703527, 1384.0547]temp: [66.531166, 121.51589, 1372.3318;
 120.53941, 120.61415, 1467.2445;
 41.676598, 121.53098, 1328.5989]