-130.8717660316232	248.3787721739605	859.4168192738658
-130.8717660316232	248.3787721739605	859.4168192738658
-130.881721232773	248.3763585973367	859.395702574755
-130.7275582723025	248.403122205913	858.9820565880559
-131.0527039918676	248.3478820728979	859.5743715253002
-130.9208711522844	248.3762233989826	859.3685420307985
-130.9102829821421	248.3787433626723	859.3900583179667
-130.5909877899192	248.4370781013468	860.4790409901124
-130.7882684125599	248.394073801508	859.7969176609938
-130.8447300039249	248.3876450399469	859.7621468868515
-130.7988357420343	248.3849776584041	859.2129832147817
-130.9272560484382	248.3605268270024	859.9050942485851
-130.6080397057066	248.4311611282496	859.728850853072
-130.7985489786382	248.3916476313967	859.7764313493598
-130.619175287376	248.4138543016786	858.9753640081359
-130.8717660316232	248.3787721739605	859.4168192738658
-130.6814077670129	248.4071254193717	858.9957828061451
-130.9354870804052	248.3714250203943	859.3556710057619
-130.9102829821421	248.3787433626723	859.3900583179667
-131.0635001076965	248.3452881704237	859.5526210325937
-130.5704980119469	248.4163841283961	859.3033533103652
-130.8900078343814	248.375345051997	859.3698342202226
-130.3942931750452	248.4541237087774	858.9983964806098
-130.9035427911818	248.3665768412276	859.3714608401414
-130.881721232773	248.3763585973367	859.395702574755
-130.9383666637637	248.3698379266796	859.3603678433375
-130.9124027676271	248.3796805414586	859.1332917452659
-130.7558588255974	248.40560814489	859.8151265502953
-130.7374418100325	248.4007815725447	858.9609512348221
-130.5430357152952	248.429025146704	858.5622876601478
-130.9383666637637	248.3698379266796	859.3603678433375
-130.6919963057698	248.4046574288592	858.974627140099
-130.9997802566788	248.3568665459983	859.7311519138838
-130.881721232773	248.3763585973367	859.395702574755
-130.9383666637637	248.3698379266796	859.3603678433375
-130.881721232773	248.3763585973367	859.395702574755
-130.9351039278841	248.3715310302553	859.3561520440475
-130.9083474473767	248.3812011612941	859.7144356967236
-130.7022252457982	248.4138838219694	858.9745437330893
-130.730840141136	248.4119853922419	859.4496004862841
-130.514843662481	248.4398730808436	858.5557370622353
-130.4339392948203	248.4399984309677	858.5565036045545
-130.7697762093298	248.3996142486094	859.3748601461618
-130.9650894018603	248.3791664115246	859.4931719239581
-130.8676454142714	248.3937832010569	859.7586203306829
-130.7707326025052	248.3931743341698	858.7502275919032
-130.7980750126543	248.4014121855426	860.1561407340002
-130.9376022516403	248.3749239071606	859.1667986616541
-130.7454023509079	248.4212608022314	860.1674712610228
-130.9154731241246	248.3618555196447	858.9112770145792
-130.6814077670129	248.4071254193717	858.9957828061451
-130.7453703433339	248.3951215161585	858.9531906466009
-130.8274946896921	248.3866027886622	858.7144265493775
-130.8447300039249	248.3876450399469	859.7621468868515
-130.7178818112758	248.4096571745478	858.9500813117248
-130.4576051696969	248.4472269330242	858.5822794331931
-130.8539980001283	248.3861135191502	859.667894002442
-130.6030965157927	248.4212434776994	858.976676740464
-130.494115752563	248.4346647807495	858.5718842683939
-130.7022252457982	248.4138838219694	858.9745437330893
-130.6605714321791	248.4162846332205	858.9858539345604
-130.9383666637637	248.3698379266796	859.3603678433375
-130.8601424963232	248.3853610822653	859.3929349626864
-130.8762220697758	248.3921382259491	859.3927037730728
-130.9475784499029	248.3686412714361	859.3338070198789
-130.6176135892121	248.4291963176068	859.3860405474022
-130.8124025397118	248.3827815045992	859.6918711085685
-130.902807955975	248.3830491016745	859.3743730968049
-130.9379384140691	248.3699633744733	859.360785839612
-130.5179562235028	248.4389772569751	858.5508629225869
-130.8231052650725	248.3966290249432	859.7596058381806
-130.4913300315166	248.4350096280527	858.5655653194646
-130.6452767088182	248.4191350551174	859.3551207329174
-130.7332413785306	248.4002987897753	858.9476017864823
-130.6665959363046	248.4094830523725	859.3315256813845
-130.6892273848207	248.406230292549	858.9700701143167
-130.7001287348271	248.4135252414623	859.3401038828907
-130.6892273848207	248.406230292549	858.9700701143167
-130.8575092129302	248.3868899990224	859.3883252641122
-130.5884445088021	248.425323886487	859.3968499910919
-130.8759051019504	248.3927182081549	859.7328573337458
-130.563059151051	248.4360627518952	859.3903465193735
-130.4957066047863	248.4328081432666	858.4933726211626
-130.9475784499029	248.3686412714361	859.3338070198789
-130.494115752563	248.4346647807495	858.5718842683939
-130.494115752563	248.4346647807495	858.5718842683939
-130.7275582723025	248.403122205913	858.9820565880559
-130.2920466711037	248.4642760571116	858.1700496931529
-130.5254391629538	248.448087554917	859.7639593948772
-130.6892273848207	248.406230292549	858.9700701143167
-130.6814077670129	248.4071254193717	858.9957828061451
-130.7599929068173	248.4019831645757	859.395456735431
-130.6684091187735	248.4200023729175	859.801797287565
-130.6417151090865	248.4293833189736	858.8030631045967
-130.7188185552681	248.4169573674267	860.1881776907189
-130.8982493036593	248.3830593139688	859.3955099162173
-130.8090692884488	248.4008319564718	859.776121361507
-130.6486772759222	248.4283253488782	859.4235190607425
-130.4993375433026	248.4523980509718	858.4331781628031
-130.8447300039249	248.3876450399469	859.7621468868515
-130.5773445689675	248.4427823619293	858.9828269744753
-130.9039838360195	248.3807608188293	859.1602279550551
-130.7922376869483	248.4042959607835	859.0537480730889
-130.7107182497195	248.4335259183119	859.2161670309274
-130.8209001226501	248.3964832655267	859.5412799278023
-130.8645668832094	248.3953559631843	859.7543333619426
-130.8676454142714	248.3937832010569	859.7586203306829
-130.8026565921577	248.40151386171	859.8011307766882
-130.5075819727501	248.4525563167803	859.0067436192523
-131.11754806255	248.3443061637043	859.781955319293
-130.920888379629	248.3757001704352	859.3746742722891
-130.6620822608848	248.4386067226985	859.5571111275896
-130.9001595085248	248.3822093489255	859.740179423035
-130.7730632323585	248.4121670242479	859.8145479326189
-130.7251626554835	248.4218788619864	859.1445061402422
-130.6855612778562	248.4149783738807	859.4506760220798
-130.9057154707319	248.3814656377929	859.3790534661144
-130.8676454142714	248.3937832010569	859.7586203306829
-130.7237536348441	248.4138200812976	859.7681731978372
-130.8342711765082	248.4048718403239	859.5582491627003
-130.5973573279508	248.4440870983365	859.4205463984515
-130.7977724135984	248.4067507093106	859.5333054351295
-130.5153876282954	248.4586679300964	858.4293867250891
-130.8033883442264	248.4017003434454	859.0317998674509
-130.6738057052401	248.4310128520892	859.8140710468275
-130.755701616592	248.4187925786278	860.1472122450004
-130.6691904140704	248.4337321195647	859.8036531853421
-130.5530044719368	248.449876806846	859.0245452523496
-130.7977721962338	248.4030440328077	859.3931848986851
-130.7834702653848	248.4079784176758	859.39169921249
-130.6522016079788	248.4257439958511	859.2515804453284
-130.8362055446822	248.3900368865678	859.0128715803745
-130.7275582723025	248.403122205913	858.9820565880559
-130.7212471528081	248.4203588563555	859.3801153153076
-130.9057154707319	248.3814656377929	859.3790534661144
-130.7424541899539	248.4184925590881	860.5340587202495
-130.771493015438	248.4123133626594	860.1498254429936
-130.9088508347679	248.3805199349445	859.3740625125671
-130.8381251134637	248.404433731373	859.7721619564732
-130.7823062487236	248.4097433473033	860.1293222891812
-130.5465383568441	248.4495067591802	859.4115894630044
-130.7869598000867	248.4056109232477	859.4147673528495
-130.46203964001	248.4796364377595	859.2598632490838
-130.8456564493267	248.4014028181653	859.5433191710948
-130.7409174762136	248.4211683514656	860.2015189195188
-130.9383666637637	248.3698379266796	859.3603678433375
-130.7501862241782	248.4082782346833	859.0051279476445
-130.3790870911655	248.4806418503782	858.6679426582697
-130.8969969654244	248.3838435744344	859.735682539849
-130.733549923745	248.4160195659103	858.9967214802037
-130.8403437325911	248.390324524391	859.7707210242653
-130.8447300039249	248.3876450399469	859.7621468868515
-130.8905147526951	248.3861812578377	858.5746939935781
-130.7844258961188	248.4106003159243	859.5676177173618
-130.5935637371395	248.4443447823602	859.0921073445116
-130.6122842248343	248.4277945174908	858.3917367550503
-130.8861789558014	248.3851563604664	859.3902834126785
-130.877512352483	248.3904513997051	859.4087712222076
-130.7327681833364	248.4115935711685	859.7481756095663
-130.9908628049531	248.370098590409	859.6063842523483
-130.6687727041967	248.4342867985004	859.511233237159
-130.7661393917822	248.4128063541784	860.1740368726792
-130.8785911612447	248.3779934806815	859.3911752717835
-130.7730116751934	248.4096904975072	860.1835769516014
-130.8688219093661	248.392571427743	859.4294331948815
-130.8089089322228	248.3985001610187	859.8110857082165
-130.7749257563279	248.410643952245	860.15404728517
-130.7830237857568	248.3966176119234	858.9862042876177
-130.8347361072392	248.3900668493344	859.7829943722986
-130.7424400710767	248.4084699147799	859.4154196152715
-130.6443763386354	248.441617705945	859.827506084229
-130.7219470852648	248.4303755481616	859.9465843651882
-130.7396604082005	248.422895333118	858.8466962508503
-130.8026565921577	248.40151386171	859.8011307766882
-130.9277150847969	248.3723903298204	859.3820053645589
-130.7880200833041	248.4073301015284	860.1290956665102
-130.7749257563279	248.410643952245	860.15404728517
-130.8762220697758	248.3921382259491	859.3927037730728
-130.6289756071276	248.4342539180006	859.0138675501098
-130.81521041127	248.3982925335151	859.7757223202698
-131.0097922374633	248.3638734610635	859.1133157746144
-130.764093833027	248.4138541427999	859.1939517566113
-130.9383666637637	248.3698379266796	859.3603678433375
-130.9012196453476	248.3809746725261	859.4109480168919
-130.7255515265413	248.3951012604241	858.7036110526064
-130.5734263751576	248.4433652029748	859.4144047123303
-130.835726077431	248.3853222249193	858.6948138374192
-130.5081634281364	248.4614991615295	859.4417691453925
-130.2900209695495	248.4973553786473	859.2891558478507
-130.5630599952226	248.4441197239354	859.491145206002
-130.3013207520564	248.4996747763468	858.7114404122744
-130.9102829821421	248.3787433626723	859.3900583179667
-130.4814279541067	248.4569582570747	859.472216760242
-130.5986663564227	248.4428206046072	860.2269218175478
-130.5552432730598	248.449064932351	858.6540619835945
-130.1931290459488	248.5119727945373	858.3086177001376
-130.8581959293118	248.3960735068782	859.779387342028
-130.7237536348441	248.4138200812976	859.7681731978372
-130.6130344251875	248.4459501718235	858.7513791179973
-130.9150097712885	248.380210719734	859.3524685584141
-130.3512997357339	248.500540645136	858.8951971105663
-130.8300866204125	248.3837940634692	858.3082665981351
-130.0283868250491	248.5493311192959	858.7492390905313
-130.7177837156597	248.410316634318	858.4760288759695
-129.8547011238781	248.572410671701	858.1187788466868
-130.5554613495571	248.4575962846411	858.5072702109849
-130.522053909443	248.4618409629956	859.5463160096695
-130.6081556756505	248.4189881885488	857.4285140337491
-130.4310658493748	248.4841096484488	860.2842348147088
-130.6532347413809	248.4165563429625	858.9378175581344
-130.1306659103901	248.5063554146801	858.6281406337226
-130.5513120291825	248.428064238966	858.5360303836579
-130.4893651117602	248.4502698869558	858.568428666569
-130.7466114997951	248.399578697118	858.934132606479
-130.7178818112758	248.4096571745478	858.9500813117248
-130.4833743528118	248.4371413188062	858.5930029175339
-130.8262238795089	248.3957249436468	859.7548511850754
-130.4025462472887	248.4550376062085	859.0324429456298
-130.5265263653517	248.4417128480817	859.0133008487855
-130.7912082624167	248.4087499033724	859.7687190896704
-130.8206313835086	248.3981223004682	859.7550104289237
-130.9277150847969	248.3723903298204	859.3820053645589
-130.7451915102685	248.424015536766	859.3991915569543
-130.9744083176065	248.3755621952758	859.1439711403112
-130.5983846397723	248.422984887032	859.3764760626079
-130.8954919602613	248.383901097525	859.4004356557863
-131.2187856004776	248.310766750424	860.1354018998103
-131.2187856004776	248.310766750424	860.1354018998103
-130.9577092367657	248.3677105088535	861.0081686097976
-130.5983074048469	248.3940021515241	858.7039300826799
-131.1441415161378	248.3227333490837	859.8517568986009
-130.9651696307868	248.3476638646739	859.4044747038855
-130.7777815494745	248.3824091390659	859.8065057456344
-130.7804725948998	248.3866427278048	860.6451942471455
-131.0035887264135	248.3397705927396	858.3802326866542
-130.3276411212266	248.4519373018341	859.2319576925437
-130.7425053882289	248.3824943042878	859.0813402988472
-130.7376240943933	248.4008570652129	860.2613985068854
-131.0223888828943	248.3391213946093	859.5616885596911
-131.1959714996673	248.3045469928279	860.1384424173707
-130.8109328827672	248.3805557632512	859.8721622536542
-131.0466511439415	248.3281907972439	860.2502729542766
-130.9597247731102	248.3573941477555	859.392034376524
-130.6179091949411	248.4177483729115	860.3056600290652
-130.7190462978714	248.3907556639637	859.1483808419575
-130.9280059884546	248.3449192618943	860.1566077474457
-130.4520674527079	248.4314285686626	858.6454194023271
-130.9560335669251	248.3350300484078	859.7202257367099
-130.8640751182438	248.3522072079917	859.0824705040238
-130.7434363592597	248.3940032522709	859.8347914332294
-130.820569437641	248.3717735424104	859.1435953077269
-130.5885056151369	248.4062337140602	858.6431703762743
-131.0826158480396	248.331793788701	860.1993996352231
-130.5108635567003	248.3901495466364	858.01433004251
-131.041331796896	248.331021731575	859.8854543324171
-130.6030430869148	248.3998160164227	858.840643389078
-130.8187505152687	248.3784306270082	859.1575394164528
-130.529763433845	248.4186479532185	858.731007974475
-130.9971882408993	248.3553827631459	860.2153146260259
-130.7515241984687	248.3806055218704	859.0239078073383
-130.6192827941082	248.3955023442057	858.8678759840282
-130.789145432763	248.3891250286862	859.1710942756072
-130.6160010551079	248.410956368025	858.7969989748983
-130.7968341746302	248.3655376652194	859.1072481070684
-130.7131101082065	248.3801744897087	859.7351106178899
-130.8242352504619	248.3767385685708	859.1272823385876
-130.6160010551079	248.410956368025	858.7969989748983
-130.255030358992	248.4757234761086	858.2093426860237
-131.0869041849013	248.3375756142688	860.5639327840389
-131.0385673947318	248.3291023789829	859.7782149569556
-130.5672857414036	248.4195151317762	858.7139525069957
-130.8884546785634	248.3616559578135	859.3578823692195
-130.6548232214054	248.3936835682749	858.8057409817383
-130.7142196863477	248.3877805375648	859.1180772677728
-130.4309576532238	248.4395654488517	858.5763780801551
-130.5952207965107	248.3964677252584	858.8664455617719
-130.2447280608872	248.457272448954	857.861184001361
-130.9463733009047	248.3553888347476	859.3991375836152
-130.6396363772401	248.4184053400828	859.9608629543974
-130.9717557100583	248.3465892216279	859.7108959489844
-130.2208871052832	248.4613457026335	858.2121170503207
-130.7254933155879	248.3981997938978	859.5726631137486
-130.7826161963184	248.3738786405848	858.9867979628747
-130.9999224125183	248.341629302914	860.2032260261749
-131.1751783329997	248.3186989053886	861.0592520534079
-131.0375551155998	248.3453018987935	860.2215874528367
-130.7235243247168	248.3900800835169	859.1575280617484
-130.8682049592151	248.3796327924323	860.1424681013472
-130.6299673881646	248.4023474337804	858.5148362796126
-130.4055722366025	248.4468370553536	858.9953551082239
-130.6204931232091	248.4102931661573	858.8061441510496
-130.9080521404113	248.3754965748169	859.9039200618643
-130.8749385064514	248.3616910743148	859.523552854881
-131.0826158480396	248.331793788701	860.1993996352231
-130.6253911398163	248.3835032836556	858.6570249979793
-130.8961321232214	248.3717645701245	860.3789154053158
-130.5409982488375	248.4182854076522	858.9123990993743
-130.6275786668685	248.4116801610522	858.9518461558063
-130.5793253132482	248.408977922304	858.949566659898
-130.3704424549378	248.4476542419978	858.3115526888455
-130.4867665522235	248.4354419052788	858.5974548071871
-130.1500769066997	248.4859910643077	858.5290656667787
-130.3897316662017	248.4318469676904	858.5440679427267
-130.8733639681353	248.3816353201326	859.9601567731336
-130.7114930756294	248.3856465049774	858.2072662856093
-131.0563424658023	248.3488526728106	860.5807755047105
-130.3395313307114	248.4333509827169	857.8078149462339
-130.7156732749636	248.4140020122646	859.9567471709755
-131.0137341552189	248.3427150345061	860.1595813144393
-131.0372553042347	248.3443822090384	860.2417031781581
-130.8543738002848	248.382272738085	859.8769298154913
-131.2115945107304	248.3124883101752	859.7779792553106
-130.9830235223017	248.3599186302337	860.2182775132343
-130.7784130337828	248.3760629578142	859.3123976167217
-130.5497258442498	248.4345834603133	859.8173589039294
-130.3804787586931	248.4331325799425	858.5604683128907
-130.9760447006089	248.3643012174901	860.6219115722353
-130.5718200331661	248.390435353856	858.0660924809214
-130.3481405364721	248.4499575630432	858.5608482227867
-130.832923798428	248.3790769427424	859.3612041057593
-130.2829584735715	248.4701563950099	858.5994609447087
-130.7409816750844	248.4071361173775	860.631427282271
-130.6756097276709	248.4079740723294	859.0141333149405
-131.0375551155998	248.3453018987935	860.2215874528367
-130.6624260060567	248.3954301919667	859.133482349784
-130.5233004671529	248.4294069329456	859.1981593024099
-130.3709269454793	248.4427690257509	858.3315449471409
-131.1308073333558	248.3281855226006	859.8207325517932
-130.8153969142137	248.3815869098849	859.2056117524641
-131.0375551155998	248.3453018987935	860.2215874528367
-130.7409095080637	248.376640202571	858.9395155240663
-130.8398750451228	248.3768772055243	859.8237339840798
-130.8697714937111	248.3726007224528	859.9611153118304
-130.6374676522076	248.409308525127	858.9308704163792
-130.5525482239405	248.4036465083044	859.1180857730765
-131.0471533294884	248.3429313283374	860.2010306630702
-131.186922371767	248.3217406478911	859.7857659931881
-130.782260076036	248.3739821929626	859.5015277895664
-130.5330746760932	248.4314030686173	858.583703712291
-131.0471895430026	248.3307523185121	859.7710934462152
-130.7471837861589	248.391381733886	859.7465721247196
-130.9868644011016	248.3408037659473	859.4588778757102
-130.9525621698369	248.3567174391567	859.544084028592
-130.7303860886995	248.3918513019505	859.5875099120714
-130.5884445088021	248.425323886487	859.3968499910919
-130.7988357420343	248.3849776584041	859.2129832147817
-130.5430357152952	248.429025146704	858.5622876601478
-130.5884445088021	248.425323886487	859.3968499910919
-131.0067765803473	248.3518390898545	859.5880311347224
-130.6464192938691	248.4025004183509	858.9555003451655
-130.725535573996	248.3804753883661	859.1150556524661
-130.2599844931546	248.4517009716889	858.2562222641383
-130.3856979237702	248.456230634781	859.0185166129709
-130.9305790423262	248.358630183885	859.7303993508234
-130.9856884116344	248.3606700810121	860.1480702849899
-131.0909707748679	248.3305963786603	860.3730839085764
-130.590077536173	248.4155313148021	858.9486396424458
-130.6814077670129	248.4071254193717	858.9957828061451
-130.6408609219785	248.402969799433	858.980326304409
-130.7684025773632	248.3819730524838	857.9876776024832
-130.7798012313351	248.399063472684	860.4017295057741
-130.6294743994122	248.4102875921377	858.9833466324761
-130.2851672997516	248.4649346206565	858.1954641715593
-130.7416686503674	248.3991801967428	858.9578677506021
-130.3512767097539	248.4561393637924	858.931065949486
-130.5430357152952	248.429025146704	858.5622876601478
-131.0208330068297	248.3501231512337	859.6196122928537
-130.7989543844783	248.3746252225092	859.264453343067
-130.4867665522235	248.4354419052788	858.5974548071871
-130.6619479443256	248.4107945514238	859.0069325234737
-130.9490699878286	248.3714486365677	859.6310777639642
-130.7440158582347	248.386918858568	859.1706654837587
-130.6717974290496	248.40945127788	859.01678579641
-130.775768250324	248.3775964138404	859.1238581397738
-131.1308073333558	248.3281855226006	859.8207325517932
-130.6680721558771	248.4169471163603	859.1233868995266
-131.1133294480978	248.3345481990922	859.8287658191275
-130.6075277148644	248.426386360701	859.4298416144405
-130.7711375170784	248.384552608324	859.5818782495905
-130.9427179563277	248.3723681307533	860.0227279324652
-130.881721232773	248.3763585973367	859.395702574755
-130.6018751969704	248.4198547090074	859.3292182822955
-130.7044452631172	248.3995888664698	859.6927620150838
-130.7680783574667	248.3918379725616	859.2934134613645
-131.0792005428959	248.3435433196574	859.7470504762256
-130.5787647099726	248.4143241932956	858.9146896044996
-130.6447178624294	248.4189481452894	859.3621640707977
-130.9097661974227	248.3700332880904	859.5871050787925
-130.5050383933597	248.4280959428189	859.3417394986284
-130.6107120157875	248.4126561220837	859.5625286511123
-130.6869938028613	248.400655001908	859.011119692131
-130.6350695276579	248.4212819351965	859.3828989739447
-130.6852140793895	248.4056488997302	858.9931209940283
-131.0223330346079	248.3339141350412	859.5138833257881
-130.7882684125599	248.394073801508	859.7969176609938
-130.8347361072392	248.3900668493344	859.7829943722986
-130.8717660316232	248.3787721739605	859.4168192738658
-130.6991036370083	248.4021845954759	859.344055451463
-131.0570834828086	248.3402042684806	860.2274419702343
-130.6717974290496	248.40945127788	859.01678579641
-130.696107902902	248.4003903424164	859.3482806303242
-130.7881634288576	248.3824041398397	859.3633235164384
-131.0301369171371	248.3500717835274	859.797764795046
-130.9128609188775	248.3702092770952	860.0288465621344
-130.5909306561896	248.4202067931164	859.4140246454032
-130.9420278022318	248.351307337849	859.7273735590248
-130.6198751012305	248.409432861366	859.4035390704869
-130.6110713287616	248.4125767606929	858.8271609265909
-130.9091002024229	248.3657510967804	859.7517024352094
-130.8697714937111	248.3726007224528	859.9611153118304
-130.4427340971959	248.4375031988408	858.5326808390063
-130.8974448497542	248.3847674276367	860.376513390705
-130.7955737438534	248.3898370673839	859.5087215832932
-131.0972530529812	248.3281375446147	859.734136013469
-130.7501215236477	248.387559132148	859.2035976154759
-131.1420841275881	248.3208875120164	859.8177460033805
-130.8718716804484	248.3667556673735	859.9391366621797
-130.9617823820597	248.3552991979293	859.5630186787582
-131.0471533294884	248.3429313283374	860.2010306630702
-130.9966764754758	248.3542942108928	859.6092597785257
-130.9361706735698	248.3637470716785	859.9058254870849
-130.8692870537294	248.379352389376	859.7812764351672
-130.6052629658124	248.4205415354669	858.972430557197
-130.9235279018122	248.3668641628378	859.9688608456985
-131.012082855687	248.3536928303004	860.2493744243008
-131.0699941139897	248.3337313860889	860.2033039679945
-130.9285770018592	248.3623973343802	860.0020679454219
-130.7033078474163	248.4033242840358	859.8368264866285
-130.7101025838826	248.4013578406985	859.6108743008538
-130.7668410831875	248.4013037111357	859.9128763795451
-130.7521245115544	248.3920357176873	858.9552521467128
-131.1027027220198	248.3374659662527	860.179246379392
-130.867073639706	248.3826794524955	860.3828364753971
-131.186922371767	248.3217406478911	859.7857659931881
-130.9988432720762	248.346707020874	859.439288792435
-130.531865211235	248.4219010522376	858.5748885605828
-131.0069712279761	248.353034559551	860.98110943963
-131.0375551155998	248.3453018987935	860.2215874528367
-130.6263962118035	248.4085319634803	858.7758338214871
-131.0043646492513	248.3453470733561	860.1332258730783
-130.5795007185036	248.4275186459048	859.4170703999283
-130.4979988686854	248.428148493303	858.5944454668016
-130.762690797281	248.4049759114551	859.5297582460089
-130.6925760670016	248.39984585279	858.9927834411211
-130.7459968993568	248.4033686188331	859.5693413728808
-130.6957966943565	248.4031815683805	858.9719561366686
-130.6057159521466	248.4196012196203	859.2920351607893
-130.5735500254859	248.4265234526712	859.4218921246548
-130.9525621698369	248.3567174391567	859.544084028592
-130.4867665522235	248.4354419052788	858.5974548071871
-130.479058771988	248.4416958960403	859.2173329932817
-130.6294743994122	248.4102875921377	858.9833466324761
-130.867073639706	248.3826794524955	860.3828364753971
-130.7334153448165	248.3895727444266	859.33448339799
-130.5262699585665	248.4220327165494	858.9519380318832
-131.1161441891583	248.3293918605064	859.8463619083009
-130.764669766341	248.3848634480405	859.1268581767073
-130.5884445088021	248.425323886487	859.3968499910919
-130.6389105317271	248.4043709698389	858.9488219688511
-130.5994008926874	248.4133086899279	858.9281511221594
-130.3175015023338	248.4579507359904	858.9009403642057
-130.5216065881968	248.4038772290051	857.9128642828159
-130.3107659637342	248.4593181432608	859.1575891392152
-130.4052827727323	248.4494124936824	859.2393143874242
-130.2522921974192	248.4595738182261	858.1278049806137
-130.6498020177939	248.4008129772661	858.9598444154442
-131.1042355485519	248.3317653348873	860.1844627734021
-130.4969073085157	248.4204920888761	858.8471575111025
-131.0178624791719	248.3445762877826	859.5850512595306
-130.5102921680399	248.4285128815958	858.4759704376609
-130.541316220535	248.4228556407909	859.4000634872647
-130.7905730117889	248.3764283277542	859.313687866459
-130.5365827267972	248.4251243749886	859.0960328829735
-130.7684403594059	248.383400001165	859.1242142807685
-130.5996594092244	248.418051094781	859.3938180011971
-130.8354727429403	248.3697533544019	859.0862586501806
-130.82159095809	248.3699559697418	859.7481990680617
-130.9034026508434	248.3636799060502	859.153040056282
-130.5807972599795	248.4013061156488	858.4070221519634
-130.6412685520598	248.4078329351621	858.9282050045949
-130.6852140793895	248.4056488997302	858.9931209940283
-130.8605744312537	248.374041765262	859.9421743713615
-130.7737947388031	248.388432238796	859.7538775032278
-130.881721232773	248.3763585973367	859.395702574755
-131.071845384871	248.3336767970223	860.1930527449383
-130.7879197855388	248.3852008128778	859.3444069181276
-130.2964622968911	248.4576278765886	858.1924442404551
-131.0119138142448	248.3451722419026	860.346035958191
-130.6294743994122	248.4102875921377	858.9833466324761
-130.6452731927337	248.4087018111767	859.2852518479234
-131.0299720143009	248.3308374933929	859.4758355929838
-131.0934798666519	248.3389485144219	860.1871824553756
-130.7619639971356	248.3965502912238	859.5792356040998
-130.1931850310521	248.4841027288787	858.596253123055
-130.8123699057418	248.3811451226784	859.189226408023
-130.6976374049391	248.3898685370234	859.2491533990558
-130.4712718655888	248.4336923970104	859.1509411569427
-130.3890929565514	248.4455705888012	858.5465452573462
-131.1158791370259	248.3329433026354	859.74964429894
-130.775768250324	248.3775964138404	859.1238581397738
-130.9706493424104	248.3528426737552	859.9044664593856
-130.5614519838767	248.4033136408135	858.1677639449074
-131.0571893942293	248.3335113353234	859.9269320031608
-130.6719283279995	248.3948869212064	858.4542297435696
-130.9265231236615	248.3653193282416	859.8873015661695
-130.596591379552	248.4052205641774	858.9153591709043
-130.9419857175899	248.3640381053105	860.0928023213584
-130.8124025397118	248.3827815045992	859.6918711085685
-130.3518108503234	248.4561435245754	858.1389451341256
-130.6756097276709	248.4079740723294	859.0141333149405
-130.6523894996599	248.4005618390767	858.9251965967075
-130.170689958794	248.4765283604204	858.5058826109586
-130.8962364264746	248.3671647821308	860.0946308207898
-130.890275515626	248.3846169630201	859.761201815122
-130.7142196863477	248.3877805375648	859.1180772677728
-130.4038906185663	248.4518714475652	858.9781248730652
-130.3404010468054	248.4482043832532	858.4950785019143
-130.5178060246803	248.4334591255007	858.9618968486722
-130.8760311281612	248.378813081831	859.7820321594936
-130.4744533198235	248.4220858048145	858.05025218187
-130.3856979237702	248.456230634781	859.0185166129709
-130.530973581947	248.4090244096257	857.2545846574257
-130.7168359308966	248.3805348692718	858.9378087001935
-130.3381132695224	248.4489608188087	858.4999052716682
-130.2816438852016	248.4666662840966	858.1910518094273
-130.638628281224	248.4080917067634	858.9628495483645
-130.9966764754758	248.3542942108928	859.6092597785257
-130.8717660316232	248.3787721739605	859.4168192738658
-130.7055547613489	248.4001806627841	858.8739702553223
-130.6564358784295	248.402996867742	858.8340810389818
-130.4248496390941	248.4476970277956	858.5047419995169
-130.5511523428723	248.426856670679	858.5344123463647
-130.6852399295354	248.4039612410413	858.9486841953728
-130.494115752563	248.4346647807495	858.5718842683939
-130.4339392948203	248.4399984309677	858.5565036045545
-130.7298323402681	248.4072970866766	859.6604885210031
-131.0067765803473	248.3518390898545	859.5880311347224
-130.9277150847969	248.3723903298204	859.3820053645589
-130.881721232773	248.3763585973367	859.395702574755
-130.5029992461997	248.4427392264999	858.9353143791652
-130.7529066262629	248.3965813763881	858.9361940258076
-130.4410764687318	248.4500460736488	858.9844218542873
-130.8946280334017	248.3721297240532	859.2953013267229
-130.7789783299611	248.3963568264501	859.817248524508
-130.8928269034541	248.3690924767435	859.3927138896842
-130.36799037253	248.4629291925494	858.9364637846845
-130.5218461685809	248.4387362628048	858.5498688564642
-130.2817173729208	248.4824300563984	858.5279080772082
-130.8123614526503	248.3918704695346	859.6212822882848
-130.8447300039249	248.3876450399469	859.7621468868515
-130.8757358716429	248.3804968407914	860.3629937943861
-130.8345889220326	248.4035583328024	859.7946844424492
-130.494115752563	248.4346647807495	858.5718842683939
-130.4499658774221	248.4479210121387	858.9641927195396
-130.8085939453837	248.3826094959312	859.1918667292398
-130.5244459699446	248.4371881075532	858.5545259333303
-131.0869283833181	248.3425991344271	859.7212373889803
-130.648908601902	248.4187058878788	859.0142475896506
-130.4867665522235	248.4354419052788	858.5974548071871
-130.5470622484613	248.4236566798313	858.5559875262562
-130.7196414134281	248.4087316769997	858.9526758793161
-130.369859624775	248.4520030692083	857.9526999079485
-130.8353704356998	248.3773291973681	859.2819581304151
-130.2000754350573	248.4779119994373	857.114869482083
-130.4042048224044	248.451472147004	858.8920943451366
-130.8909517546065	248.3760792112334	858.2664568724597
-130.4646002560885	248.4445852641969	858.594839222782
-130.7980750126543	248.4014121855426	860.1561407340002
-130.5536776148519	248.4123418497335	857.2313995033777
-130.8347361072392	248.3900668493344	859.7829943722986
-130.5828966113815	248.4202006738854	858.332958651334
-130.4311408263873	248.4560574101763	858.956690721555
-130.4698993228928	248.4556239321313	858.9556028199089
-130.5753048242105	248.4134719164669	858.0754988556158
-130.4299091978802	248.4447052131721	858.7187531477484
-130.4444003385757	248.4504903745095	858.6077745186957
-130.5104827817077	248.4406195621968	858.580902891901
-130.4039915083031	248.4495063498409	858.4957552645415
-130.83673809441	248.3776005941751	859.3585603405363
-130.3937144907527	248.4674506468463	858.7609929680038
-130.7275582723025	248.403122205913	858.9820565880559
-130.4609190610572	248.4442173498491	858.5349501142288
-130.6289236646343	248.4379503505696	859.3925792393826
-130.4752635639526	248.4415890865045	858.4898838231376
-130.4145503532957	248.4610183582663	858.9777691496381
-130.8982493036593	248.3830593139688	859.3955099162173
-130.31956610163	248.4684016940121	858.1481129153412
-130.7466114997951	248.399578697118	858.934132606479
-130.6913527095613	248.4281253852446	859.049089203588
-130.8314860508065	248.3932943786918	859.3553471519039
-130.4532868901096	248.4479242596178	858.6069382796835
-130.7466114997951	248.399578697118	858.934132606479
-130.6988879928566	248.422053250975	859.7953595615222
-130.8100635120466	248.3945404113917	858.7060431433235
-130.7327487305647	248.4251656837659	860.1832401282962
-130.5532095191491	248.4301798171001	858.3562876331183
-130.8473327390586	248.3867647305203	859.3583530132256
-130.9595051153099	248.3653358463698	859.9755714358912
-130.6471602368004	248.4275951241158	859.4122223775308
-130.6075955635002	248.4251252667371	858.3155069452655
-130.7580742229629	248.3995994422494	859.1009319320847
-130.5513120291825	248.428064238966	858.5360303836579
-130.1646843427761	248.4941226939323	858.6116906845824
-130.8954919602613	248.383901097525	859.4004356557863
-130.8216250030892	248.3968059991953	859.4433642161641
-130.6350695276579	248.4212819351965	859.3828989739447
-130.708326677783	248.4113408672319	858.9742182330044
-130.901254151006	248.3853597385744	860.0220006360782
-130.9172507112985	248.3787562582034	859.3573270687722
-130.6364921168696	248.4398762730016	860.2649550890212
-130.6353255478648	248.409764329889	858.9585027139601
-130.7074958118629	248.4222849978968	859.7418819830268
-130.4281637253354	248.4569251299554	858.9613982561218
-130.4904527772011	248.4335404480977	858.5212521452228
-130.7749257563279	248.410643952245	860.15404728517
-130.4017568839585	248.4514611057626	858.574642242424
-130.5251539380978	248.4359520826208	858.3068754170818
-130.6123578654835	248.4103844399013	858.0628742141545
-130.6205492216559	248.4382502628748	859.5797129529059
-130.7530859508519	248.407198235872	859.0329209709015
-130.6875477548074	248.4174084483747	859.4014619209192
-130.9544175538107	248.374187439718	859.4476681845557
-130.4552176183903	248.447966288536	858.5866387337073
-130.5906528615527	248.4408345473227	859.6232484418438
-130.7604334303286	248.4009913117313	858.6262228163394
-130.9080292785165	248.3835531796855	859.1241374106365
-130.3229809045796	248.4980751183368	859.4556682819672
-130.4577799090543	248.4470071682913	858.9385723328868
-130.6127810830905	248.4306796037569	859.3734978675874
-130.6786722800486	248.4218548039777	858.7523441110114
-130.5188328438131	248.4396029205666	858.5546225982181
-130.6124075865145	248.4306142950056	858.6048599233117
-130.7812780333064	248.4051302313479	859.9284653741322
-130.8122165760801	248.3992091459297	859.7805395038911
-130.5467822922769	248.4354213023755	859.0573869309616
-130.853072252348	248.3866150987763	859.7366351023861
-130.9379384140691	248.3699633744733	859.360785839612
-130.662517163351	248.4139288598049	858.9368730948802
-130.5404794665294	248.4488476714611	859.4378573860454
-130.4450960222499	248.4327209996144	858.5534904629435
-130.7395082489006	248.4077628058495	859.7487688359109
-130.8122357008404	248.3991844721685	859.7807051710651
-130.7980750126543	248.4014121855426	860.1561407340002
-130.7327681833364	248.4115935711685	859.7481756095663
-130.5471575057134	248.4467336418352	859.092757120436
-130.1943376245644	248.4817143707457	858.4895026016177
-130.6519142933919	248.4225399778296	859.7807684467331
-130.5876758917921	248.4365985173539	859.3547848114121
-130.6350695276579	248.4212819351965	859.3828989739447
-130.8013588307728	248.3914885478807	858.900872265996
-130.7712576823162	248.3993588438632	859.0083540503542
-130.9354870804052	248.3714250203943	859.3556710057619
-130.8337835717716	248.3911090014458	859.8254924637912
-130.7529066262629	248.3965813763881	858.9361940258076
-130.7980750126543	248.4014121855426	860.1561407340002
-130.8900078343814	248.375345051997	859.3698342202226
-130.5983846397723	248.422984887032	859.3764760626079
-130.7614996512224	248.4026930895852	859.8251948442958
-130.5103617406345	248.4413567686103	858.5713831531815
-130.8517191931219	248.382242897267	859.7554724422012
-130.7754678692146	248.4041500048133	859.9712220930124
-130.7980750126543	248.4014121855426	860.1561407340002
-130.8611227941738	248.3816876805173	860.3876075472065
-130.6927972732667	248.4001307527351	858.9860378765262
-130.8447300039249	248.3876450399469	859.7621468868515
-130.8443101726501	248.38776847504	859.7625533502678
-130.5159242556431	248.4400170467687	858.9206891202783
-130.8447300039249	248.3876450399469	859.7621468868515
-130.6447178624294	248.4189481452894	859.3621640707977
-130.8551663916175	248.3805210647417	859.7595040206664
-130.7209402254705	248.4039613629886	859.3164362184539
-130.9631553718688	248.3698039066525	860.1458388382715
-130.8681594759712	248.3804918573391	859.4124308560503
-130.8026448716635	248.38858460714	858.9786055569826
-130.4867665522235	248.4354419052788	858.5974548071871
-130.8447300039249	248.3876450399469	859.7621468868515
-130.9354870804052	248.3714250203943	859.3556710057619
-130.5884445088021	248.425323886487	859.3968499910919
-130.6959377567735	248.4123945193408	859.4175014464431
-130.6905902103654	248.4158451089035	859.3610138098223
-130.948756373583	248.3627079509603	859.3577634345053
-130.8944004802711	248.367540447809	859.3142025463137
-130.7789783299611	248.3963568264501	859.817248524508
-130.6044113196071	248.4206101114824	859.3046043757478
-130.8065342049483	248.3860216671188	859.7690915913781
-130.8926487804581	248.3738039911521	859.3744313225245
-130.8862182249653	248.3765496983746	859.7316067958426
-130.5705599661568	248.4224724109712	858.3314177649991
-130.853072252348	248.3866150987763	859.7366351023861
-131.0270945610293	248.3478110713785	859.5855784848666
-130.8551663916175	248.3805210647417	859.7595040206664
-130.6723514097799	248.4045083211954	858.761754469985
-130.8073016693144	248.3991323269994	860.1358949487864
-130.7266018036561	248.3933114007835	859.5901258844166
-130.9277150847969	248.3723903298204	859.3820053645589
-130.9036683985835	248.3716562928089	860.0098990772517
-130.8416131504445	248.3892711858034	859.7577109159697
-130.8350979686636	248.3756238528328	859.7922593954379
-130.9064821611997	248.3693989550448	859.2735412256172
-130.8073016693144	248.3991323269994	860.1358949487864
-130.6479767915861	248.4167109451278	859.3276639485412
-130.5501240988106	248.4356047901473	859.7182351391622
-130.949948849838	248.36715211094	859.3385856281835
-130.4802750996371	248.4372298529438	858.5937765004992
-130.4550191331793	248.4515602337308	859.6177086181211
-130.8551663916175	248.3805210647417	859.7595040206664
-130.7882684125599	248.394073801508	859.7969176609938
-130.8455355549507	248.382876039847	859.7802561935075
-130.7717607124776	248.3941741046759	859.5583877056955
-130.3061570442163	248.4553713321215	858.1715263585069
-130.5302993292511	248.4317454050952	858.577383151305
-130.789072705453	248.3813952474227	859.2961364769469
-130.7378657274734	248.4006572670902	858.9605348959967
-130.7529066262629	248.3965813763881	858.9361940258076
-130.4038906185663	248.4518714475652	858.9781248730652
-131.1037811325156	248.3364392563597	860.1661068797763
-130.7540225180611	248.4003149560718	860.1868888682637
-130.6816875009695	248.4056819731136	858.9442382701062
-130.791740911039	248.3923647645452	859.7153503180523
-130.3856979237702	248.456230634781	859.0185166129709
-130.6549271072391	248.4119090475652	859.3598484418275
-131.0375551155998	248.3453018987935	860.2215874528367
-130.8455355549507	248.382876039847	859.7802561935075
-130.7358667386679	248.3986710865835	859.7496181625251
-130.9036683985835	248.3716562928089	860.0098990772517
-131.0976614987517	248.3344021818059	859.551841651863
-130.9716998832756	248.3622761191363	859.8859029378572
-130.7980750126543	248.4014121855426	860.1561407340002
-130.8757358716429	248.3804968407914	860.3629937943861
-131.0007477445044	248.3560652975833	860.5947783426116
-130.9004165573515	248.3693320015633	860.2555144603959
-130.7063146370409	248.4028180016025	859.6134815592903
-130.8653242084336	248.3761046740811	859.1892598957079
-130.8447300039249	248.3876450399469	859.7621468868515
-130.5435628888064	248.4392668490237	859.7895350222828
-130.6669112725353	248.403618004754	859.54328466878
-130.9383666637637	248.3698379266796	859.3603678433375
-130.8682049592151	248.3796327924323	860.1424681013472
-131.0079760636341	248.3469923061858	859.6062641810694
-130.8389053474764	248.3738296315605	859.3487235408302
-130.678501173369	248.4122305662611	859.9664573317948
-130.8447300039249	248.3876450399469	859.7621468868515
-130.6350695276579	248.4212819351965	859.3828989739447
-131.0467396885739	248.3430536061543	860.2014321578279
-131.096096660504	248.3351567070402	859.4243113640108
-131.0738694532363	248.3381617974791	859.5500262319482
-130.7868787937548	248.3954567347659	859.9526039062565
-130.9272560484382	248.3605268270024	859.9050942485851
-131.0505245512733	248.3413948570571	860.119342804037
-130.6219426016961	248.4180645468038	860.0405576967623
-130.9405514094909	248.3735317199097	860.540746284154
-130.9800603549572	248.3557520379458	859.9519789982005
-131.0934798666519	248.3389485144219	860.1871824553756
-131.0893479970179	248.3350293198894	860.6706254598341
-130.8447237448557	248.3755874724746	860.2895443245702
-131.0095731744521	248.3538368166724	860.5748218289576
-130.8895325052541	248.3731835723759	859.9755939619789
-130.7755299407062	248.3906969541284	859.7803191500841
-130.9702842570953	248.3581485045727	859.9728422408343
-130.9478025867534	248.3504896293612	859.4173845193699
-130.9150158888298	248.3643609709368	860.0068710973528
-130.9638117923591	248.3494248272786	859.541078545062
-131.1042355485519	248.3317653348873	860.1844627734021
-131.0934798666519	248.3389485144219	860.1871824553756
-130.8335964884935	248.3795050202363	860.009844712396
-130.9944835230039	248.3477646936214	860.1537619341191
-131.0168458938879	248.3385433229978	859.7553249599874
-131.0375551155998	248.3453018987935	860.2215874528367
-130.9036683985835	248.3716562928089	860.0098990772517
-131.0934798666519	248.3389485144219	860.1871824553756
-130.9400115116792	248.3550846853804	859.9990374202872
-130.7903456022056	248.3890582807905	859.8142122417725
-131.0934798666519	248.3389485144219	860.1871824553756
-131.186922371767	248.3217406478911	859.7857659931881
-131.0057578720705	248.3404825304522	860.1507330417194
-130.6272128078448	248.403666382493	858.793998604932
-131.0057578720705	248.3404825304522	860.1507330417194
-131.0488797219486	248.3380104788777	860.2185682594466
-130.8466670524779	248.3611439321881	859.9168305767323
-131.1941853857326	248.3050109604546	859.815945604664
-130.8592917775188	248.3772161346328	859.5581861427015
-130.9843963369921	248.3428952011282	859.788570211977
-130.937313941228	248.3580835297076	859.8842512057631
-130.9595051153099	248.3653358463698	859.9755714358912
-130.6314240967145	248.4084062471304	859.7774821336494
-130.9199138851127	248.3601579561244	859.7657071656785
-130.8574065487496	248.3683398241066	859.9048454354028
-130.9209987659393	248.3715539937853	859.3873601212421
-131.0826158480396	248.331793788701	860.1993996352231
-131.1495545046	248.3230262923207	859.8194828984814
-130.9064310645379	248.3633797666956	859.7866807150077
-131.034342405982	248.342722243006	860.4671724139023
-131.0154240359016	248.3381042365309	860.1302123445523
-130.9226546764712	248.3764447504786	860.3489624900038
-131.1536000510351	248.3170441255941	859.7177871356876
-131.1205047770197	248.3181260819962	860.6012743985119
-130.795893599069	248.3627565865508	859.7869323948175
-130.9913681219389	248.3420748924004	860.1163035257233
-131.1276924445106	248.322458480404	859.7832641515004
-131.0488797219486	248.3380104788777	860.2185682594466
-130.9944835230039	248.3477646936214	860.1537619341191
-131.0936625762299	248.3226422786715	860.0982146230327
-131.0934798666519	248.3389485144219	860.1871824553756
-130.8477322085888	248.357245608827	859.9301303640707
-130.9787494543846	248.3459117906898	860.2184372890624
-131.0098137974173	248.3394959348145	860.2531111212606
-131.0624270652935	248.3360483377484	860.2137701647572
-130.9306898079238	248.36394088304	860.5941079788622
-130.954822374209	248.3529548256576	860.4873003423005
-131.0488797219486	248.3380104788777	860.2185682594466
-130.7099123182608	248.3867951886008	859.44640695991
-131.0612296372281	248.3342209575185	860.1166137668437
-130.7864466451348	248.3709410990079	859.6805139990809
-130.6198630368644	248.4123659187078	859.9590578074393
-130.8605744312537	248.374041765262	859.9421743713615
-131.0488797219486	248.3380104788777	860.2185682594466
-131.1429427178092	248.3242239304785	859.720479351458
-130.9242365195988	248.3620755888957	859.9864444679449
-131.1918742046294	248.3137321027667	860.5049935705104
-130.8124025397118	248.3827815045992	859.6918711085685
-130.7295048399406	248.3946091868955	859.7940379397421
-130.9479894015191	248.3601006347784	859.8110014909023
-131.0057578720705	248.3404825304522	860.1507330417194
-131.0979401356941	248.3233959501048	859.7524597863771
-131.0488797219486	248.3380104788777	860.2185682594466
-131.1042355485519	248.3317653348873	860.1844627734021
-131.093659396658	248.324553012056	860.1965614097296
-130.8721863208596	248.3648768199902	859.8941465887939
-131.141068861757	248.3256846966374	859.7993867301108
-131.0488797219486	248.3380104788777	860.2185682594466
-130.8143616358149	248.3794372776797	859.1104936719207
-131.1141734470582	248.3293232096787	860.1634833182475
-130.9316371689996	248.363554290405	859.2008103691142
-130.9160252506663	248.3610250521422	859.7658116061032
-130.8357214128516	248.3746010375779	859.5200931259657
-130.9809202718751	248.3456590552714	859.8748852218631
-130.867073639706	248.3826794524955	860.3828364753971
-130.7545078688113	248.3929005728975	860.312177771835
-131.0057578720705	248.3404825304522	860.1507330417194
-130.8605744312537	248.374041765262	859.9421743713615
-130.8870879571119	248.3783378975661	859.9212449599387
-130.9361706735698	248.3637470716785	859.9058254870849
-130.6744881927492	248.3977778790253	859.5428485219633
-130.7101025838826	248.4013578406985	859.6108743008538
-130.8718716804484	248.3667556673735	859.9391366621797
-130.9574580570917	248.3591678007725	859.8060823317384
-130.9865642276195	248.3466176023366	859.7287007584882
-130.8347361072392	248.3900668493344	859.7829943722986
-130.8080476077443	248.3719176892495	859.7530089799261
-130.7674280768356	248.3915002246866	859.629213487645
-131.0867133237673	248.3306846349406	859.7554561926926
-130.8150031061758	248.3808190940515	860.1936561198141
-130.943977272317	248.3519693476439	859.4200217234531
-130.5162178998112	248.4315153301271	859.0263293016052
-130.5476764988227	248.4224028872705	859.346525043296
-131.1197359221518	248.3333224034819	859.5730811690955
-130.9595051153099	248.3653358463698	859.9755714358912
-131.0934798666519	248.3389485144219	860.1871824553756
-131.0874270816316	248.3389169323682	860.3860666788593
-130.8371609349763	248.3831524900064	859.5895574292313
-130.8333545624046	248.3805743433783	859.774542134228
-130.9836481466889	248.3520033662263	859.9118885228609
-130.9165274873882	248.3677049215253	859.9078328308275
-130.9529169330964	248.3578810625237	859.2780719055407
-130.8204063126437	248.3773027490948	859.7581138894918
-130.6643500808874	248.4075215897829	859.7909297627901
-130.7619639971356	248.3965502912238	859.5792356040998
-130.7000905144178	248.4099315381952	860.1196114094799
-130.8529517533357	248.3731210699777	859.8006630615878
-130.7621014062758	248.3968138092285	859.572310585286
-130.9696444210939	248.362872400627	859.9546124951526
-130.9865007888911	248.3374346638448	859.3561644147652
-130.8605744312537	248.374041765262	859.9421743713615
-131.0635001076965	248.3452881704237	859.5526210325937
-130.9702842570953	248.3581485045727	859.9728422408343
-131.0471533294884	248.3429313283374	860.2010306630702
-130.9702842570953	248.3581485045727	859.9728422408343
-130.4965816155411	248.4446202162747	858.9624436091135
-131.0015842770853	248.3539675231199	860.547760619888
-130.7157756112136	248.4054268063466	859.4422512092199
-131.0058923151664	248.3528701339344	859.6282010461057
-131.1042355485519	248.3317653348873	860.1844627734021
-130.5297717374596	248.422327699804	859.1081136168809
-131.0150734406061	248.3598692117348	859.9538183145577
-130.9150158888298	248.3643609709368	860.0068710973528
-130.7726007583128	248.3940255380139	859.590345382489
-131.0672552561091	248.3426109975766	860.5580871473923
-130.8803101967731	248.3788157202855	860.2785194884801
-131.0079760636341	248.3469923061858	859.6062641810694
-130.8654708610284	248.3714108671121	859.1754752211228
-130.5833191391056	248.4260463905052	859.414441913363
-130.8347361072392	248.3900668493344	859.7829943722986
-130.8101974392995	248.3776625205137	859.2099776486508
-130.7451660562631	248.3987724374585	859.9294852018637
-130.8124025397118	248.3827815045992	859.6918711085685
-130.9702842570953	248.3581485045727	859.9728422408343
-130.9592980633701	248.3661937414828	859.9882461328735
-130.9242053829086	248.3629146099873	860.0258190389191
-130.9150158888298	248.3643609709368	860.0068710973528
-130.9001595085248	248.3822093489255	859.740179423035
-130.6756097276709	248.4079740723294	859.0141333149405
-131.0145021032386	248.349457639818	859.9321535463577
-130.770630619097	248.3896747930344	859.5719065280531
-131.0634350037388	248.3406887706577	859.5716790754437
-130.9128609188775	248.3702092770952	860.0288465621344
-130.665604630765	248.4093796230032	859.3386534470394
-130.9272560484382	248.3605268270024	859.9050942485851
-131.046622683506	248.3354810758529	860.1296013114834
-130.8783203360607	248.3715948117492	860.1343045165701
-130.8865493983961	248.3733573786881	860.3603527788483
-130.8790379866583	248.3676060217211	859.151641563045
-130.9800603549572	248.3557520379458	859.9519789982005
-131.0067765803473	248.3518390898545	859.5880311347224
-130.7777630770509	248.3890274486306	859.6082580600054
-130.802489793382	248.3851831713413	859.7126027247801
-131.0375551155998	248.3453018987935	860.2215874528367
-130.9272560484382	248.3605268270024	859.9050942485851
-131.0922667075056	248.3294089596992	860.1786000852975
-130.822972410436	248.384711165914	859.6185647472349
-131.06105378126	248.3350316372002	860.1289608845523
-130.8651316015271	248.3761105635779	859.1565423709998
-130.9892751292014	248.3542990809875	859.9709180125876
-130.9924111736593	248.3526597563096	859.862162707767
-130.7196767798917	248.4006090476624	860.0972350496791
-131.1002624506588	248.3263986641107	860.2542241586851
-130.9597817081339	248.3509151931659	859.9848919033938
-130.9064310645379	248.3633797666956	859.7866807150077
-130.7303860886995	248.3918513019505	859.5875099120714
-130.9283170806254	248.3578788205854	859.6759860919587
-130.9384663154957	248.3651935682046	859.3793036926161
-130.9884510817481	248.3606634691073	860.5179449530428
-130.8309678343585	248.3721508522324	859.5306555071403
-130.890423840737	248.369466247573	859.7580318417467
-131.050528157898	248.3270294040796	860.1287055027825
-131.0079760636341	248.3469923061858	859.6062641810694
-130.8389053474764	248.3738296315605	859.3487235408302
-131.022358897577	248.3372868431924	860.1786585930239
-130.910395317881	248.3579411231771	859.1530052094374
-131.1978795071804	248.3191011008587	859.7638971949472
-130.8907470814442	248.3701538759098	859.7705504587191
-130.933442401438	248.3606250727246	860.0053873690179
-131.0300963759056	248.3405325207252	859.4848559800822
-130.8974448497542	248.3847674276367	860.376513390705
-130.8718716804484	248.3667556673735	859.9391366621797
-130.7296864220754	248.3916014736672	859.5088873724105
-130.7625205517523	248.3704565246978	859.1777957814076
-130.9242365195988	248.3620755888957	859.9864444679449
-130.8448978021901	248.3722213372318	860.0068013278269
-130.8359887200667	248.3777786138704	860.3093557782181
-130.7765933412487	248.3878880159301	859.5738840882664
-131.186922371767	248.3217406478911	859.7857659931881
-131.1141734470582	248.3293232096787	860.1634833182475
-130.942524359688	248.3669996872269	860.32595041406
-130.9150158888298	248.3643609709368	860.0068710973528
-131.0582626334365	248.3356793377065	860.198026431591
-130.802489793382	248.3851831713413	859.7126027247801
-131.0362638907518	248.3286616536349	860.0940223299076
-131.0979401356941	248.3233959501048	859.7524597863771
-130.3694086168668	248.4592120038352	859.3681857961535
-130.9525621698369	248.3567174391567	859.544084028592
-130.6744881927492	248.3977778790253	859.5428485219633
-130.8052348055078	248.3771898029533	859.7323009657408
-130.775768250324	248.3775964138404	859.1238581397738
-130.7789783299611	248.3963568264501	859.817248524508
-130.7860212049362	248.3855793058534	859.5531218607621
-130.7244961596622	248.394473724267	859.6241973217872
-130.8998643522319	248.3546477941242	859.7961121292951
-131.0612296372281	248.3342209575185	860.1166137668437
-130.802489793382	248.3851831713413	859.7126027247801
-130.8089568801848	248.3942180477495	860.153381883014
-130.4074756280735	248.4497994728546	858.896444812311
-130.7886586455487	248.3847139340885	859.4842646289378
-130.8193276154995	248.3800996297889	859.1705973742871
-130.9696642131131	248.3512475064305	860.5212046139819
-130.3721691691192	248.4466027237844	858.9077800384283
-131.0178624791719	248.3445762877826	859.5850512595306
-130.7683070723634	248.3899552863313	859.6131974259209
-130.4055722366025	248.4468370553536	858.9953551082239
-130.7508084752056	248.3818553920564	859.2793695558611
-131.0612296372281	248.3342209575185	860.1166137668437
-130.7967105940498	248.3792132673262	859.7560474109839
-131.0582626334365	248.3356793377065	860.198026431591
-130.9702842570953	248.3581485045727	859.9728422408343
-130.5082172313894	248.4131912346285	858.8441161452871
-130.909533975898	248.3778535914803	860.1828500236313
-130.6616348290008	248.3966800708851	858.8601150775719
-130.7686936031883	248.3877636473132	859.4148703187655
-131.0057578720705	248.3404825304522	860.1507330417194
-130.7013249681578	248.3876787342482	859.568211069703
-130.8480282916219	248.37310950072	859.8037927847765
-130.5863376241737	248.4172889654761	858.9443647247646
-131.0142029849685	248.3393312570878	860.3240406383235
-130.7394022060509	248.3892454158147	859.4881555033749
-130.8398750451228	248.3768772055243	859.8237339840798
-130.9702842570953	248.3581485045727	859.9728422408343
-131.0471533294884	248.3429313283374	860.2010306630702
-130.849286578774	248.3686982777413	859.777607508993
-130.6624273459243	248.3872402850424	859.4860011880984
-131.0488797219486	248.3380104788777	860.2185682594466
-130.6048533606795	248.4054166261851	859.3019237713222