[239.3291015625;
 64.2109375;
 57.078125;
 73.1875;
 55.4892578125;
 31.2939453125;
 236.8427734375;
 61.8505859375;
 264.3291015625;
 243.3681640625;
 146.658203125;
 238.0234375;
 205.673828125][241.541015625;
 63.740234375;
 57.0703125;
 73.13671875;
 55.4814453125;
 30.4228515625;
 236.09375;
 61.7998046875;
 263.06640625;
 243.3291015625;
 146.658203125;
 237.630859375;
 205.11328125][242.9638671875;
 64.2900390625;
 56.19140625;
 73.4033203125;
 55.544921875;
 30.4384765625;
 237.8037109375;
 62.015625;
 266.509765625;
 243.3837890625;
 147.23828125;
 238.3017578125;
 206.2109375][242.0546875;
 64.2421875;
 56.1171875;
 73.18359375;
 55.525390625;
 30.4892578125;
 238.9169921875;
 61.9130859375;
 266.3916015625;
 242.4072265625;
 146.697265625;
 237.24609375;
 205.2509765625][242.4423828125;
 63.8623046875;
 55.705078125;
 73.2666015625;
 55.548828125;
 30.8935546875;
 237.7919921875;
 61.9326171875;
 265.0234375;
 244.04296875;
 146.9052734375;
 237.603515625;
 204.9326171875][242.109375;
 64.2548828125;
 56.015625;
 73.654296875;
 55.591796875;
 30.9482421875;
 236.9755859375;
 61.9873046875;
 265.626953125;
 244.12890625;
 147.234375;
 237.3642578125;
 205.3798828125][241.01953125;
 64.2822265625;
 56.3720703125;
 73.7607421875;
 55.4541015625;
 30.4580078125;
 237.583984375;
 62.3837890625;
 264.662109375;
 244.1640625;
 146.8779296875;
 237.4033203125;
 205.728515625][241.19921875;
 64.22265625;
 57.16015625;
 73.2109375;
 55.560546875;
 30.8115234375;
 236.4931640625;
 61.9638671875;
 263.3017578125;
 242.9794921875;
 146.8271484375;
 238.109375;
 205.2939453125][241.8662109375;
 64.3017578125;
 57.12109375;
 73.7724609375;
 55.517578125;
 30.521484375;
 236.548828125;
 62.505859375;
 262.513671875;
 242.7958984375;
 147.21875;
 237.2509765625;
 205.2626953125][241.8974609375;
 64.140625;
 56.9951171875;
 73.1953125;
 55.541015625;
 30.8623046875;
 236.3681640625;
 62.3642578125;
 263.3681640625;
 243.3681640625;
 147.07421875;
 237.533203125;
 204.8583984375][241.4072265625;
 63.9013671875;
 57.08203125;
 73.2509765625;
 55.4580078125;
 30.4775390625;
 236.517578125;
 62.4580078125;
 262.7646484375;
 243.619140625;
 146.658203125;
 237.7998046875;
 205.564453125][241.9326171875;
 64.24609375;
 56.9208984375;
 73.728515625;
 55.662109375;
 30.8974609375;
 236.599609375;
 62.046875;
 263.505859375;
 243.3916015625;
 147.2939453125;
 238.21875;
 205.4423828125][241.8857421875;
 64.16796875;
 57.2705078125;
 73.3017578125;
 55.552734375;
 30.533203125;
 236.9638671875;
 62.3134765625;
 264.595703125;
 242.728515625;
 146.716796875;
 237.7841796875;
 205.12890625][241.2109375;
 64.22265625;
 57.19921875;
 73.3994140625;
 55.580078125;
 30.521484375;
 236.529296875;
 61.8935546875;
 264.8544921875;
 242.517578125;
 146.7763671875;
 237.2509765625;
 205.7685546875][240.533203125;
 64.2822265625;
 56.9169921875;
 73.17578125;
 55.568359375;
 30.8740234375;
 238.662109375;
 62.0625;
 264.560546875;
 243.513671875;
 147.595703125;
 237.24609375;
 205.8388671875][243.02734375;
 64.18359375;
 55.3720703125;
 73.22265625;
 55.587890625;
 30.8974609375;
 237.3837890625;
 62.4033203125;
 264.4619140625;
 244.1640625;
 147.09765625;
 237.1796875;
 205.12890625]