[222.576171875;
 64.513671875;
 51.4658203125;
 73.234375;
 55.2109375;
 31.015625;
 214.3525390625;
 64.04296875;
 245.521484375;
 219.583984375;
 133.4306640625;
 213.693359375;
 180.3369140625][221.3330078125;
 64.3369140625;
 49.2666015625;
 73.1328125;
 54.654296875;
 30.9482421875;
 213.7529296875;
 63.9248046875;
 244.529296875;
 218.3447265625;
 133.3017578125;
 212.9951171875;
 180.3564453125][221.599609375;
 63.533203125;
 49.2587890625;
 73;
 54.599609375;
 30.8701171875;
 213.4658203125;
 63.8427734375;
 243.599609375;
 218.05078125;
 133.19921875;
 213.2900390625;
 180.576171875][223.3408203125;
 64.07421875;
 49.3212890625;
 73.10546875;
 54.716796875;
 30.9833984375;
 213.8310546875;
 63.9638671875;
 242.9873046875;
 218.14453125;
 133.4619140625;
 213.4501953125;
 181.1875][221.21484375;
 64.01953125;
 50.125;
 73.4814453125;
 54.568359375;
 30.9912109375;
 213.9521484375;
 63.9951171875;
 244.4931640625;
 219.18359375;
 133.3564453125;
 214.3681640625;
 180.3642578125][222.4072265625;
 63.591796875;
 50.09765625;
 73.0546875;
 55.1484375;
 30.9443359375;
 213.537109375;
 63.9638671875;
 243.9755859375;
 219;
 133.4736328125;
 214.2900390625;
 181.4658203125][220.7529296875;
 63.109375;
 49.8857421875;
 73.11328125;
 55.0625;
 31.0703125;
 212.638671875;
 63.9873046875;
 245.3759765625;
 219.4423828125;
 133.4462890625;
 214.15625;
 180.697265625][221.13671875;
 63.630859375;
 49.9833984375;
 73.13671875;
 54.748046875;
 30.9755859375;
 213.9287109375;
 63.9833984375;
 245.00390625;
 219.046875;
 133.4853515625;
 214.4150390625;
 180.8076171875][221.3916015625;
 64.03515625;
 49.8505859375;
 73.21875;
 54.2978515625;
 31.05859375;
 214.3681640625;
 64.07421875;
 245.00390625;
 218.9169921875;
 133.3525390625;
 215.1484375;
 181.14453125][221.3994140625;
 63.8857421875;
 50.3681640625;
 73.05859375;
 55.09375;
 30.9716796875;
 214.01953125;
 64.0078125;
 244.4384765625;
 218.4423828125;
 133.3955078125;
 214.705078125;
 180.3056640625][221.10546875;
 64.11328125;
 50.3525390625;
 73.12890625;
 54.744140625;
 31.05859375;
 214.8935546875;
 64.08203125;
 245.1328125;
 218.7685546875;
 133.564453125;
 213.9912109375;
 181.3876953125][221.2744140625;
 63.623046875;
 49.00390625;
 73.140625;
 54.623046875;
 30.9794921875;
 212.9013671875;
 64.03515625;
 245.3447265625;
 218.4228515625;
 133.572265625;
 214.712890625;
 181.23046875][222.3056640625;
 64.01953125;
 48.9560546875;
 73.14453125;
 54.3017578125;
 31.046875;
 213.3095703125;
 64.15625;
 244.4970703125;
 217.9560546875;
 133.4267578125;
 214.7919921875;
 181.3173828125][223.16796875;
 64.07421875;
 49.4033203125;
 73.564453125;
 54.3642578125;
 30.9365234375;
 212.09375;
 64.07421875;
 244.7958984375;
 218.7763671875;
 133.4384765625;
 214.8115234375;
 180.8701171875][221.22265625;
 63.603515625;
 50.583984375;
 73.14453125;
 55.17578125;
 30.9716796875;
 211.626953125;
 64.07421875;
 244.708984375;
 219.2666015625;
 133.611328125;
 214.556640625;
 181.22265625][223.07421875;
 63.595703125;
 50.662109375;
 73.4462890625;
 54.666015625;
 30.9794921875;
 213.2109375;
 63.9560546875;
 243.3212890625;
 217.658203125;
 133.2705078125;
 213.2861328125;
 180.658203125]