Sin ordenar:[717.4896850585938, 680.2618408203125, 686.317626953125, 652.705810546875;
 539.0449829101563, 493.2514953613281, 567.674072265625, 503.2921752929688]Ordenado:[717.4896850585938, 652.705810546875, 680.2618408203125, 686.317626953125;
 539.0449829101563, 503.2921752929688, 493.2514953613281, 567.674072265625]Sin ordenar:[717.4985961914063, 680.2312622070313, 686.2924194335938, 652.665771484375;
 539.0335083007813, 493.2301635742188, 567.6598510742188, 503.2496643066406]Ordenado:[717.4985961914063, 652.665771484375, 680.2312622070313, 686.2924194335938;
 539.0335083007813, 503.2496643066406, 493.2301635742188, 567.6598510742188]Sin ordenar:[717.5552368164063, 680.2870483398438, 686.349609375, 652.7124633789063;
 538.9580078125, 493.1426391601563, 567.5968627929688, 503.1898803710938]Ordenado:[717.5552368164063, 652.7124633789063, 680.2870483398438, 686.349609375;
 538.9580078125, 503.1898803710938, 493.1426391601563, 567.5968627929688]Sin ordenar:[717.5711669921875, 680.2908325195313, 686.3623657226563, 652.7234497070313;
 538.9511108398438, 493.1265258789063, 567.5835571289063, 503.1721801757813]Ordenado:[717.5711669921875, 652.7234497070313, 680.2908325195313, 686.3623657226563;
 538.9511108398438, 503.1721801757813, 493.1265258789063, 567.5835571289063]Sin ordenar:[717.583740234375, 680.306640625, 686.3734741210938, 652.726318359375;
 538.942138671875, 493.1108093261719, 567.5654296875, 503.1650390625]Ordenado:[717.583740234375, 652.726318359375, 680.306640625, 686.3734741210938;
 538.942138671875, 503.1650390625, 493.1108093261719, 567.5654296875]Sin ordenar:[717.6170043945313, 680.3296508789063, 686.405029296875, 652.7537231445313;
 538.916748046875, 493.0990600585938, 567.5587158203125, 503.1553344726563]Ordenado:[717.6170043945313, 652.7537231445313, 680.3296508789063, 686.405029296875;
 538.916748046875, 503.1553344726563, 493.0990600585938, 567.5587158203125]Sin ordenar:[717.6178588867188, 680.34765625, 686.4166870117188, 652.7625732421875;
 538.927978515625, 493.1051025390625, 567.5677490234375, 503.1558227539063]Ordenado:[717.6178588867188, 686.4166870117188, 652.7625732421875, 680.34765625;
 538.927978515625, 567.5677490234375, 503.1558227539063, 493.1051025390625]Sin ordenar:[717.609375, 680.3637084960938, 686.4354248046875, 652.7877197265625;
 538.9219970703125, 493.1109008789063, 567.55029296875, 503.145263671875]Ordenado:[717.609375, 686.4354248046875, 652.7877197265625, 680.3637084960938;
 538.9219970703125, 567.55029296875, 503.145263671875, 493.1109008789063]Sin ordenar:[717.6498413085938, 680.3685913085938, 686.4420166015625, 652.7813110351563;
 538.8990478515625, 493.0832214355469, 567.5419921875, 503.1351013183594]Ordenado:[717.6498413085938, 686.4420166015625, 652.7813110351563, 680.3685913085938;
 538.8990478515625, 567.5419921875, 503.1351013183594, 493.0832214355469]Sin ordenar:[717.6375122070313, 680.347900390625, 686.4298706054688, 652.7702026367188;
 538.9231567382813, 493.096923828125, 567.5639038085938, 503.1529541015625]Ordenado:[717.6375122070313, 686.4298706054688, 652.7702026367188, 680.347900390625;
 538.9231567382813, 567.5639038085938, 503.1529541015625, 493.096923828125]Sin ordenar:[737.6602172851563, 703.3892211914063, 705.9415283203125, 675.7254028320313;
 535.2437744140625, 490.8412475585938, 563.547607421875, 500.8213806152344]Ordenado:[737.6602172851563, 705.9415283203125, 675.7254028320313, 703.3892211914063;
 535.2437744140625, 563.547607421875, 500.8213806152344, 490.8412475585938]Sin ordenar:[737.681396484375, 703.4017944335938, 705.9590454101563, 675.734619140625;
 535.2571411132813, 490.8409423828125, 563.556396484375, 500.8272399902344]Ordenado:[737.681396484375, 705.9590454101563, 675.734619140625, 703.4017944335938;
 535.2571411132813, 563.556396484375, 500.8272399902344, 490.8409423828125]Sin ordenar:[717.6270751953125, 680.3499755859375, 686.4257202148438, 652.7667236328125;
 538.9129638671875, 493.08935546875, 567.5513305664063, 503.1456909179688]Ordenado:[717.6270751953125, 686.4257202148438, 652.7667236328125, 680.3499755859375;
 538.9129638671875, 567.5513305664063, 503.1456909179688, 493.08935546875]Sin ordenar:[737.6712036132813, 703.4010620117188, 705.9495239257813, 675.7317504882813;
 535.2598876953125, 490.8408203125, 563.54931640625, 500.8271179199219]Ordenado:[737.6712036132813, 705.9495239257813, 675.7317504882813, 703.4010620117188;
 535.2598876953125, 563.54931640625, 500.8271179199219, 490.8408203125]Sin ordenar:[717.6325073242188, 680.35205078125, 686.4302978515625, 652.7769165039063;
 538.9075317382813, 493.0929260253906, 567.5420532226563, 503.13232421875]Ordenado:[717.6325073242188, 686.4302978515625, 652.7769165039063, 680.35205078125;
 538.9075317382813, 567.5420532226563, 503.13232421875, 493.0929260253906]Sin ordenar:[737.666015625, 703.3942260742188, 705.9615478515625, 675.7267456054688;
 535.2534790039063, 490.84814453125, 563.5591430664063, 500.8190002441406]Ordenado:[737.666015625, 705.9615478515625, 675.7267456054688, 703.3942260742188;
 535.2534790039063, 563.5591430664063, 500.8190002441406, 490.84814453125]Sin ordenar:[717.6345825195313, 680.3555908203125, 686.4273071289063, 652.7671508789063;
 538.9093017578125, 493.0880737304688, 567.5443725585938, 503.1412353515625]Ordenado:[717.6345825195313, 686.4273071289063, 652.7671508789063, 680.3555908203125;
 538.9093017578125, 567.5443725585938, 503.1412353515625, 493.0880737304688]Sin ordenar:[737.6577758789063, 703.392578125, 705.9450073242188, 675.7247314453125;
 535.248291015625, 490.8392639160156, 563.5537719726563, 500.8154602050781]Ordenado:[737.6577758789063, 705.9450073242188, 675.7247314453125, 703.392578125;
 535.248291015625, 563.5537719726563, 500.8154602050781, 490.8392639160156]Sin ordenar:[717.630859375, 680.35205078125, 686.4249267578125, 652.7678833007813;
 538.9173583984375, 493.0926818847656, 567.549072265625, 503.1463928222656]Ordenado:[717.630859375, 686.4249267578125, 652.7678833007813, 680.35205078125;
 538.9173583984375, 567.549072265625, 503.1463928222656, 493.0926818847656]Sin ordenar:[737.6597290039063, 703.3953857421875, 705.9498291015625, 675.7162475585938;
 535.2523803710938, 490.8459167480469, 563.5608520507813, 500.8297119140625]Ordenado:[737.6597290039063, 705.9498291015625, 675.7162475585938, 703.3953857421875;
 535.2523803710938, 563.5608520507813, 500.8297119140625, 490.8459167480469]Sin ordenar:[717.6434326171875, 680.3494873046875, 686.4286499023438, 652.7647094726563;
 538.9158325195313, 493.0848999023438, 567.5584716796875, 503.1473999023438]Ordenado:[717.6434326171875, 686.4286499023438, 652.7647094726563, 680.3494873046875;
 538.9158325195313, 567.5584716796875, 503.1473999023438, 493.0848999023438]Sin ordenar:[737.6696166992188, 703.3875122070313, 705.9525756835938, 675.7135620117188;
 535.2659301757813, 490.8417358398438, 563.5667114257813, 500.8319396972656]Ordenado:[737.6696166992188, 705.9525756835938, 675.7135620117188, 703.3875122070313;
 535.2659301757813, 563.5667114257813, 500.8319396972656, 490.8417358398438]Sin ordenar:[717.6361694335938, 680.3550415039063, 686.4268798828125, 652.7677001953125;
 538.9141845703125, 493.0926818847656, 567.558837890625, 503.1427917480469]Ordenado:[717.6361694335938, 686.4268798828125, 652.7677001953125, 680.3550415039063;
 538.9141845703125, 567.558837890625, 503.1427917480469, 493.0926818847656]Sin ordenar:[737.66943359375, 703.3961181640625, 705.9466552734375, 675.7330322265625;
 535.2737426757813, 490.8485717773438, 563.5685424804688, 500.8369750976563]Ordenado:[737.66943359375, 705.9466552734375, 675.7330322265625, 703.3961181640625;
 535.2737426757813, 563.5685424804688, 500.8369750976563, 490.8485717773438]Sin ordenar:[717.6361083984375, 680.365478515625, 686.4356079101563, 652.7763671875;
 538.9253540039063, 493.0929870605469, 567.5592041015625, 503.1504211425781]Ordenado:[717.6361083984375, 686.4356079101563, 652.7763671875, 680.365478515625;
 538.9253540039063, 567.5592041015625, 503.1504211425781, 493.0929870605469]Sin ordenar:[737.6685180664063, 703.40087890625, 705.9495239257813, 675.7298583984375;
 535.2695922851563, 490.859619140625, 563.57177734375, 500.8477172851563]Ordenado:[737.6685180664063, 705.9495239257813, 675.7298583984375, 703.40087890625;
 535.2695922851563, 563.57177734375, 500.8477172851563, 490.859619140625]Sin ordenar:[717.6390380859375, 680.3677978515625, 686.4296264648438, 652.7747802734375;
 538.9182739257813, 493.0943908691406, 567.5547485351563, 503.1420288085938]Ordenado:[717.6390380859375, 686.4296264648438, 652.7747802734375, 680.3677978515625;
 538.9182739257813, 567.5547485351563, 503.1420288085938, 493.0943908691406]Sin ordenar:[737.6627197265625, 703.396484375, 705.9449462890625, 675.7296752929688;
 535.2672729492188, 490.8578491210938, 563.56591796875, 500.8409423828125]Ordenado:[737.6627197265625, 705.9449462890625, 675.7296752929688, 703.396484375;
 535.2672729492188, 563.56591796875, 500.8409423828125, 490.8578491210938]Sin ordenar:[717.6415405273438, 680.3606567382813, 686.4300537109375, 652.7766723632813;
 538.9153442382813, 493.09228515625, 567.5535278320313, 503.1510620117188]Ordenado:[717.6415405273438, 686.4300537109375, 652.7766723632813, 680.3606567382813;
 538.9153442382813, 567.5535278320313, 503.1510620117188, 493.09228515625]Sin ordenar:[737.6685791015625, 703.3994140625, 705.9456787109375, 675.7234497070313;
 535.2537231445313, 490.8504638671875, 563.5521850585938, 500.8256225585938]Ordenado:[737.6685791015625, 705.9456787109375, 675.7234497070313, 703.3994140625;
 535.2537231445313, 563.5521850585938, 500.8256225585938, 490.8504638671875]Sin ordenar:[717.6301879882813, 680.3606567382813, 686.4266967773438, 652.7809448242188;
 538.9136962890625, 493.0887451171875, 567.552001953125, 503.1468200683594]Ordenado:[717.6301879882813, 686.4266967773438, 652.7809448242188, 680.3606567382813;
 538.9136962890625, 567.552001953125, 503.1468200683594, 493.0887451171875]Sin ordenar:[737.6676025390625, 703.3989868164063, 705.9501342773438, 675.7298583984375;
 535.2489013671875, 490.8353271484375, 563.554443359375, 500.8280334472656]Ordenado:[737.6676025390625, 705.9501342773438, 675.7298583984375, 703.3989868164063;
 535.2489013671875, 563.554443359375, 500.8280334472656, 490.8353271484375]Sin ordenar:[717.6371459960938, 680.3472900390625, 686.4234008789063, 652.7581176757813;
 538.906005859375, 493.0807800292969, 567.5416870117188, 503.1419372558594]Ordenado:[717.6371459960938, 686.4234008789063, 652.7581176757813, 680.3472900390625;
 538.906005859375, 567.5416870117188, 503.1419372558594, 493.0807800292969]Sin ordenar:[737.66162109375, 703.3927001953125, 705.939208984375, 675.7184448242188;
 535.2561645507813, 490.8475341796875, 563.5531005859375, 500.8247375488281]Ordenado:[737.66162109375, 705.939208984375, 675.7184448242188, 703.3927001953125;
 535.2561645507813, 563.5531005859375, 500.8247375488281, 490.8475341796875]Sin ordenar:[717.6349487304688, 680.3505859375, 686.430908203125, 652.7664794921875;
 538.909423828125, 493.08837890625, 567.5504150390625, 503.1438598632813]Ordenado:[717.6349487304688, 686.430908203125, 652.7664794921875, 680.3505859375;
 538.909423828125, 567.5504150390625, 503.1438598632813, 493.08837890625]Sin ordenar:[737.6715087890625, 703.40380859375, 705.9484252929688, 675.7271728515625;
 535.2723388671875, 490.8531494140625, 563.5658569335938, 500.8391723632813]Ordenado:[737.6715087890625, 705.9484252929688, 675.7271728515625, 703.40380859375;
 535.2723388671875, 563.5658569335938, 500.8391723632813, 490.8531494140625]Sin ordenar:[717.6314086914063, 680.3486938476563, 686.4240112304688, 652.7667236328125;
 538.91162109375, 493.0818481445313, 567.552734375, 503.1424865722656]Ordenado:[717.6314086914063, 686.4240112304688, 652.7667236328125, 680.3486938476563;
 538.91162109375, 567.552734375, 503.1424865722656, 493.0818481445313]Sin ordenar:[737.6630249023438, 703.4053955078125, 705.9485473632813, 675.7357177734375;
 535.2592163085938, 490.8476867675781, 563.559814453125, 500.8303833007813]Ordenado:[737.6630249023438, 705.9485473632813, 675.7357177734375, 703.4053955078125;
 535.2592163085938, 563.559814453125, 500.8303833007813, 490.8476867675781]Sin ordenar:[717.6384887695313, 680.3541870117188, 686.4190673828125, 652.7684936523438;
 538.9034423828125, 493.0833435058594, 567.5502319335938, 503.1441040039063]Ordenado:[717.6384887695313, 686.4190673828125, 652.7684936523438, 680.3541870117188;
 538.9034423828125, 567.5502319335938, 503.1441040039063, 493.0833435058594]Sin ordenar:[737.6697998046875, 703.3907470703125, 705.9510498046875, 675.7266845703125;
 535.2537841796875, 490.8416442871094, 563.5543212890625, 500.8258666992188]Ordenado:[737.6697998046875, 705.9510498046875, 675.7266845703125, 703.3907470703125;
 535.2537841796875, 563.5543212890625, 500.8258666992188, 490.8416442871094]Sin ordenar:[717.6278686523438, 680.3549194335938, 686.4157104492188, 652.7609252929688;
 538.907470703125, 493.082275390625, 567.55029296875, 503.1402587890625]Ordenado:[717.6278686523438, 686.4157104492188, 652.7609252929688, 680.3549194335938;
 538.907470703125, 567.55029296875, 503.1402587890625, 493.082275390625]Sin ordenar:[737.6679077148438, 703.3975830078125, 705.9468994140625, 675.7325439453125;
 535.2539672851563, 490.8462219238281, 563.5552368164063, 500.8240966796875]Ordenado:[737.6679077148438, 705.9468994140625, 675.7325439453125, 703.3975830078125;
 535.2539672851563, 563.5552368164063, 500.8240966796875, 490.8462219238281]Sin ordenar:[717.6514892578125, 680.3558349609375, 686.4315185546875, 652.760498046875;
 538.9112548828125, 493.0901794433594, 567.5484008789063, 503.140380859375]Ordenado:[717.6514892578125, 686.4315185546875, 652.760498046875, 680.3558349609375;
 538.9112548828125, 567.5484008789063, 503.140380859375, 493.0901794433594]Sin ordenar:[737.67529296875, 703.40283203125, 705.95263671875, 675.7338256835938;
 535.2597045898438, 490.8411865234375, 563.5579833984375, 500.8286743164063]Ordenado:[737.67529296875, 705.95263671875, 675.7338256835938, 703.40283203125;
 535.2597045898438, 563.5579833984375, 500.8286743164063, 490.8411865234375]Sin ordenar:[717.6343994140625, 680.353271484375, 686.4353637695313, 652.762451171875;
 538.9093627929688, 493.0870056152344, 567.5523071289063, 503.1409301757813]Ordenado:[717.6343994140625, 686.4353637695313, 652.762451171875, 680.353271484375;
 538.9093627929688, 567.5523071289063, 503.1409301757813, 493.0870056152344]Sin ordenar:[737.6766967773438, 703.3992919921875, 705.9539184570313, 675.7410278320313;
 535.259521484375, 490.8390808105469, 563.5516357421875, 500.8261108398438]Ordenado:[737.6766967773438, 705.9539184570313, 675.7410278320313, 703.3992919921875;
 535.259521484375, 563.5516357421875, 500.8261108398438, 490.8390808105469]Sin ordenar:[717.6283569335938, 680.3518676757813, 686.4259033203125, 652.7617797851563;
 538.9113159179688, 493.0867309570313, 567.5506591796875, 503.1394653320313]Ordenado:[717.6283569335938, 686.4259033203125, 652.7617797851563, 680.3518676757813;
 538.9113159179688, 567.5506591796875, 503.1394653320313, 493.0867309570313]Sin ordenar:[737.673095703125, 703.4033203125, 705.9466552734375, 675.73681640625;
 535.2560424804688, 490.84375, 563.5531005859375, 500.8235168457031]Ordenado:[737.673095703125, 705.9466552734375, 675.73681640625, 703.4033203125;
 535.2560424804688, 563.5531005859375, 500.8235168457031, 490.84375]Sin ordenar:[717.63427734375, 680.3456420898438, 686.423095703125, 652.759521484375;
 538.910888671875, 493.0829467773438, 567.5536499023438, 503.1399841308594]Ordenado:[717.63427734375, 686.423095703125, 652.759521484375, 680.3456420898438;
 538.910888671875, 567.5536499023438, 503.1399841308594, 493.0829467773438]Sin ordenar:[737.6686401367188, 703.3980712890625, 705.9547119140625, 675.7393798828125;
 535.2529907226563, 490.8446655273438, 563.5494384765625, 500.8241577148438]Ordenado:[737.6686401367188, 705.9547119140625, 675.7393798828125, 703.3980712890625;
 535.2529907226563, 563.5494384765625, 500.8241577148438, 490.8446655273438]Sin ordenar:[717.6328735351563, 680.3641357421875, 686.426513671875, 652.7681274414063;
 538.9065551757813, 493.0912170410156, 567.5519409179688, 503.1472778320313]Ordenado:[717.6328735351563, 686.426513671875, 652.7681274414063, 680.3641357421875;
 538.9065551757813, 567.5519409179688, 503.1472778320313, 493.0912170410156]Sin ordenar:[737.6661376953125, 703.4005737304688, 705.951416015625, 675.7277221679688;
 535.2532348632813, 490.8419189453125, 563.5494384765625, 500.8239440917969]Ordenado:[737.6661376953125, 705.951416015625, 675.7277221679688, 703.4005737304688;
 535.2532348632813, 563.5494384765625, 500.8239440917969, 490.8419189453125]Sin ordenar:[717.6360473632813, 680.3580932617188, 686.4295654296875, 652.7710571289063;
 538.9039916992188, 493.0798950195313, 567.5533447265625, 503.135498046875]Ordenado:[717.6360473632813, 686.4295654296875, 652.7710571289063, 680.3580932617188;
 538.9039916992188, 567.5533447265625, 503.135498046875, 493.0798950195313]Sin ordenar:[737.6710205078125, 703.406005859375, 705.9603271484375, 675.7254638671875;
 535.25341796875, 490.8394165039063, 563.5476684570313, 500.8304748535156]Ordenado:[737.6710205078125, 705.9603271484375, 675.7254638671875, 703.406005859375;
 535.25341796875, 563.5476684570313, 500.8304748535156, 490.8394165039063]Sin ordenar:[717.6436767578125, 680.3556518554688, 686.429931640625, 652.7656860351563;
 538.9141235351563, 493.0849609375, 567.5523071289063, 503.1407165527344]Ordenado:[717.6436767578125, 686.429931640625, 652.7656860351563, 680.3556518554688;
 538.9141235351563, 567.5523071289063, 503.1407165527344, 493.0849609375]Sin ordenar:[737.6829223632813, 703.40625, 705.9545288085938, 675.7340698242188;
 535.2512817382813, 490.8373413085938, 563.5501708984375, 500.8157043457031]Ordenado:[737.6829223632813, 705.9545288085938, 675.7340698242188, 703.40625;
 535.2512817382813, 563.5501708984375, 500.8157043457031, 490.8373413085938]Sin ordenar:[717.6396484375, 680.3585205078125, 686.4379272460938, 652.7715454101563;
 538.9011840820313, 493.0919494628906, 567.5453491210938, 503.1442260742188]Ordenado:[717.6396484375, 686.4379272460938, 652.7715454101563, 680.3585205078125;
 538.9011840820313, 567.5453491210938, 503.1442260742188, 493.0919494628906]Sin ordenar:[737.6734008789063, 703.403564453125, 705.9616088867188, 675.7380981445313;
 535.2462768554688, 490.8303527832031, 563.5487670898438, 500.8155212402344]Ordenado:[737.6734008789063, 705.9616088867188, 675.7380981445313, 703.403564453125;
 535.2462768554688, 563.5487670898438, 500.8155212402344, 490.8303527832031]Sin ordenar:[717.6431884765625, 680.3561401367188, 686.428466796875, 652.7765502929688;
 538.9072265625, 493.0865173339844, 567.5476684570313, 503.1403198242188]Ordenado:[717.6431884765625, 686.428466796875, 652.7765502929688, 680.3561401367188;
 538.9072265625, 567.5476684570313, 503.1403198242188, 493.0865173339844]Sin ordenar:[737.6776123046875, 703.3923950195313, 705.9544067382813, 675.7274780273438;
 535.26171875, 490.8454284667969, 563.5629272460938, 500.8303833007813]Ordenado:[737.6776123046875, 705.9544067382813, 675.7274780273438, 703.3923950195313;
 535.26171875, 563.5629272460938, 500.8303833007813, 490.8454284667969]Sin ordenar:[717.6384887695313, 680.3516845703125, 686.4318237304688, 652.7726440429688;
 538.9185180664063, 493.0841674804688, 567.5516357421875, 503.1428833007813]Ordenado:[717.6384887695313, 686.4318237304688, 652.7726440429688, 680.3516845703125;
 538.9185180664063, 567.5516357421875, 503.1428833007813, 493.0841674804688]Sin ordenar:[737.6690063476563, 703.4008178710938, 705.956298828125, 675.73046875;
 535.2578735351563, 490.8490600585938, 563.5574340820313, 500.8214721679688]Ordenado:[737.6690063476563, 705.956298828125, 675.73046875, 703.4008178710938;
 535.2578735351563, 563.5574340820313, 500.8214721679688, 490.8490600585938]Sin ordenar:[717.6432495117188, 680.3541870117188, 686.4349365234375, 652.7657470703125;
 538.9156494140625, 493.0884399414063, 567.5503540039063, 503.1509399414063]Ordenado:[717.6432495117188, 686.4349365234375, 652.7657470703125, 680.3541870117188;
 538.9156494140625, 567.5503540039063, 503.1509399414063, 493.0884399414063]Sin ordenar:[737.6727294921875, 703.39990234375, 705.9575805664063, 675.7344970703125;
 535.2670288085938, 490.84521484375, 563.5686645507813, 500.8313903808594]Ordenado:[737.6727294921875, 705.9575805664063, 675.7344970703125, 703.39990234375;
 535.2670288085938, 563.5686645507813, 500.8313903808594, 490.84521484375]Sin ordenar:[717.63623046875, 680.358154296875, 686.4309692382813, 652.7658081054688;
 538.9156494140625, 493.0840148925781, 567.5517578125, 503.1420288085938]Ordenado:[717.63623046875, 686.4309692382813, 652.7658081054688, 680.358154296875;
 538.9156494140625, 567.5517578125, 503.1420288085938, 493.0840148925781]Sin ordenar:[737.678955078125, 703.4060668945313, 705.9527587890625, 675.7308959960938;
 535.2626953125, 490.8453674316406, 563.565185546875, 500.8373413085938]Ordenado:[737.678955078125, 705.9527587890625, 675.7308959960938, 703.4060668945313;
 535.2626953125, 563.565185546875, 500.8373413085938, 490.8453674316406]Sin ordenar:[717.628173828125, 680.3574829101563, 686.4246826171875, 652.7646484375;
 538.9058837890625, 493.0997314453125, 567.5489501953125, 503.1510620117188]Ordenado:[717.628173828125, 686.4246826171875, 652.7646484375, 680.3574829101563;
 538.9058837890625, 567.5489501953125, 503.1510620117188, 493.0997314453125]Sin ordenar:[737.6683349609375, 703.4058227539063, 705.9561157226563, 675.724609375;
 535.245849609375, 490.8433837890625, 563.550048828125, 500.8320617675781]Ordenado:[737.6683349609375, 705.9561157226563, 675.724609375, 703.4058227539063;
 535.245849609375, 563.550048828125, 500.8320617675781, 490.8433837890625]Sin ordenar:[717.6338500976563, 680.3546752929688, 686.4382934570313, 652.767333984375;
 538.9053955078125, 493.0887451171875, 567.548095703125, 503.1419982910156]Ordenado:[717.6338500976563, 686.4382934570313, 652.767333984375, 680.3546752929688;
 538.9053955078125, 567.548095703125, 503.1419982910156, 493.0887451171875]Sin ordenar:[737.6765747070313, 703.3983154296875, 705.9476318359375, 675.7341918945313;
 535.2498168945313, 490.8406066894531, 563.5533447265625, 500.8234252929688]Ordenado:[737.6765747070313, 705.9476318359375, 675.7341918945313, 703.3983154296875;
 535.2498168945313, 563.5533447265625, 500.8234252929688, 490.8406066894531]Sin ordenar:[717.637451171875, 680.3565673828125, 686.431884765625, 652.7736206054688;
 538.9019165039063, 493.0860290527344, 567.5514526367188, 503.1441650390625]Ordenado:[717.637451171875, 686.431884765625, 652.7736206054688, 680.3565673828125;
 538.9019165039063, 567.5514526367188, 503.1441650390625, 493.0860290527344]Sin ordenar:[737.6806640625, 703.4013061523438, 705.9552001953125, 675.7285766601563;
 535.25390625, 490.8418884277344, 563.549072265625, 500.8316650390625]Ordenado:[737.6806640625, 705.9552001953125, 675.7285766601563, 703.4013061523438;
 535.25390625, 563.549072265625, 500.8316650390625, 490.8418884277344]Sin ordenar:[717.644287109375, 680.3576049804688, 686.4356689453125, 652.7737426757813;
 538.9130859375, 493.0947875976563, 567.5527954101563, 503.1505432128906]Ordenado:[717.644287109375, 686.4356689453125, 652.7737426757813, 680.3576049804688;
 538.9130859375, 567.5527954101563, 503.1505432128906, 493.0947875976563]Sin ordenar:[737.6655883789063, 703.39599609375, 705.9535522460938, 675.72216796875;
 535.2589111328125, 490.8489990234375, 563.5594482421875, 500.8314819335938]Ordenado:[737.6655883789063, 705.9535522460938, 675.72216796875, 703.39599609375;
 535.2589111328125, 563.5594482421875, 500.8314819335938, 490.8489990234375]Sin ordenar:[717.6345825195313, 680.3643188476563, 686.4290771484375, 652.7783203125;
 538.9144287109375, 493.0828552246094, 567.5519409179688, 503.1380004882813]Ordenado:[717.6345825195313, 686.4290771484375, 652.7783203125, 680.3643188476563;
 538.9144287109375, 567.5519409179688, 503.1380004882813, 493.0828552246094]Sin ordenar:[737.6742553710938, 703.4049072265625, 705.9483032226563, 675.728759765625;
 535.2589111328125, 490.8466186523438, 563.559326171875, 500.8335266113281]Ordenado:[737.6742553710938, 705.9483032226563, 675.728759765625, 703.4049072265625;
 535.2589111328125, 563.559326171875, 500.8335266113281, 490.8466186523438]Sin ordenar:[717.6350708007813, 680.3604125976563, 686.4281616210938, 652.7793579101563;
 538.9086303710938, 493.0946044921875, 567.5475463867188, 503.1411437988281]Ordenado:[717.6350708007813, 686.4281616210938, 652.7793579101563, 680.3604125976563;
 538.9086303710938, 567.5475463867188, 503.1411437988281, 493.0946044921875]Sin ordenar:[737.6678466796875, 703.4059448242188, 705.9547119140625, 675.7348022460938;
 535.26416015625, 490.8471984863281, 563.5599365234375, 500.8294982910156]Ordenado:[737.6678466796875, 705.9547119140625, 675.7348022460938, 703.4059448242188;
 535.26416015625, 563.5599365234375, 500.8294982910156, 490.8471984863281]Sin ordenar:[717.6327514648438, 680.3513793945313, 686.4385986328125, 652.76708984375;
 538.9185791015625, 493.1012573242188, 567.5614013671875, 503.1542053222656]Ordenado:[717.6327514648438, 686.4385986328125, 652.76708984375, 680.3513793945313;
 538.9185791015625, 567.5614013671875, 503.1542053222656, 493.1012573242188]Sin ordenar:[737.6740112304688, 703.4005126953125, 705.958984375, 675.7376708984375;
 535.2578735351563, 490.8427734375, 563.563232421875, 500.8302307128906]Ordenado:[737.6740112304688, 705.958984375, 675.7376708984375, 703.4005126953125;
 535.2578735351563, 563.563232421875, 500.8302307128906, 490.8427734375]Sin ordenar:[717.637451171875, 680.3594360351563, 686.4401245117188, 652.775146484375;
 538.91162109375, 493.0951538085938, 567.5529174804688, 503.1434936523438]Ordenado:[717.637451171875, 686.4401245117188, 652.775146484375, 680.3594360351563;
 538.91162109375, 567.5529174804688, 503.1434936523438, 493.0951538085938]Sin ordenar:[737.6720581054688, 703.4029541015625, 705.9559936523438, 675.7371826171875;
 535.2640380859375, 490.8479309082031, 563.5656127929688, 500.8446044921875]Ordenado:[737.6720581054688, 705.9559936523438, 675.7371826171875, 703.4029541015625;
 535.2640380859375, 563.5656127929688, 500.8446044921875, 490.8479309082031]Sin ordenar:[717.637939453125, 680.3560180664063, 686.4326782226563, 652.7699584960938;
 538.9081420898438, 493.0883178710938, 567.551513671875, 503.1491088867188]Ordenado:[717.637939453125, 686.4326782226563, 652.7699584960938, 680.3560180664063;
 538.9081420898438, 567.551513671875, 503.1491088867188, 493.0883178710938]Sin ordenar:[737.6680297851563, 703.408203125, 705.9478759765625, 675.7235107421875;
 535.2630004882813, 490.85107421875, 563.56591796875, 500.8345947265625]Ordenado:[737.6680297851563, 705.9478759765625, 675.7235107421875, 703.408203125;
 535.2630004882813, 563.56591796875, 500.8345947265625, 490.85107421875]Sin ordenar:[717.6399536132813, 680.35595703125, 686.4323120117188, 652.76416015625;
 538.9010009765625, 493.0783996582031, 567.548828125, 503.1381225585938]Ordenado:[717.6399536132813, 686.4323120117188, 652.76416015625, 680.35595703125;
 538.9010009765625, 567.548828125, 503.1381225585938, 493.0783996582031]Sin ordenar:[737.6708984375, 703.4109497070313, 705.9559326171875, 675.730712890625;
 535.2512817382813, 490.84521484375, 563.5634155273438, 500.8362426757813]Ordenado:[737.6708984375, 705.9559326171875, 675.730712890625, 703.4109497070313;
 535.2512817382813, 563.5634155273438, 500.8362426757813, 490.84521484375]Sin ordenar:[717.6376342773438, 680.3599243164063, 686.43798828125, 652.7716064453125;
 538.906982421875, 493.0833740234375, 567.552978515625, 503.1455993652344]Ordenado:[717.6376342773438, 686.43798828125, 652.7716064453125, 680.3599243164063;
 538.906982421875, 567.552978515625, 503.1455993652344, 493.0833740234375]Sin ordenar:[737.6746215820313, 703.4080200195313, 705.9612426757813, 675.733642578125;
 535.2657470703125, 490.8517456054688, 563.558349609375, 500.8359680175781]Ordenado:[737.6746215820313, 705.9612426757813, 675.733642578125, 703.4080200195313;
 535.2657470703125, 563.558349609375, 500.8359680175781, 490.8517456054688]Sin ordenar:[717.631591796875, 680.3567504882813, 686.427978515625, 652.7711791992188;
 538.91064453125, 493.0841369628906, 567.5592041015625, 503.1403503417969]Ordenado:[717.631591796875, 686.427978515625, 652.7711791992188, 680.3567504882813;
 538.91064453125, 567.5592041015625, 503.1403503417969, 493.0841369628906]Sin ordenar:[737.6748046875, 703.4096069335938, 705.9536743164063, 675.732421875;
 535.2662353515625, 490.8516235351563, 563.568115234375, 500.8321228027344]Ordenado:[737.6748046875, 705.9536743164063, 675.732421875, 703.4096069335938;
 535.2662353515625, 563.568115234375, 500.8321228027344, 490.8516235351563]Sin ordenar:[717.6331176757813, 680.3579711914063, 686.4304809570313, 652.7763061523438;
 538.906494140625, 493.08837890625, 567.5428466796875, 503.1441955566406]Ordenado:[717.6331176757813, 686.4304809570313, 652.7763061523438, 680.3579711914063;
 538.906494140625, 567.5428466796875, 503.1441955566406, 493.08837890625]Sin ordenar:[737.6788330078125, 703.4022216796875, 705.9619750976563, 675.73291015625;
 535.2650146484375, 490.8557739257813, 563.5664672851563, 500.8398132324219]Ordenado:[737.6788330078125, 705.9619750976563, 675.73291015625, 703.4022216796875;
 535.2650146484375, 563.5664672851563, 500.8398132324219, 490.8557739257813]Sin ordenar:[717.6375122070313, 680.3626708984375, 686.44140625, 652.7699584960938;
 538.9069213867188, 493.0859985351563, 567.5485229492188, 503.139404296875]Ordenado:[717.6375122070313, 686.44140625, 652.7699584960938, 680.3626708984375;
 538.9069213867188, 567.5485229492188, 503.139404296875, 493.0859985351563]Sin ordenar:[737.6777954101563, 703.4175415039063, 705.964599609375, 675.73388671875;
 535.26611328125, 490.855224609375, 563.5700073242188, 500.8414916992188]Ordenado:[737.6777954101563, 705.964599609375, 675.73388671875, 703.4175415039063;
 535.26611328125, 563.5700073242188, 500.8414916992188, 490.855224609375]Sin ordenar:[717.6407470703125, 680.3628540039063, 686.4356079101563, 652.7763061523438;
 538.90283203125, 493.0860595703125, 567.5469360351563, 503.1414794921875]Ordenado:[717.6407470703125, 686.4356079101563, 652.7763061523438, 680.3628540039063;
 538.90283203125, 567.5469360351563, 503.1414794921875, 493.0860595703125]Sin ordenar:[737.677490234375, 703.4065551757813, 705.9556274414063, 675.7406005859375;
 535.2604370117188, 490.8534240722656, 563.5582275390625, 500.8267211914063]Ordenado:[737.677490234375, 705.9556274414063, 675.7406005859375, 703.4065551757813;
 535.2604370117188, 563.5582275390625, 500.8267211914063, 490.8534240722656]Sin ordenar:[717.6425170898438, 680.3703002929688, 686.4360961914063, 652.7754516601563;
 538.9033813476563, 493.0823669433594, 567.5458984375, 503.1420593261719]Ordenado:[717.6425170898438, 686.4360961914063, 652.7754516601563, 680.3703002929688;
 538.9033813476563, 567.5458984375, 503.1420593261719, 493.0823669433594]Sin ordenar:[737.6722412109375, 703.4006958007813, 705.955810546875, 675.7282104492188;
 535.2596435546875, 490.8447875976563, 563.5587158203125, 500.8334350585938]Ordenado:[737.6722412109375, 705.955810546875, 675.7282104492188, 703.4006958007813;
 535.2596435546875, 563.5587158203125, 500.8334350585938, 490.8447875976563]Sin ordenar:[717.6385498046875, 680.35498046875, 686.4323120117188, 652.7698364257813;
 538.917724609375, 493.0984497070313, 567.5554809570313, 503.1509399414063]Ordenado:[717.6385498046875, 686.4323120117188, 652.7698364257813, 680.35498046875;
 538.917724609375, 567.5554809570313, 503.1509399414063, 493.0984497070313]Sin ordenar:[737.6675415039063, 703.3970336914063, 705.9586181640625, 675.724365234375;
 535.2655029296875, 490.84716796875, 563.5645751953125, 500.8297119140625]Ordenado:[737.6675415039063, 705.9586181640625, 675.724365234375, 703.3970336914063;
 535.2655029296875, 563.5645751953125, 500.8297119140625, 490.84716796875]Sin ordenar:[717.6363525390625, 680.3541259765625, 686.43359375, 652.7716064453125;
 538.9154052734375, 493.0957336425781, 567.5559692382813, 503.1457214355469]Ordenado:[717.6363525390625, 686.43359375, 652.7716064453125, 680.3541259765625;
 538.9154052734375, 567.5559692382813, 503.1457214355469, 493.0957336425781]Sin ordenar:[737.6676635742188, 703.4017944335938, 705.9571533203125, 675.72509765625;
 535.25927734375, 490.8506469726563, 563.558837890625, 500.8316345214844]Ordenado:[737.6676635742188, 705.9571533203125, 675.72509765625, 703.4017944335938;
 535.25927734375, 563.558837890625, 500.8316345214844, 490.8506469726563]Sin ordenar:[717.6389770507813, 680.3614501953125, 686.4329223632813, 652.7733154296875;
 538.9077758789063, 493.0789184570313, 567.552001953125, 503.1434020996094]Ordenado:[717.6389770507813, 686.4329223632813, 652.7733154296875, 680.3614501953125;
 538.9077758789063, 567.552001953125, 503.1434020996094, 493.0789184570313]Sin ordenar:[737.6651611328125, 703.3963623046875, 705.9494018554688, 675.7283325195313;
 535.2591552734375, 490.8489990234375, 563.557861328125, 500.8291625976563]Ordenado:[737.6651611328125, 705.9494018554688, 675.7283325195313, 703.3963623046875;
 535.2591552734375, 563.557861328125, 500.8291625976563, 490.8489990234375]Sin ordenar:[717.6488037109375, 680.35791015625, 686.4345092773438, 652.7741088867188;
 538.9051513671875, 493.080810546875, 567.5471801757813, 503.1429748535156]Ordenado:[717.6488037109375, 686.4345092773438, 652.7741088867188, 680.35791015625;
 538.9051513671875, 567.5471801757813, 503.1429748535156, 493.080810546875]Sin ordenar:[737.6741333007813, 703.3934326171875, 705.9520874023438, 675.7256469726563;
 535.2616577148438, 490.8417358398438, 563.5552368164063, 500.8359069824219]Ordenado:[737.6741333007813, 705.9520874023438, 675.7256469726563, 703.3934326171875;
 535.2616577148438, 563.5552368164063, 500.8359069824219, 490.8417358398438]Sin ordenar:[717.6377563476563, 680.3591918945313, 686.4351806640625, 652.7711791992188;
 538.9032592773438, 493.0902404785156, 567.5424194335938, 503.1450500488281]Ordenado:[717.6377563476563, 686.4351806640625, 652.7711791992188, 680.3591918945313;
 538.9032592773438, 567.5424194335938, 503.1450500488281, 493.0902404785156]Sin ordenar:[737.6712646484375, 703.4007568359375, 705.9551391601563, 675.7228393554688;
 535.2628173828125, 490.8482666015625, 563.552001953125, 500.8359680175781]Ordenado:[737.6712646484375, 705.9551391601563, 675.7228393554688, 703.4007568359375;
 535.2628173828125, 563.552001953125, 500.8359680175781, 490.8482666015625]Sin ordenar:[717.6309204101563, 680.3583984375, 686.4300537109375, 652.7716674804688;
 538.9075927734375, 493.0894165039063, 567.552490234375, 503.1368713378906]Ordenado:[717.6309204101563, 686.4300537109375, 652.7716674804688, 680.3583984375;
 538.9075927734375, 567.552490234375, 503.1368713378906, 493.0894165039063]Sin ordenar:[737.6688232421875, 703.405029296875, 705.9555053710938, 675.7238159179688;
 535.2578125, 490.8510131835938, 563.5582885742188, 500.8304748535156]Ordenado:[737.6688232421875, 705.9555053710938, 675.7238159179688, 703.405029296875;
 535.2578125, 563.5582885742188, 500.8304748535156, 490.8510131835938]Sin ordenar:[717.6358032226563, 680.360107421875, 686.4365844726563, 652.7808227539063;
 538.9066772460938, 493.0873413085938, 567.5475463867188, 503.1398315429688]Ordenado:[717.6358032226563, 686.4365844726563, 652.7808227539063, 680.360107421875;
 538.9066772460938, 567.5475463867188, 503.1398315429688, 493.0873413085938]Sin ordenar:[737.6752319335938, 703.3988647460938, 705.955078125, 675.7301025390625;
 535.2540283203125, 490.8451843261719, 563.5565795898438, 500.8296203613281]Ordenado:[737.6752319335938, 705.955078125, 675.7301025390625, 703.3988647460938;
 535.2540283203125, 563.5565795898438, 500.8296203613281, 490.8451843261719]Sin ordenar:[717.6336059570313, 680.3610229492188, 686.4349365234375, 652.7655639648438;
 538.9077758789063, 493.0847473144531, 567.5458374023438, 503.1384887695313]Ordenado:[717.6336059570313, 686.4349365234375, 652.7655639648438, 680.3610229492188;
 538.9077758789063, 567.5458374023438, 503.1384887695313, 493.0847473144531]Sin ordenar:[737.6680297851563, 703.3945922851563, 705.951171875, 675.7307739257813;
 535.2573852539063, 490.8441162109375, 563.5556640625, 500.8291625976563]Ordenado:[737.6680297851563, 705.951171875, 675.7307739257813, 703.3945922851563;
 535.2573852539063, 563.5556640625, 500.8291625976563, 490.8441162109375]Sin ordenar:[717.629150390625, 680.3546752929688, 686.4321899414063, 652.7738647460938;
 538.9113159179688, 493.0952758789063, 567.5559692382813, 503.1415100097656]Ordenado:[717.629150390625, 686.4321899414063, 652.7738647460938, 680.3546752929688;
 538.9113159179688, 567.5559692382813, 503.1415100097656, 493.0952758789063]Sin ordenar:[737.6648559570313, 703.390625, 705.9463500976563, 675.7224731445313;
 535.257568359375, 490.8351135253906, 563.5541381835938, 500.8275451660156]Ordenado:[737.6648559570313, 705.9463500976563, 675.7224731445313, 703.390625;
 535.257568359375, 563.5541381835938, 500.8275451660156, 490.8351135253906]