[58.8193359375;
 61.10546875;
 48.8779296875;
 23.8779296875;
 55.09765625;
 167.1328125;
 202.4033203125;
 121.568359375][58.9951171875;
 60.8115234375;
 49.015625;
 24.3603515625;
 55.2744140625;
 166.9912109375;
 202.8388671875;
 121.9599609375][59.16015625;
 60.9833984375;
 49.125;
 24.4111328125;
 55.9013671875;
 167.4970703125;
 202.611328125;
 122.7568359375][59.23828125;
 60.9443359375;
 48.8623046875;
 23.9833984375;
 55.521484375;
 168.03515625;
 202.16796875;
 122.7724609375][59.2978515625;
 60.697265625;
 49.3525390625;
 24.7880859375;
 56.03125;
 168.03515625;
 202.568359375;
 122.8623046875][167.4775390625;
 203.046875;
 122][59.4267578125;
 61.02734375;
 48.1796875;
 24.7880859375;
 56.3876953125;
 165.9169921875;
 201.203125;
 120.9521484375][59.3955078125;
 61.046875;
 48.234375;
 24.3330078125;
 56.4033203125;
 164.9755859375;
 200.8662109375;
 121.501953125][58.8349609375;
 60.3720703125;
 48.568359375;
 24.611328125;
 56.15234375;
 100.9443359375;
 23.03515625;
 75.8583984375;
 83.8583984375;
 75.8076171875][59.3525390625;
 60.8310546875;
 48.615234375;
 24.587890625;
 56.623046875;
 102.22265625;
 23.4267578125;
 75.525390625;
 83.4775390625;
 76.517578125][102.9326171875;
 22.9130859375;
 75.509765625;
 84.744140625;
 75.3095703125][59.513671875;
 60.662109375;
 48.8701171875;
 24.8544921875;
 56.521484375;
 91.04296875;
 105.0390625;
 29.05078125;
 122.677734375;
 111.23828125][59.3876953125;
 61.03515625;
 48.544921875;
 24.576171875;
 55.712890625][58.611328125;
 60.3369140625;
 48.4423828125;
 24.583984375;
 55.634765625][163.533203125;
 199.595703125;
 120.8154296875][99.8115234375;
 104.541015625;
 28.689453125;
 129.666015625;
 114.203125][59.4658203125;
 60.2265625;
 47.9248046875;
 24.4619140625;
 55.3564453125;
 100.3837890625;
 104.560546875;
 29.23828125;
 131.4462890625;
 115.08984375][102.0234375;
 104.14453125;
 28.1171875;
 131.046875;
 115.572265625;
 170.2939453125;
 204.7763671875;
 122.7958984375][100.9287109375;
 101.8349609375;
 28.513671875;
 132.4072265625;
 115.0625;
 168.9208984375;
 203.7919921875;
 121.01171875;
 -6.277438562204192e+66][128.21875;
 102.2861328125;
 31.015625;
 105.8466796875;
 110.708984375;
 121.23046875;
 168.4267578125;
 204.669921875][131.4853515625;
 101.9912109375;
 31.21484375;
 104.716796875;
 110.109375;
 120.1875;
 203.716796875;
 169.3017578125][136;
 30.4345703125;
 101.9130859375;
 109.521484375;
 103.2744140625][180.19921875;
 135.00390625;
 31.501953125;
 206.3134765625;
 130.8662109375;
 104.24609375;
 111.4189453125;
 104.3525390625][135.109375;
 179.9716796875;
 31.1796875;
 206.548828125;
 129.8232421875;
 103.3212890625;
 109.9130859375;
 103.3291015625][59.04296875;
 60.7568359375;
 48.0390625;
 24.02734375;
 55.3369140625;
 135.3759765625;
 31.662109375;
 103.08203125;
 110.607421875;
 102.8779296875][59.18359375;
 60.4150390625;
 48.9716796875;
 24.4619140625;
 55.4541015625;
 134.9365234375;
 31.0625;
 102.599609375;
 110.14453125;
 102.685546875][58.7841796875;
 60.501953125;
 48.533203125;
 24.3720703125;
 55.533203125;
 134.623046875;
 30.732421875;
 102.8583984375;
 111.650390625;
 103.505859375;
 -6.277438562204192e+66][59.140625;
 60.4931640625;
 48.05078125;
 23.9755859375;
 55.4892578125;
 135.8623046875;
 31.3994140625;
 103.4931640625;
 111.09765625;
 104.1640625][59.580078125;
 60.509765625;
 49.015625;
 24.09375;
 55.583984375;
 137.4658203125;
 31.2978515625;
 102.9287109375;
 111.16015625;
 104.2900390625][135.9091796875;
 31.736328125;
 102.8935546875;
 111.681640625;
 103.4345703125][180.521484375;
 218.4541015625;
 130.0859375][180.669921875;
 216.552734375;
 128.560546875][94.564453125;
 105.4658203125;
 179.4619140625;
 32.1171875;
 123.8935546875;
 217.2822265625;
 129.2265625;
 113.17578125][96.7841796875;
 104.9638671875;
 178.9599609375;
 30.4541015625;
 123.654296875;
 217.2978515625;
 129.2509765625;
 112.591796875][59.2822265625;
 62.08984375;
 50.4033203125;
 25.658203125;
 56.8583984375;
 95.716796875;
 104.4853515625;
 31.646484375;
 123.541015625;
 112.689453125][59.1796875;
 62.01953125;
 49.708984375;
 25.1328125;
 57;
 100.203125;
 103.8623046875;
 30.7998046875;
 131.9013671875;
 114.705078125][153.9912109375;
 164.619140625;
 46.4228515625;
 195.8623046875;
 177.623046875][50.0703125][159.7841796875;
 152.9326171875;
 45.06640625;
 196.607421875;
 175.7802734375;
 -6.277438562204192e+66;
 -6.277438562204192e+66][167.677734375;
 154.736328125;
 47.4033203125;
 197.06640625;
 178.7724609375][100.740234375;
 89.9638671875;
 27.9755859375;
 122.2548828125;
 109.0546875][85.24609375;
 89.9794921875;
 24.9404296875;
 111.9404296875;
 97.591796875][94.576171875;
 94.06640625;
 26.015625;
 122.19921875;
 103.4775390625][97.4072265625;
 86.9638671875;
 25.8076171875;
 118.8974609375;
 106.724609375][163.744140625;
 147.0234375;
 44.658203125;
 193.740234375;
 175.3994140625][110.556640625;
 100.8857421875;
 30.4619140625;
 134.03125;
 120.3798828125][80.14453125;
 74.716796875;
 21.748046875;
 99.8115234375;
 87.650390625]