[55.4189453125;
 57.673828125;
 46.576171875;
 23.587890625;
 50.0546875;
 177.203125;
 207.587890625;
 127.9404296875][55.3173828125;
 57.9951171875;
 46.1953125;
 23.615234375;
 49.513671875;
 177.8076171875;
 207.623046875;
 127.9326171875][55.9482421875;
 57.8701171875;
 46.3056640625;
 23.2666015625;
 49.3642578125;
 178.521484375;
 207.658203125;
 128.3212890625][55.501953125;
 57.15625;
 46.10546875;
 23.2822265625;
 49.681640625;
 178.8115234375;
 207.8271484375;
 128.513671875][55.576171875;
 57.630859375;
 46.12109375;
 22.9951171875;
 49.7724609375;
 178.716796875;
 207.9951171875;
 128.568359375][178.9716796875;
 208.06640625;
 128.3642578125][55.548828125;
 58.3330078125;
 45.642578125;
 22.642578125;
 50.3369140625;
 174.8154296875;
 203.9716796875;
 125.4541015625][55.8974609375;
 57.234375;
 45.7607421875;
 22.15234375;
 50.2822265625;
 174.234375;
 203.3369140625;
 124.2421875][54.07421875;
 56.8583984375;
 44.666015625;
 22.9404296875;
 50.7607421875;
 93.15625;
 20.533203125;
 69.693359375;
 78.2822265625;
 69.109375][53.9951171875;
 56.8427734375;
 45.541015625;
 22.8076171875;
 49.8544921875;
 94.20703125;
 20.0546875;
 71.2265625;
 78.736328125;
 69.724609375][93.4736328125;
 68.556640625;
 79.541015625;
 68.23828125;
 -6.277438562204192e+66][55.1015625;
 57.7685546875;
 45.9716796875;
 23.06640625;
 51.171875;
 103.689453125;
 93.13671875;
 27.7998046875;
 122.4423828125;
 109.8154296875][54.9951171875;
 57.20703125;
 45.662109375;
 21.9599609375;
 49.685546875][54.9912109375;
 56.724609375;
 45.666015625;
 22.3642578125;
 49.615234375][175.9560546875;
 204.21484375;
 124.4462890625][99.4892578125;
 101.591796875;
 28.3955078125;
 127.8271484375;
 110.3994140625][54.697265625;
 57.8076171875;
 45.666015625;
 22.646484375;
 50.541015625;
 99.533203125;
 98.2666015625;
 27.7529296875;
 130.4267578125;
 112.015625][99.748046875;
 98.3525390625;
 27.626953125;
 130.07421875;
 112.662109375;
 128.4541015625;
 215.2744140625;
 186.8388671875][100.4736328125;
 98.2861328125;
 28.046875;
 131.611328125;
 112.3955078125;
 127.4736328125;
 214.9755859375;
 185.9794921875;
 -6.277438562204192e+66;
 -6.277438562204192e+66][94.4931640625;
 125.09375;
 29.2939453125;
 98.4736328125;
 107.3681640625;
 128.03515625;
 214.16796875;
 184.8623046875][126.4462890625;
 96.541015625;
 28.4697265625;
 97.0625;
 107.9638671875;
 127.724609375;
 214.9208984375;
 183.9013671875][128.701171875;
 28.03125;
 98.4775390625;
 107.658203125;
 95.513671875][129.3251953125;
 28.556640625;
 199.19921875;
 97.8740234375;
 223.4736328125;
 138.109375;
 108.9326171875;
 96.2265625][128.3681640625;
 27.8271484375;
 200.701171875;
 96.630859375;
 222.3642578125;
 137.701171875;
 108.4931640625;
 95.046875][54.20703125;
 56.654296875;
 45.4853515625;
 22.666015625;
 50.3955078125;
 127.0703125;
 27.7998046875;
 96.9052734375;
 106.4501953125;
 94.673828125][53.712890625;
 57.2705078125;
 45.548828125;
 22.533203125;
 50.3994140625;
 128.8779296875;
 27.8388671875;
 97.9716796875;
 106.697265625;
 95.3095703125][53.599609375;
 56.9287109375;
 45.599609375;
 22.560546875;
 49.8427734375;
 129.3994140625;
 27.1484375;
 98.03125;
 106.4267578125;
 95.08203125][54.666015625;
 57.8505859375;
 45.580078125;
 22.607421875;
 50.3955078125;
 127.8232421875;
 27.9638671875;
 98.2900390625;
 107.4658203125;
 94.09375][54.7529296875;
 57.537109375;
 45.615234375;
 23.08203125;
 50.4072265625;
 128.681640625;
 27.9248046875;
 97.3955078125;
 107.109375;
 95.7763671875][129.4072265625;
 27.4970703125;
 98.572265625;
 107.3486328125;
 95.2900390625][196.595703125;
 225.564453125;
 135.9599609375][197.3681640625;
 225.1328125;
 135.4072265625][94.2705078125;
 99.1015625;
 29.677734375;
 194.521484375;
 120.7529296875;
 224.736328125;
 135.234375;
 108.677734375][94.7607421875;
 99.3876953125;
 30.01953125;
 194.568359375;
 122.08203125;
 224.7763671875;
 135.2666015625;
 108.568359375][55.2626953125;
 57.4580078125;
 46.4150390625;
 22.9482421875;
 50.8193359375;
 93.3876953125;
 100.11328125;
 28.9638671875;
 121.11328125;
 108.654296875][55.3837890625;
 57.556640625;
 46.23046875;
 23.642578125;
 51.04296875;
 95.9169921875;
 98.544921875;
 28.509765625;
 127.611328125;
 110.3095703125][157.642578125;
 153.4384765625;
 46.736328125;
 193.8662109375;
 169.9130859375][50.21875][154.02734375;
 152.607421875;
 44.501953125;
 195.3056640625;
 170.7724609375;
 -6.277438562204192e+66][158.689453125;
 153.11328125;
 47.4150390625;
 193.576171875;
 169.8583984375][92.9326171875;
 85.8349609375;
 25.109375;
 114.685546875;
 101.15234375][76.8427734375;
 82.677734375;
 23.9482421875;
 103.705078125;
 87.595703125][85.7998046875;
 86.8427734375;
 24.673828125;
 114.2587890625;
 96.078125][90.4072265625;
 85.626953125;
 25.537109375;
 114.626953125;
 98.9755859375][158.1015625;
 149.3681640625;
 46.3603515625;
 191.15234375;
 170.615234375;
 -6.277438562204192e+66;
 -6.277438562204192e+66][108.8779296875;
 103.3369140625;
 31.505859375;
 133.689453125;
 118.8974609375][79.0625;
 76.603515625;
 22.521484375;
 85.548828125;
 100.3212890625]