objeto:POINTER
[-107.224967956543, -112.0880508422852, -126.4535827636719, -88.5821533203125;
 100.023796081543, 151.1324462890625, 105.5298538208008, 132.7526550292969;
 1168.370727539063, 1178.186279296875, 1164.196411132813, 1180.665771484375]objeto:BROCA
[-120.5349884033203, -120.578971862793, -120.566032409668;
 -53.1425895690918, -161.2028350830078, -4.342095851898193;
 1160.01904296875, 1142.169311523438, 1165.319580078125]objeto:POINTER
[-107.224967956543, -112.0880508422852, -126.4535827636719, -88.5821533203125;
 100.023796081543, 151.1324462890625, 105.5298538208008, 132.7526550292969;
 1168.370727539063, 1178.186279296875, 1164.196411132813, 1180.665771484375]objeto:BROCA
[-120.5349884033203, -120.578971862793, -120.566032409668;
 -53.1425895690918, -161.2028350830078, -4.342095851898193;
 1160.01904296875, 1142.169311523438, 1165.319580078125]objeto:POINTER
[-107.2104263305664, -112.0907669067383, -126.4468994140625, -88.573974609375;
 100.0125427246094, 151.1243286132813, 105.5295028686523, 132.7454986572266;
 1168.340087890625, 1178.169555664063, 1164.173950195313, 1180.646118164063]objeto:BROCA
[-120.540641784668, -120.5732955932617, -120.5597152709961;
 -53.14537048339844, -161.19921875, -4.343950271606445;
 1160.070434570313, 1142.13720703125, 1165.289916992188]