centro
8745	 1
8806	 1
8830	 1
9043	 1
9103	 1
9283	 1
9344	 1
9547	 1
9608	 1
9788	 1
9859	 1
10037	 1
10098	 1
10274	 1
10333	 1
10514	 1
10585	 1
10763	 1
10822	 1
10999	 1
11060	 1
11249	 1
11310	 1
11487	 1
11546	 1
11722	 1
11782	 1
11960	 1
12019	 1
12211	 1
12271	 1
12448	 1
12508	 1
12687	 1
12747	 1
12931	 1
12992	 1
13171	 1
13230	 1
13421	 1
13496	 1
13689	 1
13748	 1
13929	 1
13995	 1
14171	 1
14233	 1
14417	 1
14493	 1
14673	 1
14732	 1
14920	 1
14979	 1
15172	 1
15233	 1
15416	 1
15479	 1
15662	 1
15731	 1
15917	 1
15979	 1
16187	 1
16246	 1
16421	 1
16481	 1
16668	 1
16728	 1
16907	 1
16967	 1
17152	 1
17222	 1
17403	 1
17463	 1
17640	 1
17716	 1
17904	 1
17963	 1
18152	 1
18212	 1
18390	 1
18450	 1
18634	 1
18697	 1
18880	 1
18940	 1
19117	 1
19177	 1
19352	 1
19418	 1
19597	 1
19657	 1
19840	 1
19906	 1
20087	 1
20150	 1
20331	 1
20391	 1
20590	 1
20650	 1
20827	 1
20886	 1
21067	 1
21129	 1
21317	 1
21377	 1
21577	 1
21638	 1
21820	 1
21880	 1
22059	 1
22121	 1
22301	 1
22360	 1
22541	 1
22601	 1
22791	 1
22851	 1
23034	 1
23096	 1
23281	 1
23342	 1
23544	 1
23607	 1
23784	 1
23845	 1
24073	 1
24143	 1
24369	 1
24430	 1
24609	 1
24673	 1
24868	 1
24929	 1
25118	 1
25178	 1
25355	 1
25416	 1
25599	 1
25663	 1
25854	 1
25915	 1
26096	 1
26156	 1
26337	 1
26398	 1
26585	 1
26644	 1
26839	 1
26902	 1
27090	 1
27153	 1
27363	 1
27425	 1
27613	 1
27674	 1
27856	 1
27919	 1
28111	 1
28174	 1
28361	 1
28422	 1
28609	 1
28672	 1
28852	 1
28911	 1
29094	 1
29156	 1
29333	 1
29397	 1
29591	 1
29655	 1
29840	 1
29908	 1
30100	 1
30160	 1
30337	 1
30398	 1
30580	 1
30642	 1
30824	 1
30885	 1
31072	 1
31133	 1
31314	 1
31379	 1
31569	 1
31631	 1
31817	 1
31879	 1
32059	 1
32121	 1
32303	 1
32365	 1
32556	 1
32623	 1
32816	 1
32884	 1
33072	 1
33134	 1
33312	 1
33375	 1
33589	 1
33651	 1
33834	 1
33903	 1
34087	 1
34150	 1
34345	 1
34408	 1
34593	 1
34655	 1
34831	 1
34893	 1
35088	 1
35168	 1
35436	 1
35497	 1
35689	 1
35750	 1
35931	 1
35995	 1
36198	 1
36259	 1
36445	 1
36518	 1
36707	 1
36779	 1
36956	 1
37018	 1
37210	 1
37271	 1
37455	 1
37518	 1
37700	 1
37765	 1
37962	 1
38023	 1
38213	 1
38274	 1
38454	 1
38515	 1
38691	 1
38751	 1
38929	 1
39001	 1
39188	 1
39252	 1
39437	 1
39501	 1
39700	 1
39762	 1
39943	 1
40006	 1
40195	 1
40260	 1
40445	 1
40513	 1
40700	 1
40766	 1
40953	 1
41015	 1
41200	 1
41271	 1
41456	 1
41517	 1
41702	 1
41766	 1
41951	 1
42012	 1
42190	 1
42254	 1
42441	 1
42503	 1
42715	 1
42776	 1
42965	 1
43031	 1
43218	 1
43280	 1
43464	 1
43526	 1
43713	 1
43775	 1
43963	 1
44024	 1
44207	 1
44274	 1
44458	 1
44520	 1
44704	 1
44770	 1
44960	 1
45024	 1
45241	 1
45303	 1
45494	 1
45567	 1
45749	 1
45816	 1
46012	 1
46077	 1
46269	 1
46332	 1
46655	 1
46721	 1
46907	 1
46970	 1
47149	 1
47223	 1
47408	 1
47481	 1
47670	 1
47733	 1
47918	 1
47980	 1
48170	 1
48234	 1
48423	 1
48485	 1
48681	 1
48744	 1
48929	 1
49004	 1
49187	 1
49268	 1
49462	 1
49524	 1
49701	 1
49768	 1
49963	 1
50025	 1
50206	 1
50277	 1
50467	 1
50529	 1
50712	 1
50774	 1
50958	 1
51028	 1
51225	 1
51288	 1
51481	 1
51545	 1
51726	 1
51793	 1
51979	 1
52042	 1
52223	 1
52289	 1
52481	 1
52543	 1
52723	 1
52786	 1
52969	 1
53032	 1
53214	 1
53288	 1
53474	 1
53538	 1
53719	 1
53786	 1
53980	 1
54044	 1
54225	 1
54288	 1
54475	 1
54539	 1
54719	 1
54787	 1
54981	 1
55044	 1
55227	 1
55291	 1
55474	 1
55537	 1
55726	 1
55791	 1
55984	 1
56068	 1
56261	 1
56325	 1
56509	 1
56575	 1
56759	 1
56831	 1
57031	 1
57095	 1
57277	 1
57340	 1
57534	 1
57598	 1
57794	 1
57873	 1
58071	 1
58146	 1
58328	 1
58392	 1
58580	 1
58647	 1
58836	 1
58899	 1
59089	 1
59156	 1
59344	 1
59408	 1
59595	 1
59660	 1
59839	 1
59902	 1
60104	 1
60171	 1
60357	 1
60432	 1
60626	 1
60691	 1
60883	 1
60950	 1
61139	 1
61204	 1
61423	 1
61489	 1
61677	 1
61742	 1
61930	 1
61996	 1
62176	 1
62241	 1
62426	 1
62492	 1
62678	 1
62742	 1
62928	 1
62994	 1
63183	 1
63267	 1
63470	 1
63535	 1
63724	 1
63789	 1
63971	 1
64037	 1
64228	 1
64293	 1
64477	 1
64541	 1
64735	 1
64799	 1
64977	 1
65044	 1
65225	 1
65291	 1
65483	 1
65549	 1
65745	 1
65811	 1
65996	 1
66064	 1
66255	 1
66319	 1
66499	 1
66570	 1
66766	 1
66832	 1
67027	 1
67093	 1
67274	 1
67345	 1
67525	 1
67593	 1
67784	 1
67855	 1
68048	 1
68129	 1
68315	 1
68382	 1
68570	 1
izq
9035	 1
9101	 1
9129	 1
9331	 1
9397	 1
9588	 1
9654	 1
9840	 1
9908	 1
10102	 1
10169	 1
10383	 1
10448	 1
10636	 1
10707	 1
10895	 1
10959	 1
11142	 1
11211	 1
11398	 1
11464	 1
11654	 1
11725	 1
11914	 1
11980	 1
12171	 1
12237	 1
12446	 1
12533	 1
12723	 1
12790	 1
12995	 1
13061	 1
13249	 1
13316	 1
13497	 1
13585	 1
13774	 1
13841	 1
14024	 1
14099	 1
14291	 1
14378	 1
14569	 1
14636	 1
14825	 1
14891	 1
15078	 1
15144	 1
15347	 1
15417	 1
15606	 1
15673	 1
15860	 1
15929	 1
16111	 1
16177	 1
16367	 1
16433	 1
16619	 1
16691	 1
16889	 1
16957	 1
17145	 1
17211	 1
17402	 1
17469	 1
17667	 1
17742	 1
17933	 1
18000	 1
18187	 1
18257	 1
18449	 1
18516	 1
18708	 1
18774	 1
18966	 1
19045	 1
19229	 1
19297	 1
19492	 1
19559	 1
19748	 1
19827	 1
20030	 1
20097	 1
20284	 1
20352	 1
20540	 1
20608	 1
20797	 1
20880	 1
21069	 1
21145	 1
21353	 1
21420	 1
21608	 1
21676	 1
21867	 1
21934	 1
22121	 1
22194	 1
22386	 1
22457	 1
22654	 1
22722	 1
22911	 1
22979	 1
23167	 1
23236	 1
23437	 1
23516	 1
23709	 1
23777	 1
23963	 1
24031	 1
24219	 1
24288	 1
24479	 1
24547	 1
24734	 1
24815	 1
25001	 1
25070	 1
25258	 1
25329	 1
25530	 1
25601	 1
25798	 1
25876	 1
26069	 1
26140	 1
26338	 1
26414	 1
26603	 1
26671	 1
26863	 1
26934	 1
27152	 1
27223	 1
27414	 1
27484	 1
27673	 1
27744	 1
27939	 1
28009	 1
28206	 1
28275	 1
28480	 1
28550	 1
28742	 1
28811	 1
29004	 1
29074	 1
29266	 1
29335	 1
29544	 1
29622	 1
29821	 1
29891	 1
30089	 1
30160	 1
30364	 1
30458	 1
30656	 1
30726	 1
30922	 1
30994	 1
31205	 1
31275	 1
31466	 1
31538	 1
31732	 1
31802	 1
31999	 1
32069	 1
32267	 1
32336	 1
32526	 1
32600	 1
32795	 1
32871	 1
33062	 1
33132	 1
33332	 1
33403	 1
33593	 1
33663	 1
33858	 1
33935	 1
34129	 1
34200	 1
34391	 1
34461	 1
34652	 1
34724	 1
34917	 1
35005	 1
35204	 1
35276	 1
35469	 1
35541	 1
35732	 1
35806	 1
36002	 1
36076	 1
36266	 1
36338	 1
36536	 1
36609	 1
36802	 1
36890	 1
37095	 1
37199	 1
37412	 1
37490	 1
37685	 1
37759	 1
37952	 1
38024	 1
38343	 1
38416	 1
38614	 1
38686	 1
38889	 1
38960	 1
39152	 1
39239	 1
39446	 1
39518	 1
39707	 1
39780	 1
39988	 1
40060	 1
40255	 1
40338	 1
40529	 1
40627	 1
40822	 1
40894	 1
41087	 1
41161	 1
41354	 1
41429	 1
41633	 1
41708	 1
41904	 1
41983	 1
42184	 1
42257	 1
42449	 1
42525	 1
42731	 1
42807	 1
43003	 1
43075	 1
43270	 1
43345	 1
43545	 1
43619	 1
43813	 1
43888	 1
44087	 1
44160	 1
44356	 1
44429	 1
44622	 1
44696	 1
44895	 1
44970	 1
45162	 1
45236	 1
45439	 1
45512	 1
45706	 1
45783	 1
45985	 1
46059	 1
46255	 1
46330	 1
46528	 1
46601	 1
46793	 1
46869	 1
47070	 1
47144	 1
47346	 1
47424	 1
47622	 1
47700	 1
47901	 1
47977	 1
48184	 1
48261	 1
48460	 1
48534	 1
48733	 1
48808	 1
49002	 1
49076	 1
49351	 1
49426	 1
49622	 1
49697	 1
49894	 1
50165	 1
50244	 1
50444	 1
50520	 1
50726	 1
50803	 1
51027	 1
51103	 1
51300	 1
51376	 1
51576	 1
51657	 1
51853	 1
51928	 1
52129	 1
52210	 1
52405	 1
52480	 1
52676	 1
52756	 1
52956	 1
53033	 1
53235	 1
53310	 1
53509	 1
53585	 1
53796	 1
53875	 1
54068	 1
54144	 1
54350	 1
54426	 1
54622	 1
54701	 1
54904	 1
54994	 1
55193	 1
55269	 1
55476	 1
55556	 1
55757	 1
55837	 1
56042	 1
56126	 1
56325	 1
56403	 1
56609	 1
56687	 1
56910	 1
57014	 1
57217	 1
57299	 1
57496	 1
57575	 1
57774	 1
57857	 1
58073	 1
58160	 1
58371	 1
58449	 1
58645	 1
58724	 1
58930	 1
59012	 1
59217	 1
59301	 1
59500	 1
59582	 1
59784	 1
59863	 1
60107	 1
60188	 1
60387	 1
60467	 1
60668	 1
60749	 1
60973	 1
61054	 1
61258	 1
61337	 1
61537	 1
61616	 1
61830	 1
61913	 1
62120	 1
62204	 1
62409	 1
62487	 1
62685	 1
62766	 1
62975	 1
63057	 1
63260	 1
63539	 1
63620	 1
63821	 1
63906	 1
64113	 1
64193	 1
64391	 1
64472	 1
64699	 1
64786	 1
64995	 1
65079	 1
65283	 1
65364	 1
65587	 1
65669	 1
65874	 1
65958	 1
66161	 1
66242	 1
66456	 1
66538	 1
66733	 1
66816	 1
67020	 1
67109	 1
67317	 1
67398	 1
67595	 1
67678	 1
67883	 1
67966	 1
68176	 1
68258	 1
68464	 1
68545	 1
68750	 1
68833	 1
69034	 1
69119	 1
69328	 1
69409	 1
69610	 1
69693	 1
69900	 1
69986	 1
der
8511	 1
8593	 1
8625	 1
8843	 1
8926	 1
9133	 1
9217	 1
9423	 1
9506	 1
9714	 1
9796	 1
10647	 1
10731	 1
10936	 1
11019	 1
11218	 1
11302	 1
11513	 1
11604	 1
11809	 1
11894	 1
12101	 1
12183	 1
12384	 1
12475	 1
12683	 1
12768	 1
12975	 1
13060	 1
13272	 1
13355	 1
13561	 1
13645	 1
13842	 1
13929	 1
14143	 1
14227	 1
14430	 1
14514	 1
14716	 1
14801	 1
15006	 1
15092	 1
15299	 1
15389	 1
15606	 1
15693	 1
15898	 1
15982	 1
16184	 1
16269	 1
16474	 1
16563	 1
16779	 1
16864	 1
17073	 1
17157	 1
17362	 1
17448	 1
17657	 1
17745	 1
17956	 1
18044	 1
18253	 1
18339	 1
18546	 1
18630	 1
18833	 1
18919	 1
19125	 1
19236	 1
19446	 1
19534	 1
19740	 1
19827	 1
20030	 1
20116	 1
20318	 1
20408	 1
20611	 1
20699	 1
20916	 1
21001	 1
21210	 1
21295	 1
21506	 1
21592	 1
21798	 1
21886	 1
22091	 1
22179	 1
22379	 1
22466	 1
22674	 1
22760	 1
22970	 1
23059	 1
23278	 1
23367	 1
23604	 1
23691	 1
23915	 1
24002	 1
24210	 1
24298	 1
24508	 1
24597	 1
24802	 1
24891	 1
25098	 1
25187	 1
25398	 1
25489	 1
25722	 1
25809	 1
26022	 1
26110	 1
26320	 1
26408	 1
26618	 1
26706	 1
26930	 1
27020	 1
27232	 1
27325	 1
27571	 1
27661	 1
27885	 1
27973	 1
28194	 1
28284	 1
28501	 1
28589	 1
28800	 1
28891	 1
29107	 1
29196	 1
29408	 1
29496	 1
29710	 1
29819	 1
30037	 1
30128	 1
30335	 1
30423	 1
30635	 1
30938	 1
31030	 1
31242	 1
31334	 1
31550	 1
31639	 1
31857	 1
31946	 1
32155	 1
32245	 1
32457	 1
32546	 1
32753	 1
32844	 1
33059	 1
33151	 1
33370	 1
33463	 1
33681	 1
33773	 1
33990	 1
34079	 1
34316	 1
34411	 1
34623	 1
34712	 1
34926	 1
35018	 1
35228	 1
35319	 1
35530	 1
35620	 1
35846	 1
35937	 1
36147	 1
36238	 1
36450	 1
36542	 1
36758	 1
36849	 1
37064	 1
37156	 1
37374	 1
37465	 1
37674	 1
37767	 1
37981	 1
38111	 1
38320	 1
38414	 1
38629	 1
38720	 1
38949	 1
39042	 1
39260	 1
39351	 1
39564	 1
39655	 1
39876	 1
39969	 1
40178	 1
40271	 1
40485	 1
40577	 1
40792	 1
40888	 1
41105	 1
41211	 1
41427	 1
41522	 1
41736	 1
41830	 1
42048	 1
42353	 1
42448	 1
42665	 1
42759	 1
42977	 1
43071	 1
43290	 1
43384	 1
43602	 1
43697	 1
43912	 1
44005	 1
44224	 1
44318	 1
44525	 1
44618	 1
44837	 1
44936	 1
45148	 1
45244	 1
45466	 1
45559	 1
45793	 1
45913	 1
46133	 1
46231	 1
46445	 1
46549	 1
46764	 1
46861	 1
47083	 1
47177	 1
47392	 1
47492	 1
47714	 1
47815	 1
48027	 1
48340	 1
48437	 1
48653	 1
48751	 1
48976	 1
49072	 1
49297	 1
49515	 1
49731	 1
49829	 1
50045	 1
50145	 1
50362	 1
50460	 1
50675	 1
50771	 1
50987	 1
51088	 1
51306	 1
51433	 1
51645	 1
51743	 1
51959	 1
52055	 1
52263	 1
52360	 1
52577	 1
52672	 1
52885	 1
52987	 1
53213	 1
53312	 1
53531	 1
53628	 1
53840	 1
53939	 1
54154	 1
54255	 1
54491	 1
54589	 1
54823	 1
54919	 1
55143	 1
55241	 1
55461	 1
55559	 1
55778	 1
55875	 1
56095	 1
56192	 1
56410	 1
56507	 1
56721	 1
56818	 1
57036	 1
57137	 1
57355	 1
57452	 1
57674	 1
57772	 1
58008	 1
58331	 1
58430	 1
58651	 1
58764	 1
59002	 1
59103	 1
59326	 1
59425	 1
59662	 1
59766	 1
59993	 1
60097	 1
60311	 1
60413	 1
60637	 1
60737	 1
60961	 1
61061	 1
61281	 1
61381	 1
61595	 1
61695	 1
61913	 1
62041	 1
62264	 1
62363	 1
62581	 1
62680	 1
62906	 1
63004	 1
63221	 1
63320	 1
63558	 1
63661	 1
63884	 1
63988	 1
64226	 1
64364	 1
64592	 1
64693	 1
64916	 1
65026	 1
65249	 1
65354	 1
65583	 1
65686	 1
65926	 1
66034	 1
66260	 1
66363	 1
66587	 1
66688	 1
66912	 1
67235	 1
67337	 1
67564	 1
67669	 1
67890	 1
67993	 1
68216	 1
68319	 1
68539	 1
68643	 1
68864	 1
68969	 1
69190	 1
69292	 1
69518	 1
69623	 1
69878	 1
69983	 1
70208	 1
adel
8585	 1
8612	 1
8979	 1
9305	 1
9654	 1
11884	 1
12215	 1
12540	 1
12864	 1
13929	 1
14253	 1
14580	 1
15003	 1
15337	 1
15698	 1
16024	 1
16356	 1
16705	 1
17035	 1
17359	 1
17690	 1
18020	 1
18340	 1
18664	 1
18991	 1
19316	 1
19642	 1
19974	 1
20301	 1
20627	 1
20959	 1
21298	 1
21629	 1
21961	 1
22294	 1
22625	 1
22955	 1
23286	 1
23623	 1
23974	 1
24306	 1
24636	 1
24989	 1
25329	 1
25663	 1
25996	 1
26325	 1
26688	 1
27022	 1
27366	 1
27700	 1
28035	 1
28369	 1
28737	 1
29085	 1
29427	 1
29761	 1
30103	 1
30443	 1
30784	 1
31128	 1
31465	 1
31804	 1
32164	 1
32502	 1
32839	 1
33180	 1
33531	 1
33877	 1
34221	 1
34567	 1
34910	 1
35250	 1
35592	 1
35941	 1
36304	 1
36653	 1
36998	 1
37364	 1
37728	 1
38085	 1
38426	 1
38759	 1
39108	 1
39456	 1
39803	 1
40149	 1
40501	 1
40846	 1
41194	 1
41545	 1
41910	 1
42257	 1
42613	 1
42962	 1
43312	 1
43662	 1
44009	 1
44354	 1
44704	 1
45055	 1
45406	 1
45757	 1
46109	 1
46446	 1
46808	 1
47156	 1
47509	 1
47860	 1
48241	 1
48598	 1
48956	 1
49310	 1
49667	 1
50025	 1
50381	 1
50739	 1
51092	 1
51442	 1
51800	 1
52152	 1
52511	 1
52875	 1
53233	 1
53645	 1
54027	 1
54381	 1
54740	 1
55088	 1
55457	 1
55820	 1
56178	 1
56535	 1
56908	 1
57269	 1
57633	 1
57988	 1
58347	 1
58704	 1
59063	 1
59424	 1
59789	 1
60179	 1
60542	 1
60898	 1
61265	 1
61630	 1
61998	 1
62360	 1
62733	 1
63103	 1
63487	 1
63844	 1
64214	 1
64580	 1
64944	 1
65308	 1
65679	 1
66045	 1
66409	 1
66787	 1
67163	 1
67526	 1
67901	 1
68271	 1
68666	 1
69065	 1
69427	 1
69798	 1
70181	 1
70552	 1
70918	 1
71288	 1
71662	 1
72037	 1
72404	 1
72780	 1
73149	 1
73522	 1
73915	 1
74283	 1
74656	 1
75032	 1
75408	 1
75790	 1
76164	 1
76539	 1
76908	 1
77287	 1
77659	 1
78031	 1
78398	 1
78776	 1
atras
17109	 1
48343	 1
48472	 1
48498	 1
48755	 1
49128	 1
49256	 1
49504	 1
49639	 1
49891	 1
49982	 1
50247	 1
50375	 1
50626	 1
51027	 1
51166	 1
51421	 1
51549	 1
51802	 1
51933	 1
52178	 1
52307	 1
52556	 1
52686	 1
52934	 1
53069	 1
53319	 1
53446	 1
53691	 1
53819	 1
54069	 1
54199	 1
54470	 1
54601	 1
54851	 1
54983	 1
55238	 1
55367	 1
55616	 1
55747	 1
56114	 1
56247	 1
56492	 1
56622	 1
56874	 1
57003	 1
57251	 1
57629	 1
57767	 1
58016	 1
58146	 1
58399	 1
58530	 1
58776	 1
58907	 1
59146	 1
59276	 1
59524	 1
59659	 1
59909	 1
60043	 1
60294	 1
60423	 1
60675	 1
60806	 1
61051	 1
61428	 1
61560	 1
61806	 1
61938	 1
62190	 1
62577	 1
62709	 1
62987	 1
63119	 1
63369	 1
63501	 1
63756	 1
63890	 1
64141	 1
64273	 1
64531	 1
64911	 1
65042	 1
65287	 1
65418	 1
65669	 1
66050	 1
66185	 1
66433	 1
66566	 1
66897	 1
67033	 1
67282	 1
67416	 1
67673	 1
67806	 1
68062	 1
68195	 1
68468	 1
68604	 1
68851	 1
68981	 1
69236	 1
69368	 1
69626	 1
69759	 1
70016	 1
70148	 1
70407	 1
70789	 1
70921	 1
71171	 1
71304	 1
71556	 1
71695	 1
71950	 1
72084	 1
72344	 1
72477	 1
72747	 1
72880	 1
73133	 1
73274	 1
73523	 1
73657	 1
73914	 1
74051	 1
74327	 1
74463	 1
74715	 1
74852	 1
75102	 1
75500	 1
75633	 1
75887	 1
76305	 1
76438	 1
76691	 1
76824	 1
77083	 1
77217	 1
77581	 1
77721	 1
77980	 1
78114	 1
78369	 1
78502	 1
78759	 1
79143	 1
79544	 1
79680	 1
79933	 1
80337	 1
80717	 1
81105	 1
81239	 1
81497	 1
81885	 1
82276	 1
82672	 1
82806	 1
83065	 1
83454	 1
83840	 1
83976	 1
84236	 1
84376	 1
84628	 1
84766	 1
85024	 1
85413	 1
85807	 1
85946	 1
86198	 1
86594	 1
86989	 1
87387	 1
87790	 1
88187	 1
88581	 1
88974	 1
89111	 1
89362	 1
89761	 1
90152	 1
90552	 1
90948	 1
91347	 1
91742	 1
92147	 1
92540	 1
92679	 1
92936	 1
93330	 1
93472	 1
93841	 1
94238	 1
94378	 1
94645	 1
95068	 1
95465	 1
95863	 1
96271	 1
96669	 1
96807	 1
97069	 1
97454	 1
97854	 1
98255	 1
98394	 1
98656	 1
99054	 1
99454	 1
99886	 1
100314	 1
100716	 1
101120	 1
101538	 1
101952	 1
102092	 1
102372	 1
102534	 1
102800	 1
103189	 1
103591	 1
103988	 1
104392	 1
104791	 1
105196	 1
105336	 1
105607	 1
105751	 1
106025	 1
106432	 1
106840	 1
107243	 1
107645	 1
107786	 1
108045	 1
108188	 1
108458	 1
108861	 1
109274	 1
109709	 1
110118	 1
110523	 1
110938	 1
111343	 1
111750	 1
111899	 1
112169	 1
112579	 1
112988	 1
113131	 1
113399	 1
113546	 1
113809	 1
114244	 1
114648	 1
115057	 1
115201	 1
115461	 1
115870	 1
116278	 1
116690	 1
117098	 1
117513	 1
117670	 1
117936	 1
118082	 1
118355	 1
