1	52.9713	298.87	952.303	
2	53.2315	298.827	952.007	
3	53.1739	298.861	952.483	
4	53.1996	298.785	951.457	
5	53.4249	298.804	951.915	
6	53.2086	298.852	952.355	
7	53.4207	298.873	952.975	
8	53.2788	298.792	951.549	
9	53.2826	298.919	953.327	
10	53.2424	298.853	952.401	
11	53.2826	298.919	953.327	
12	53.2718	298.856	952.428	
13	53.3439	298.793	951.705	
14	53.2644	298.828	952.051	
15	53.4321	298.813	952.006	
16	53.2355	298.825	952.024	
17	53.1613	298.895	952.924	
18	53.4301	298.774	951.484	
19	53.4238	298.744	951.107	
20	53.3078	298.835	952.105	
21	53.2718	298.856	952.428	
22	53.2355	298.825	952.024	
23	53.1513	298.83	952.024	
24	53.6561	298.758	951.685	
25	53.202	298.687	950.111	
26	53.5013	298.708	950.761	
27	53.4656	298.706	950.734	
28	53.2644	298.828	952.051	
29	53.2644	298.828	952.051	
30	53.047	298.775	951.055	
31	53.4567	298.863	952.851	
32	53.4301	298.774	951.484	
33	53.1513	298.83	952.024	
34	53.3022	298.812	951.837	
35	53.5013	298.708	950.761	
36	53.4238	298.744	951.107	
37	53.3841	298.71	950.733	
38	53.5988	298.728	951.158	
39	53.4238	298.744	951.107	
40	53.5013	298.708	950.761	
41	53.5013	298.708	950.761	
42	53.5835	298.749	951.535	
43	53.3022	298.812	951.837	
44	53.3077	298.746	951.079	
45	53.515	298.777	951.756	
46	53.5058	298.784	951.882	
47	53.3459	298.865	952.826	
48	53.3077	298.746	951.079	
49	53.5013	298.708	950.761	
50	53.5013	298.708	950.761	
51	53.3841	298.71	950.733	
52	53.5013	298.708	950.761	
53	53.5013	298.708	950.761	
54	53.3841	298.71	950.733	
55	53.5835	298.749	951.535	
56	53.346	298.708	950.704	
57	53.4238	298.744	951.107	
58	53.6984	298.747	951.562	
59	53.5013	298.708	950.761	
60	53.5013	298.708	950.761	
61	53.3077	298.746	951.079	
62	53.5835	298.749	951.535	
63	53.4256	298.831	952.48	
64	53.5835	298.749	951.535	
65	53.5835	298.749	951.535	
66	53.3841	298.71	950.733	
67	53.3841	298.71	950.733	
68	53.5835	298.749	951.535	
69	53.3841	298.71	950.733	
70	53.7029	298.665	950.466	
71	53.5013	298.708	950.761	
72	53.6664	298.744	951.536	
73	53.3841	298.71	950.733	
74	53.5013	298.708	950.761	
75	53.3841	298.71	950.733	
76	53.3841	298.71	950.733	
77	53.5835	298.749	951.535	
78	53.3841	298.71	950.733	
79	53.3841	298.71	950.733	
80	53.2218	298.687	950.177	
81	53.3841	298.71	950.733	
82	53.5835	298.749	951.535	
83	53.2297	298.795	951.678	
84	53.5835	298.749	951.535	
85	53.3841	298.71	950.733	
86	53.3841	298.71	950.733	
87	53.5835	298.749	951.535	
88	53.5835	298.749	951.535	
89	53.3841	298.71	950.733	
90	53.5013	298.708	950.761	
91	53.5835	298.749	951.535	
92	53.5835	298.749	951.535	
93	53.346	298.708	950.704	
94	53.3841	298.71	950.733	
95	53.3841	298.71	950.733	
96	53.3841	298.71	950.733	
97	53.3917	298.625	949.638	
98	53.3841	298.71	950.733	
99	53.6984	298.747	951.562	
100	53.3841	298.71	950.733	
101	53.5888	298.668	950.44	
102	53.5835	298.749	951.535	
103	53.3841	298.71	950.733	
104	53.5013	298.708	950.761	
105	53.3917	298.625	949.638	
106	53.5835	298.749	951.535	
107	53.3917	298.625	949.638	
108	53.5085	298.761	951.51	
109	53.3841	298.71	950.733	
110	53.3537	298.786	951.608	
111	53.5835	298.749	951.535	
112	53.5085	298.761	951.51	
113	53.3841	298.71	950.733	
114	53.243	298.706	950.485	
115	53.5013	298.708	950.761	
116	53.3841	298.71	950.733	
117	53.4419	298.746	951.286	
118	53.3841	298.71	950.733	
119	53.5013	298.708	950.761	
120	53.3917	298.625	949.638	
121	53.3841	298.71	950.733	
122	53.5835	298.749	951.535	
123	53.3841	298.71	950.733	
124	53.5835	298.749	951.535	
125	53.3841	298.71	950.733	
126	53.3841	298.71	950.733	
127	53.3841	298.71	950.733	
128	53.3841	298.71	950.733	
129	53.5835	298.749	951.535	
130	53.3841	298.71	950.733	
131	53.5835	298.749	951.535	
132	53.3841	298.71	950.733	
133	53.3841	298.71	950.733	
134	53.3841	298.71	950.733	
135	53.5888	298.668	950.44	
136	53.5835	298.749	951.535	
137	53.3917	298.625	949.638	
138	53.5835	298.749	951.535	
139	53.3917	298.625	949.638	
140	53.5888	298.668	950.44	
141	53.5835	298.749	951.535	
142	53.3917	298.625	949.638	
143	53.5888	298.668	950.44	
144	53.5835	298.749	951.535	
145	53.3917	298.625	949.638	
146	53.5888	298.668	950.44	
147	53.3917	298.625	949.638	
148	53.5835	298.749	951.535	
149	53.4419	298.746	951.286	
150	53.5835	298.749	951.535	
151	53.3917	298.625	949.638	
152	53.3841	298.71	950.733	
153	53.3917	298.625	949.638	
154	53.5835	298.749	951.535	
155	53.3917	298.625	949.638	
156	53.5835	298.749	951.535	
157	53.3917	298.625	949.638	
158	53.5888	298.668	950.44	
159	53.3917	298.625	949.638	
160	53.5835	298.749	951.535	
161	53.5652	298.693	950.786	
162	53.243	298.706	950.485	
163	53.5888	298.668	950.44	
164	53.5835	298.749	951.535	
165	53.5888	298.668	950.44	
166	53.5888	298.668	950.44	
167	53.5888	298.668	950.44	
168	53.3917	298.625	949.638	
169	53.5835	298.749	951.535	
170	53.5835	298.749	951.535	
171	53.3841	298.71	950.733	
172	53.5835	298.749	951.535	
173	53.3841	298.71	950.733	
174	53.5888	298.668	950.44	
175	53.3917	298.625	949.638	
176	53.5888	298.668	950.44	
177	53.5835	298.749	951.535	
178	53.3917	298.625	949.638	
179	53.5888	298.668	950.44	
180	53.5835	298.749	951.535	
181	53.5888	298.668	950.44	
182	53.5835	298.749	951.535	
183	53.5888	298.668	950.44	
184	53.5835	298.749	951.535	
185	53.5835	298.749	951.535	
186	53.5492	298.747	951.508	
187	53.3917	298.625	949.638	
188	53.5888	298.668	950.44	
189	53.5835	298.749	951.535	
190	53.5888	298.668	950.44	
191	53.5835	298.749	951.535	
192	53.5835	298.749	951.535	
193	53.5835	298.749	951.535	
194	53.5835	298.749	951.535	
195	53.5888	298.668	950.44	
196	53.5835	298.749	951.535	
197	53.5835	298.749	951.535	
198	53.5835	298.749	951.535	
199	53.5835	298.749	951.535	
200	53.5835	298.749	951.535	
201	53.76	298.732	951.586	
202	53.5835	298.749	951.535	
203	53.5888	298.668	950.44	
204	53.5835	298.749	951.535	
205	53.5673	298.7	950.922	
206	53.5835	298.749	951.535	
207	53.5888	298.668	950.44	
208	53.5835	298.749	951.535	
209	53.5835	298.749	951.535	
210	53.5835	298.749	951.535	
211	53.5835	298.749	951.535	
212	53.5492	298.747	951.508	
213	53.5835	298.749	951.535	
214	53.5835	298.749	951.535	
215	53.5492	298.747	951.508	
216	53.5835	298.749	951.535	
217	53.5888	298.668	950.44	
218	53.5888	298.668	950.44	
219	53.5835	298.749	951.535	
220	53.5835	298.749	951.535	
221	53.5888	298.668	950.44	
222	53.3841	298.71	950.733	
223	53.5835	298.749	951.535	
224	53.5888	298.668	950.44	
225	53.5558	298.665	950.413	
226	53.5835	298.749	951.535	
227	53.5888	298.668	950.44	
228	53.5835	298.749	951.535	
229	53.5835	298.749	951.535	
230	53.7634	298.651	950.49	
231	53.5835	298.749	951.535	
232	53.5888	298.668	950.44	
233	53.3841	298.71	950.733	
234	53.5835	298.749	951.535	
235	53.5888	298.668	950.44	
236	53.5835	298.749	951.535	
237	53.5835	298.749	951.535	
238	53.4419	298.746	951.286	
239	53.5888	298.668	950.44	
240	53.5888	298.668	950.44	
241	53.5888	298.668	950.44	
242	53.5405	298.614	949.804	
243	53.5888	298.668	950.44	
244	53.5835	298.749	951.535	
245	53.5835	298.749	951.535	
246	53.3841	298.71	950.733	
247	53.5835	298.749	951.535	
248	53.5835	298.749	951.535	
249	53.5888	298.668	950.44	
250	53.7309	298.729	951.561	
251	53.5888	298.668	950.44	
252	53.5888	298.668	950.44	
253	53.5888	298.668	950.44	
254	53.5835	298.749	951.535	
255	53.7309	298.729	951.561	
256	53.5835	298.749	951.535	
257	53.5835	298.749	951.535	
258	53.5835	298.749	951.535	
259	53.5888	298.668	950.44	
260	53.5673	298.7	950.922	
261	53.5835	298.749	951.535	
262	53.76	298.732	951.586	
263	53.5888	298.668	950.44	
264	53.3917	298.625	949.638	
265	53.5835	298.749	951.535	
266	53.5888	298.668	950.44	
267	53.5835	298.749	951.535	
268	53.5835	298.749	951.535	
269	53.5728	298.616	949.831	
270	53.5888	298.668	950.44	
271	53.7634	298.651	950.49	
272	53.7634	298.651	950.49	
273	53.5558	298.665	950.413	
274	53.5888	298.668	950.44	
275	53.76	298.732	951.586	
276	53.5652	298.693	950.786	
277	53.7634	298.651	950.49	
278	53.7634	298.651	950.49	
279	53.7634	298.651	950.49	
280	53.5673	298.7	950.922	
281	53.3917	298.625	949.638	
282	53.5492	298.747	951.508	
283	53.5673	298.7	950.922	
284	53.5888	298.668	950.44	
285	53.5835	298.749	951.535	
286	53.7634	298.651	950.49	
287	53.5835	298.749	951.535	
288	53.76	298.732	951.586	
289	53.5835	298.749	951.535	
290	53.5888	298.668	950.44	
291	53.76	298.732	951.586	
292	53.5888	298.668	950.44	
293	53.5478	298.706	950.983	
294	53.5888	298.668	950.44	
295	53.5888	298.668	950.44	
296	53.5558	298.665	950.413	
297	53.5835	298.749	951.535	
298	53.5835	298.749	951.535	
299	53.5558	298.665	950.413	
300	53.5888	298.668	950.44	
301	53.5888	298.668	950.44	
302	53.5835	298.749	951.535	
303	53.76	298.732	951.586	
304	53.76	298.732	951.586	
305	53.5835	298.749	951.535	
306	53.5558	298.665	950.413	
307	53.5835	298.749	951.535	
308	53.5835	298.749	951.535	
309	53.76	298.732	951.586	
310	53.5888	298.668	950.44	
311	53.5888	298.668	950.44	
312	53.5888	298.668	950.44	
313	53.5558	298.665	950.413	
314	53.7634	298.651	950.49	
315	53.5888	298.668	950.44	
316	53.5835	298.749	951.535	
317	53.5673	298.7	950.922	
318	53.76	298.732	951.586	
319	53.76	298.732	951.586	
320	53.7357	298.648	950.465	
321	53.5888	298.668	950.44	
322	53.7309	298.729	951.561	
323	53.5888	298.668	950.44	
324	53.5728	298.616	949.831	
325	53.5673	298.7	950.922	
326	53.5439	298.786	952.079	
327	53.7188	298.69	951.032	
328	53.7192	298.596	949.856	
329	53.5835	298.749	951.535	
330	53.7427	298.683	950.972	
331	53.5492	298.747	951.508	
332	53.7188	298.69	951.032	
333	53.7192	298.596	949.856	
334	53.7144	298.68	950.947	
335	53.5558	298.665	950.413	
336	53.5888	298.668	950.44	
337	53.7144	298.68	950.947	
338	53.5728	298.616	949.831	
339	53.5888	298.668	950.44	
340	53.5888	298.668	950.44	
341	53.7192	298.596	949.856	
342	53.7309	298.729	951.561	
343	53.7634	298.651	950.49	
344	53.5558	298.665	950.413	
345	53.5439	298.786	952.079	
346	53.5728	298.616	949.831	
347	53.5558	298.665	950.413	
348	53.5652	298.693	950.786	
349	53.8086	298.675	950.992	
350	53.7634	298.651	950.49	
351	53.6572	298.66	950.461	
352	53.7144	298.68	950.947	
353	53.7169	298.769	952.129	
354	53.7818	298.761	952.148	
355	53.5337	298.697	950.895	
356	53.5673	298.7	950.922	
357	53.5888	298.668	950.44	
358	53.7462	298.599	949.881	
359	53.76	298.732	951.586	
360	53.7309	298.729	951.561	
361	53.7357	298.648	950.465	
362	53.5835	298.749	951.535	
363	53.7643	298.632	950.442	
364	53.7427	298.683	950.972	
365	53.7634	298.651	950.49	
366	53.5835	298.749	951.535	
367	53.5492	298.747	951.508	
368	53.7634	298.651	950.49	
369	53.7427	298.683	950.972	
370	53.7634	298.651	950.49	
371	53.7427	298.683	950.972	
372	53.7462	298.599	949.881	
373	53.7357	298.648	950.465	
374	53.7462	298.599	949.881	
375	53.7357	298.648	950.465	
376	53.7824	298.672	950.967	
377	53.5835	298.749	951.535	
378	53.7309	298.729	951.561	
379	53.7634	298.651	950.49	
380	53.5492	298.747	951.508	
381	53.7462	298.599	949.881	
382	53.5673	298.7	950.922	
383	53.7634	298.651	950.49	
384	53.7007	298.64	950.423	
385	53.5268	298.738	951.466	
386	53.6906	298.766	952.104	
387	53.7824	298.672	950.967	
388	53.7144	298.68	950.947	
389	53.5492	298.747	951.508	
390	53.7462	298.599	949.881	
391	53.5439	298.786	952.079	
392	53.7828	298.682	951.051	
393	53.7169	298.769	952.129	
394	53.7007	298.64	950.423	
395	53.5337	298.697	950.895	
396	53.5835	298.749	951.535	
397	53.7309	298.729	951.561	
398	53.7818	298.761	952.148	
399	53.7422	298.629	950.418	
400	53.5558	298.665	950.413	
401	53.5268	298.738	951.466	
402	53.7192	298.596	949.856	
403	53.7824	298.672	950.967	
404	53.648	298.553	949.321	
405	53.76	298.732	951.586	
406	53.8264	298.724	951.606	
407	53.4317	298.785	952.004	
408	53.7144	298.68	950.947	
409	53.5728	298.616	949.831	
410	53.76	298.732	951.586	
411	53.7427	298.683	950.972	
412	53.6777	298.556	949.346	
413	53.7422	298.629	950.418	
414	53.6765	298.637	950.398	
415	53.7462	298.599	949.881	
416	53.76	298.732	951.586	
417	53.7462	298.599	949.881	
418	53.7427	298.683	950.972	
419	53.6777	298.556	949.346	
420	53.7427	298.683	950.972	
421	53.7192	298.596	949.856	
422	53.501	298.573	949.295	
423	53.7462	298.599	949.881	
424	53.5963	298.737	951.432	
425	53.7634	298.651	950.49	
426	53.7192	298.596	949.856	
427	53.829	298.643	950.51	
428	53.6928	298.715	951.489	
429	53.5558	298.665	950.413	
430	53.5528	298.636	950.281	
431	53.6725	298.642	950.436	
432	53.5673	298.7	950.922	
433	53.8113	298.592	949.901	
434	53.5941	298.73	951.486	
435	53.7994	298.721	951.581	
436	53.7325	298.597	949.95	
437	53.6905	298.667	950.809	
438	53.7427	298.683	950.972	
439	53.4722	298.707	950.97	
440	53.6987	298.721	951.515	
441	53.8113	298.592	949.901	
442	53.8033	298.64	950.485	
443	53.7108	298.631	950.431	
444	53.642	298.795	952.621	
445	53.6731	298.718	951.49	
446	53.648	298.553	949.321	
447	53.8086	298.675	950.992	
448	53.5973	298.649	950.395	
449	53.6018	298.678	950.953	
450	53.7192	298.596	949.856	
451	53.6068	298.594	949.863	
452	53.5283	298.606	949.859	
453	53.564	298.746	951.776	
454	53.7108	298.631	950.431	
455	53.6939	298.608	949.955	
456	53.648	298.553	949.321	
457	53.5013	298.654	950.348	
458	53.7192	298.596	949.856	
459	53.7007	298.64	950.423	
460	53.7865	298.589	949.876	
461	53.648	298.553	949.321	
462	53.7994	298.721	951.581	
463	53.6363	298.582	949.705	
464	53.6018	298.678	950.953	
465	53.7007	298.64	950.423	
466	53.648	298.553	949.321	
467	53.7427	298.683	950.972	
468	53.6337	298.597	949.888	
469	53.6068	298.594	949.863	
470	53.6765	298.637	950.398	
471	53.6337	298.597	949.888	
472	53.6068	298.594	949.863	
473	53.6696	298.67	950.974	
474	53.648	298.553	949.321	
475	53.6068	298.594	949.863	
476	53.7165	298.545	949.341	
477	53.7165	298.545	949.341	
478	53.6397	298.604	950.2	
479	53.648	298.553	949.321	
480	53.7296	298.735	951.887	
481	53.5463	298.655	950.764	
482	53.6615	298.669	950.813	
483	53.6765	298.637	950.398	
484	53.4984	298.603	949.833	
485	53.6508	298.648	950.497	
486	53.6696	298.67	950.974	
487	53.6504	298.576	949.818	
488	53.7865	298.589	949.876	
489	53.6738	298.586	949.883	
490	53.6068	298.594	949.863	
491	53.7165	298.545	949.341	
492	53.7165	298.545	949.341	
493	53.6777	298.556	949.346	
494	53.7422	298.629	950.418	
495	53.6068	298.594	949.863	
496	53.7422	298.629	950.418	
497	53.6725	298.642	950.436	
498	53.7007	298.64	950.423	
499	53.648	298.553	949.321	
500	53.5512	298.586	949.62	
501	53.5036	298.756	951.932	
502	53.5786	298.668	950.881	
503	53.6696	298.67	950.974	
504	53.5572	298.628	950.378	
505	53.6986	298.589	949.908	
506	53.6464	298.66	950.901	
507	53.7397	298.634	950.457	
508	53.6897	298.711	951.534	
509	53.6544	298.545	949.281	
510	53.6866	298.719	951.587	
511	53.6504	298.576	949.818	
512	53.7165	298.545	949.341	
513	53.6724	298.663	950.926	
514	53.6231	298.645	950.472	
515	53.5247	298.68	950.865	
516	53.6248	298.543	949.256	
517	53.6986	298.589	949.908	
518	53.7165	298.545	949.341	
519	53.648	298.553	949.321	
520	53.648	298.553	949.321	
521	53.6629	298.614	950.268	
522	53.6738	298.586	949.883	
523	53.6397	298.604	950.2	
524	53.7631	298.579	949.811	
525	53.6738	298.586	949.883	
526	53.7165	298.545	949.341	
527	53.6725	298.642	950.436	
528	53.6464	298.66	950.901	
529	53.6997	298.658	950.808	
530	53.6986	298.589	949.908	
531	53.6986	298.589	949.908	
532	53.6248	298.543	949.256	
533	53.6464	298.66	950.901	
534	53.6696	298.67	950.974	
535	53.4801	298.746	951.86	
536	53.6855	298.699	951.376	
537	53.6696	298.67	950.974	
538	53.6102	298.587	949.824	
539	53.5724	298.612	950.18	
540	53.6986	298.589	949.908	
541	53.58	298.712	951.495	
542	53.6738	298.586	949.883	
543	53.6765	298.637	950.398	
544	53.6337	298.597	949.888	
545	53.6629	298.614	950.268	
546	53.7108	298.631	950.431	
547	53.6195	298.707	951.356	
548	53.6957	298.673	950.999	
549	53.8113	298.592	949.901	
550	53.452	298.791	952.316	
551	53.7397	298.71	951.509	
552	53.6738	298.586	949.883	
553	53.6696	298.67	950.974	
554	53.648	298.553	949.321	
555	53.7165	298.545	949.341	
556	53.6504	298.576	949.818	
557	53.6504	298.576	949.818	
558	53.6504	298.576	949.818	
559	53.6504	298.576	949.818	
560	53.6738	298.586	949.883	
561	53.6504	298.576	949.818	
562	53.6957	298.673	950.999	
563	53.6724	298.663	950.926	
564	53.6397	298.604	950.2	
565	53.7165	298.545	949.341	
566	53.6724	298.663	950.926	
567	53.659	298.696	951.351	
568	53.6986	298.589	949.908	
569	53.6738	298.586	949.883	
570	53.6464	298.66	950.901	
571	53.6751	298.579	949.843	
572	53.5786	298.668	950.881	
573	53.6751	298.579	949.843	
574	53.63	298.681	950.979	
575	53.6696	298.67	950.974	
576	53.636	298.686	951.275	
577	53.6464	298.66	950.901	
578	53.4812	298.667	950.776	
579	53.6738	298.586	949.883	
580	53.6738	298.586	949.883	
581	53.6648	298.607	950.225	
582	53.6397	298.604	950.2	
583	53.6629	298.614	950.268	
584	53.523	298.645	950.696	
585	53.6464	298.66	950.901	
586	53.6504	298.576	949.818	
587	53.523	298.645	950.696	
588	53.5337	298.618	950.314	
589	53.6464	298.66	950.901	
590	53.6397	298.604	950.2	
591	53.4812	298.667	950.776	
592	53.636	298.686	951.275	
593	53.636	298.686	951.275	
594	53.636	298.686	951.275	
595	53.6397	298.604	950.2	
596	53.6624	298.689	951.3	
597	53.6504	298.576	949.818	
598	53.6629	298.614	950.268	
599	53.6504	298.576	949.818	
600	53.6821	298.563	949.657	
601	53.6504	298.576	949.818	
602	53.6751	298.579	949.843	
603	53.6738	298.586	949.883	
604	53.6397	298.604	950.2	
605	53.6464	298.66	950.901	
606	53.6504	298.576	949.818	
607	53.5337	298.618	950.314	
608	53.6189	298.522	949.161	
609	53.6407	298.656	950.873	
610	53.5892	298.535	949.323	
611	53.523	298.645	950.696	
612	53.6648	298.607	950.225	
613	53.6648	298.607	950.225	
614	53.6397	298.604	950.2	
615	53.6016	298.65	950.803	
616	53.6504	298.576	949.818	
617	53.4719	298.577	949.818	
618	53.6464	298.66	950.901	
619	53.6464	298.66	950.901	
620	53.523	298.645	950.696	
621	53.6397	298.604	950.2	
622	53.636	298.686	951.275	
623	53.6397	298.604	950.2	
624	53.523	298.645	950.696	
625	53.4606	298.605	950.199	
626	53.636	298.686	951.275	
627	53.6504	298.576	949.818	
628	53.6397	298.604	950.2	
629	53.636	298.686	951.275	
630	53.6271	298.76	952.33	
631	53.4606	298.605	950.199	
632	53.6504	298.576	949.818	
633	53.6504	298.576	949.818	
634	53.6397	298.604	950.2	
635	53.6301	298.683	951.254	
636	53.4557	298.687	951.274	
637	53.5189	298.653	950.599	
638	53.6397	298.604	950.2	
639	53.636	298.686	951.275	
640	53.6397	298.604	950.2	
641	53.5779	298.564	949.704	
642	53.6504	298.576	949.818	
643	53.636	298.686	951.275	
644	53.4812	298.667	950.776	
645	53.6648	298.607	950.225	
646	53.6504	298.576	949.818	
647	53.6933	298.535	949.276	
648	53.4606	298.605	950.199	
649	53.5727	298.647	950.777	
650	53.5195	298.724	951.772	
651	53.523	298.645	950.696	
652	53.5837	298.62	950.404	
653	53.8162	298.593	950.268	
654	53.5727	298.647	950.777	
655	53.6397	298.604	950.2	
656	53.5779	298.564	949.704	
657	53.6397	298.604	950.2	
658	53.4606	298.605	950.199	
659	53.636	298.686	951.275	
660	53.5779	298.564	949.704	
661	53.6397	298.604	950.2	
662	53.5779	298.564	949.704	
663	53.4714	298.693	951.158	
664	53.6397	298.604	950.2	
665	53.6397	298.604	950.2	
666	53.6397	298.604	950.2	
667	53.4606	298.605	950.199	
668	53.5591	298.623	950.506	
669	53.523	298.645	950.696	
670	53.6397	298.604	950.2	
671	53.523	298.645	950.696	
672	53.523	298.645	950.696	
673	53.4705	298.77	952.235	
674	53.6648	298.607	950.225	
675	53.53	298.699	951.398	
676	53.5727	298.647	950.777	
677	53.4313	298.689	951.372	
678	53.523	298.645	950.696	
679	53.5727	298.647	950.777	
680	53.523	298.645	950.696	
681	53.6397	298.604	950.2	
682	53.636	298.686	951.275	
683	53.6403	298.611	950.335	
684	53.5779	298.564	949.704	
685	53.6751	298.579	949.843	
686	53.5724	298.612	950.18	
687	53.7099	298.566	949.683	
688	53.5779	298.564	949.704	
689	53.5136	298.722	951.751	
690	53.4557	298.687	951.274	
691	53.6397	298.604	950.2	
692	53.5779	298.564	949.704	
693	53.6151	298.608	950.31	
694	53.523	298.645	950.696	
695	53.3614	298.713	951.414	
696	53.4606	298.605	950.199	
697	53.5779	298.564	949.704	
698	53.5532	298.567	949.813	
699	53.5242	298.696	951.37	
700	53.5779	298.564	949.704	
701	53.3766	298.736	951.682	
702	53.4098	298.734	951.737	
703	53.5779	298.564	949.704	
704	53.4984	298.648	950.806	
705	53.4455	298.762	952.328	
706	53.523	298.645	950.696	
707	53.5727	298.647	950.777	
708	53.5779	298.564	949.704	
709	53.5727	298.647	950.777	
710	53.5623	298.724	951.831	
711	53.5957	298.647	950.782	
712	53.4122	298.654	950.661	
713	53.6494	298.601	950.152	
714	53.5779	298.564	949.704	
715	53.3535	298.761	952.007	
716	53.5779	298.564	949.704	
717	53.4606	298.605	950.199	
718	53.3855	298.736	951.835	
719	53.4881	298.608	950.277	
720	53.4606	298.605	950.199	
721	53.8162	298.593	950.268	
722	53.4699	298.634	950.529	
723	53.5532	298.567	949.813	
724	53.4606	298.605	950.199	
725	53.4122	298.654	950.661	
726	53.157	298.764	952.118	
727	53.636	298.686	951.275	
728	53.4122	298.654	950.661	
729	53.4646	298.767	952.214	
730	53.5779	298.564	949.704	
731	53.5669	298.644	950.756	
732	53.2961	298.694	951.158	
733	53.4719	298.577	949.818	
734	53.5532	298.567	949.813	
735	53.5532	298.567	949.813	
736	53.5127	298.605	950.168	
737	53.5532	298.567	949.813	
738	53.302	298.844	953.205	
739	53.2939	298.772	952.234	
740	53.3876	298.658	950.771	
741	53.615	298.514	949.317	
742	53.5809	298.57	949.838	
743	53.7542	298.552	949.772	
744	53.4606	298.605	950.199	
745	53.5779	298.564	949.704	
746	53.2961	298.694	951.158	
747	53.5915	298.56	949.656	
748	53.4606	298.605	950.199	
749	53.4359	298.609	950.309	
750	53.4736	298.76	952.33	
751	53.5779	298.564	949.704	
752	53.3783	298.735	951.735	
753	53.5779	298.564	949.704	
754	53.4557	298.687	951.274	
755	53.4557	298.687	951.274	
756	53.2961	298.694	951.158	
757	53.4725	298.603	950.165	
758	53.5779	298.564	949.704	
759	53.3451	298.75	952.08	
760	53.3876	298.658	950.771	
761	53.5779	298.564	949.704	
762	53.313	298.77	952.283	
763	53.2696	298.773	952.333	
764	53.3855	298.736	951.835	
765	53.2939	298.772	952.234	
766	53.2632	298.771	952.315	
767	53.4313	298.689	951.372	
768	53.6151	298.608	950.31	
769	53.4606	298.605	950.199	
770	53.4359	298.609	950.309	
771	53.2715	298.697	951.269	
772	53.3045	298.764	952.348	
773	53.4815	298.597	950.29	
774	53.7352	298.469	948.808	
775	53.64	298.586	950.375	
776	53.3876	298.658	950.771	
777	53.6099	298.598	950.379	
778	53.7599	298.465	948.699	
779	53.7958	298.512	949.304	
780	53.425	298.687	951.354	
781	53.5483	298.649	950.875	
782	53.3876	298.658	950.771	
783	53.4926	298.677	951.288	
784	53.5779	298.564	949.704	
785	53.5532	298.567	949.813	
786	53.6398	298.51	949.207	
787	53.4606	298.605	950.199	
788	53.4606	298.605	950.199	
789	53.4122	298.654	950.661	
790	53.5532	298.567	949.813	
791	53.6036	298.595	950.36	
792	53.558	298.643	950.81	
793	53.4722	298.599	950.324	
794	53.5483	298.649	950.875	
795	53.4137	298.724	951.832	
796	53.6754	298.5	949.222	
797	53.1355	298.618	950.141	
798	53.425	298.687	951.354	
799	53.5532	298.567	949.813	
800	53.4313	298.689	951.372	
801	53.5127	298.605	950.168	
802	53.5727	298.647	950.777	
803	53.7236	298.552	949.851	
804	53.3876	298.658	950.771	
805	53.3876	298.658	950.771	
806	53.615	298.514	949.317	
807	53.1094	298.713	951.461	
808	53.2981	298.761	952.33	
809	53.7352	298.469	948.808	
810	53.2671	298.537	949.339	
811	53.2465	298.787	952.591	
812	53.5532	298.567	949.813	
813	53.3876	298.658	950.771	
814	53.3792	298.733	951.817	
815	53.5892	298.557	949.827	
816	53.4359	298.609	950.309	
817	53.7542	298.552	949.772	
818	53.5787	298.637	950.871	
819	53.5532	298.567	949.813	
820	53.7352	298.469	948.808	
821	53.1815	298.762	952.007	
822	53.2715	298.697	951.269	
823	53.483	298.752	952.343	
824	53.7952	298.455	948.713	
825	53.1575	298.837	953.184	
826	53.5787	298.637	950.871	
827	53.4722	298.599	950.324	
828	53.4359	298.609	950.309	
829	53.615	298.514	949.317	
830	53.4215	298.648	950.786	
831	53.6002	298.554	949.78	
832	53.6586	298.534	949.648	
833	53.1878	298.682	951.106	
834	53.425	298.687	951.354	
835	53.4619	298.677	951.369	
836	53.4209	298.763	952.419	
837	53.4277	298.568	949.924	
838	53.3854	298.493	948.844	
839	53.6093	298.637	950.792	
840	53.6138	298.554	949.718	
841	53.4447	298.694	951.644	
842	53.0583	298.717	951.329	
843	53.4498	298.684	951.253	
844	53.1605	298.687	951.201	
845	53.6362	298.666	951.44	
846	53.6687	298.512	949.272	
847	53.4722	298.599	950.324	
848	53.2856	298.649	950.709	
849	53.4347	298.523	949.39	
850	53.6002	298.554	949.78	
851	53.3555	298.742	952.197	
852	53.3784	298.58	949.905	
853	53.3041	298.717	951.634	
854	53.3628	298.668	951.139	
855	53.102	298.748	951.857	
856	53.5769	298.569	950.028	
857	53.3209	298.765	952.356	
858	53.0949	298.707	951.344	
859	53.4036	298.49	948.798	
860	53.3571	298.742	952.186	
861	53.3926	298.573	949.841	
862	53.5769	298.569	950.028	
863	53.2728	298.616	950.351	
864	53.0724	298.588	949.714	
865	53.3015	298.764	952.433	
866	53.3604	298.682	951.081	
867	53.2792	298.646	950.69	
868	53.242	298.612	950.33	
869	53.1877	298.7	951.416	
870	52.9281	298.646	950.483	
871	53.1209	298.61	950.02	
872	53.3686	298.589	950.1	
873	53.3926	298.573	949.841	
874	53.3933	298.586	950.001	
875	53.4501	298.591	949.941	
876	53.3686	298.589	950.1	
877	53.1656	298.683	951.063	
878	53.5686	298.648	951.085	
879	53.1369	298.701	951.462	
880	53.3686	298.589	950.1	
881	53.3726	298.59	950.047	
882	53.2772	298.664	950.977	
883	53.2556	298.661	950.95	
884	53.3933	298.586	950.001	
885	53.2556	298.661	950.95	
886	53.0983	298.591	949.741	
887	53.2729	298.718	951.5	
888	53.3926	298.573	949.841	
889	53.368	298.529	949.341	
890	53.1878	298.682	951.106	
891	53.4853	298.609	950.46	
892	53.3251	298.647	950.616	
893	53.5621	298.498	949.166	
894	53.2772	298.664	950.977	
895	53.2772	298.664	950.977	
896	53.3945	298.592	950.127	
897	53.0731	298.601	949.874	
898	53.5931	298.646	950.985	
899	53.2556	298.661	950.95	
900	53.2556	298.661	950.95	
901	53.1591	298.705	951.489	
902	52.9058	298.713	951.154	
903	53.2556	298.661	950.95	
904	53.2351	298.622	950.492	
905	53.0773	298.75	951.957	
906	52.9164	298.679	950.619	
907	53.2772	298.664	950.977	
908	53.2792	298.646	950.69	
909	53.1218	298.659	950.862	
910	53.0482	298.603	949.972	
911	53.1617	298.699	951.362	
912	53.0482	298.603	949.972	
913	53.1358	298.777	952.535	
914	53.2363	298.659	950.913	
915	53.3018	298.662	950.878	
916	53.2556	298.661	950.95	
917	53.2556	298.661	950.95	
918	53.085	298.6	949.904	
919	53.4683	298.72	951.96	
920	53.0744	298.607	950	
921	53.3018	298.662	950.878	
922	53.0727	298.529	948.918	
923	53.0482	298.603	949.972	
924	53.1415	298.655	950.511	
925	53.0482	298.603	949.972	
926	53.2167	298.66	950.761	
927	53.199	298.545	949.296	
928	53.0596	298.617	950.119	
929	53.2556	298.661	950.95	
930	52.8446	298.554	949.12	
931	53.2556	298.661	950.95	
932	53.2772	298.664	950.977	
933	53.2556	298.661	950.95	
934	53.0051	298.642	950.614	
935	53.1002	298.754	951.984	
936	52.7234	298.599	949.629	
937	53.0964	298.563	949.663	
938	53.1098	298.618	950.048	
939	53.0596	298.617	950.119	
940	53.2342	298.703	951.577	
941	53.2556	298.661	950.95	
942	53.2351	298.622	950.492	
943	53.2322	298.656	950.965	
944	53.1002	298.754	951.984	
945	52.8697	298.552	949.022	
946	53.0424	298.597	949.852	
947	53.3945	298.592	950.127	
948	53.0521	298.651	950.626	
949	53.2322	298.656	950.965	
950	53.3679	298.586	949.964	
951	53.3686	298.589	950.1	
952	53.3018	298.662	950.878	
953	52.8446	298.554	949.12	
954	53.2803	298.658	950.851	
955	53.1853	298.684	951.1	
956	53.2556	298.661	950.95	
957	53.2556	298.661	950.95	
958	53.2772	298.664	950.977	
959	53.0482	298.603	949.972	
960	53.2556	298.661	950.95	
961	53.2322	298.656	950.965	
962	53.2772	298.664	950.977	
963	53.4298	298.679	951.476	
964	53.2529	298.66	950.956	
965	53.2556	298.661	950.95	
966	53.3686	298.589	950.1	
967	53.2772	298.664	950.977	
968	53.2772	298.664	950.977	
969	53.2556	298.661	950.95	
970	53.2556	298.661	950.95	
971	53.0908	298.603	950.083	
972	53.0482	298.603	949.972	
973	53.2322	298.656	950.965	
974	53.2772	298.664	950.977	
975	53.0744	298.607	950	
976	53.0512	298.601	950.016	
977	52.8383	298.538	948.822	
978	52.7935	298.406	947.399	
979	53.0482	298.603	949.972	
980	53.2556	298.661	950.95	
981	53.0482	298.603	949.972	
982	53.0501	298.646	950.504	
983	52.8446	298.554	949.12	
984	53.2556	298.661	950.95	
985	53.2086	298.579	949.773	
986	53.0992	298.604	949.902	
987	53.0744	298.607	950	
988	53.2556	298.661	950.95	
989	53.1369	298.701	951.462	
990	53.0482	298.603	949.972	
991	53.2556	298.661	950.95	
992	53.2284	298.656	950.929	
993	53.2772	298.664	950.977	
994	52.8264	298.549	949.136	
995	53.0596	298.617	950.119	
996	53.2803	298.658	950.851	
997	53.2556	298.661	950.95	
998	53.2556	298.661	950.95	
999	53.0102	298.572	949.639	
1000	52.9532	298.643	950.384	
