1	-1.18431e+62	5.24548e+61	-9.44692e+61	
2	-1.1799e+62	5.24313e+61	-9.50329e+61	
3	-1.17567e+62	5.24734e+61	-9.55319e+61	
4	-1.1778e+62	5.23863e+61	-9.53179e+61	
5	-1.17769e+62	5.24113e+61	-9.53168e+61	
6	-1.17868e+62	5.24829e+61	-9.51554e+61	
7	-1.17875e+62	5.24837e+61	-9.51458e+61	
8	-1.17995e+62	5.24536e+61	-9.50145e+61	
9	-1.17702e+62	5.23627e+61	-9.5426e+61	
10	-1.17862e+62	5.24165e+61	-9.51993e+61	
11	-1.18107e+62	5.25077e+61	-9.48446e+61	
12	-1.17753e+62	5.23577e+61	-9.53661e+61	
13	-1.18039e+62	5.23561e+61	-9.50126e+61	
14	-1.18001e+62	5.25211e+61	-9.4969e+61	
15	-1.17962e+62	5.25075e+61	-9.50258e+61	
16	-1.17865e+62	5.24287e+61	-9.51894e+61	
17	-1.17988e+62	5.2455e+61	-9.5022e+61	
18	-1.179e+62	5.23492e+61	-9.51892e+61	
19	-1.18039e+62	5.24583e+61	-9.49561e+61	
20	-1.17908e+62	5.24032e+61	-9.51499e+61	
21	-1.17799e+62	5.24349e+61	-9.52676e+61	
22	-1.17926e+62	5.24669e+61	-9.50924e+61	
23	-1.17969e+62	5.24266e+61	-9.50613e+61	
24	-1.17772e+62	5.24261e+61	-9.53051e+61	
25	-1.17725e+62	5.24775e+61	-9.53357e+61	
26	-1.17835e+62	5.2388e+61	-9.52487e+61	
27	-1.18323e+62	5.23647e+61	-9.46549e+61	
28	-1.17942e+62	5.24175e+61	-9.50991e+61	
29	-1.17879e+62	5.23828e+61	-9.51962e+61	
30	-1.17961e+62	5.24139e+61	-9.50779e+61	
31	-1.17902e+62	5.24343e+61	-9.51401e+61	
32	-1.17885e+62	5.24619e+61	-9.51462e+61	
33	-1.17886e+62	5.24962e+61	-9.51263e+61	
34	-1.17911e+62	5.23753e+61	-9.51619e+61	
35	-1.1814e+62	5.25398e+61	-9.47854e+61	
36	-1.17958e+62	5.24034e+61	-9.50872e+61	
37	-1.1775e+62	5.23508e+61	-9.53743e+61	
38	-1.18149e+62	5.25439e+61	-9.47723e+61	
39	-1.17679e+62	5.24176e+61	-9.54248e+61	
40	-1.17954e+62	5.24165e+61	-9.50854e+61	
41	-1.18041e+62	5.23999e+61	-9.49862e+61	
42	-1.18312e+62	5.24849e+61	-9.46011e+61	
43	-1.17949e+62	5.23982e+61	-9.51021e+61	
44	-1.17951e+62	5.23522e+61	-9.51247e+61	
45	-1.17664e+62	5.23504e+61	-9.54798e+61	
46	-1.17855e+62	5.24082e+61	-9.52131e+61	
47	-1.17892e+62	5.23707e+61	-9.51874e+61	
48	-1.17672e+62	5.23594e+61	-9.54658e+61	
49	-1.17865e+62	5.24313e+61	-9.51878e+61	
50	-1.1799e+62	5.23906e+61	-9.50548e+61	
51	-1.17758e+62	5.24643e+61	-9.53022e+61	
52	-1.182e+62	5.23712e+61	-9.48042e+61	
53	-1.18501e+62	5.24017e+61	-9.4411e+61	
54	-1.17775e+62	5.24302e+61	-9.52996e+61	
55	-1.17833e+62	5.24914e+61	-9.51939e+61	
56	-1.17749e+62	5.24625e+61	-9.53137e+61	
57	-1.17706e+62	5.23885e+61	-9.54073e+61	
58	-1.1769e+62	5.23549e+61	-9.54462e+61	
59	-1.1786e+62	5.24338e+61	-9.51917e+61	
60	-1.1797e+62	5.24361e+61	-9.50549e+61	
61	-1.17834e+62	5.24022e+61	-9.52421e+61	
62	-1.17815e+62	5.23868e+61	-9.52737e+61	
63	-1.17823e+62	5.2393e+61	-9.52606e+61	
64	-1.17855e+62	5.24314e+61	-9.52001e+61	
65	-1.17721e+62	5.24488e+61	-9.53558e+61	
66	-1.17907e+62	5.24515e+61	-9.5124e+61	
67	-1.18349e+62	5.24184e+61	-9.45917e+61	
68	-1.18357e+62	5.23743e+61	-9.46064e+61	
69	-1.18284e+62	5.24075e+61	-9.46796e+61	
70	-1.17854e+62	5.24276e+61	-9.52035e+61	
71	-1.1804e+62	5.24841e+61	-9.49414e+61	
72	-1.17892e+62	5.24231e+61	-9.51582e+61	
73	-1.18016e+62	5.24382e+61	-9.49969e+61	
74	-1.17931e+62	5.24358e+61	-9.51038e+61	
75	-1.18014e+62	5.24193e+61	-9.50092e+61	
76	-1.17793e+62	5.2424e+61	-9.52812e+61	
77	-1.17964e+62	5.23878e+61	-9.50889e+61	
78	-1.17838e+62	5.24148e+61	-9.52305e+61	
79	-1.18017e+62	5.23242e+61	-9.50581e+61	
80	-1.17925e+62	5.24347e+61	-9.51109e+61	
81	-1.177e+62	5.23101e+61	-9.54583e+61	
82	-1.17812e+62	5.24107e+61	-9.52645e+61	
83	-1.17783e+62	5.24034e+61	-9.53046e+61	
84	-1.17535e+62	5.22099e+61	-9.57154e+61	
85	-1.17994e+62	5.2457e+61	-9.50128e+61	
86	-1.1783e+62	5.23718e+61	-9.52632e+61	
87	-1.18024e+62	5.24411e+61	-9.49854e+61	
88	-1.18287e+62	5.24156e+61	-9.46709e+61	
89	-1.18204e+62	5.25216e+61	-9.47158e+61	
90	-1.17803e+62	5.23456e+61	-9.53114e+61	
91	-1.18002e+62	5.24717e+61	-9.49949e+61	
92	-1.18009e+62	5.23753e+61	-9.50394e+61	
93	-1.17931e+62	5.24854e+61	-9.50761e+61	
94	-1.17884e+62	5.25043e+61	-9.51232e+61	
95	-1.17758e+62	5.24453e+61	-9.53124e+61	
96	-1.17903e+62	5.236e+61	-9.51793e+61	
97	-1.17806e+62	5.24202e+61	-9.52663e+61	
98	-1.17503e+62	5.23794e+61	-9.56619e+61	
99	-1.17913e+62	5.24513e+61	-9.51176e+61	
100	-1.17739e+62	5.2408e+61	-9.53557e+61	
101	-1.17708e+62	5.24108e+61	-9.53924e+61	
102	-1.17877e+62	5.24889e+61	-9.5141e+61	
103	-1.17979e+62	5.24545e+61	-9.50336e+61	
104	-1.17897e+62	5.24299e+61	-9.51484e+61	
105	-1.17503e+62	5.23177e+61	-9.56962e+61	
106	-1.17877e+62	5.24132e+61	-9.51823e+61	
107	-1.17956e+62	5.24626e+61	-9.5057e+61	
108	-1.18043e+62	5.24631e+61	-9.4949e+61	
109	-1.18033e+62	5.23954e+61	-9.49987e+61	
110	-1.17808e+62	5.24437e+61	-9.52513e+61	
111	-1.17695e+62	5.23495e+61	-9.54424e+61	
112	-1.17877e+62	5.2402e+61	-9.51884e+61	
113	-1.17924e+62	5.24491e+61	-9.51051e+61	
114	-1.18015e+62	5.24715e+61	-9.49789e+61	
115	-1.18186e+62	5.24527e+61	-9.4777e+61	
116	-1.17771e+62	5.23827e+61	-9.53309e+61	
117	-1.17769e+62	5.24449e+61	-9.52993e+61	
118	-1.1779e+62	5.23564e+61	-9.53217e+61	
119	-1.17657e+62	5.23297e+61	-9.55005e+61	
120	-1.17884e+62	5.24857e+61	-9.51345e+61	
121	-1.17788e+62	5.24186e+61	-9.529e+61	
122	-1.18182e+62	5.2487e+61	-9.47622e+61	
123	-1.17792e+62	5.23941e+61	-9.52981e+61	
124	-1.17783e+62	5.23656e+61	-9.53245e+61	
125	-1.17891e+62	5.24789e+61	-9.51292e+61	
126	-1.17877e+62	5.24061e+61	-9.51867e+61	
127	-1.17842e+62	5.244e+61	-9.52106e+61	
128	-1.1778e+62	5.23697e+61	-9.53263e+61	
129	-1.17919e+62	5.24148e+61	-9.51296e+61	
130	-1.17837e+62	5.24296e+61	-9.5223e+61	
131	-1.17619e+62	5.24983e+61	-9.54542e+61	
132	-1.17912e+62	5.24096e+61	-9.51417e+61	
133	-1.17951e+62	5.2518e+61	-9.50325e+61	
134	-1.17802e+62	5.24309e+61	-9.52655e+61	
135	-1.17959e+62	5.24543e+61	-9.5058e+61	
136	-1.17985e+62	5.24633e+61	-9.50205e+61	
137	-1.17842e+62	5.23106e+61	-9.52825e+61	
138	-1.17877e+62	5.2284e+61	-9.5253e+61	
139	-1.17588e+62	5.23739e+61	-9.5561e+61	
140	-1.18317e+62	5.24301e+61	-9.46258e+61	
141	-1.17995e+62	5.24201e+61	-9.50322e+61	
142	-1.17858e+62	5.24089e+61	-9.5208e+61	
143	-1.18127e+62	5.24989e+61	-9.48251e+61	
144	-1.17846e+62	5.24465e+61	-9.5202e+61	
145	-1.17905e+62	5.24717e+61	-9.51158e+61	
146	-1.18349e+62	5.24424e+61	-9.45792e+61	
147	-1.18059e+62	5.24606e+61	-9.49307e+61	
148	-1.1781e+62	5.23836e+61	-9.52822e+61	
149	-1.17792e+62	5.23994e+61	-9.52956e+61	
150	-1.17761e+62	5.24099e+61	-9.53278e+61	
151	-1.18219e+62	5.23921e+61	-9.47693e+61	
152	-1.17919e+62	5.24372e+61	-9.51173e+61	
153	-1.17687e+62	5.23456e+61	-9.5454e+61	
154	-1.17804e+62	5.24297e+61	-9.52633e+61	
155	-1.17893e+62	5.23853e+61	-9.51787e+61	
156	-1.18048e+62	5.25046e+61	-9.49199e+61	
157	-1.17923e+62	5.23721e+61	-9.51484e+61	
158	-1.17748e+62	5.24165e+61	-9.53406e+61	
159	-1.17762e+62	5.24017e+61	-9.53308e+61	
160	-1.18012e+62	5.235e+61	-9.50502e+61	
161	-1.1792e+62	5.24797e+61	-9.50932e+61	
162	-1.17898e+62	5.23808e+61	-9.51748e+61	
163	-1.17872e+62	5.2474e+61	-9.51553e+61	
164	-1.17924e+62	5.24367e+61	-9.51113e+61	
165	-1.1809e+62	5.24415e+61	-9.4903e+61	
166	-1.18016e+62	5.23995e+61	-9.50174e+61	
167	-1.17976e+62	5.23647e+61	-9.50868e+61	
168	-1.17726e+62	5.23902e+61	-9.53825e+61	
169	-1.17879e+62	5.24297e+61	-9.51713e+61	
170	-1.17596e+62	5.24058e+61	-9.55338e+61	
171	-1.17894e+62	5.22886e+61	-9.52295e+61	
172	-1.17918e+62	5.24216e+61	-9.51276e+61	
173	-1.17919e+62	5.24688e+61	-9.50994e+61	
174	-1.18074e+62	5.24934e+61	-9.48942e+61	
175	-1.18079e+62	5.24192e+61	-9.49282e+61	
176	-1.17684e+62	5.24215e+61	-9.5416e+61	
177	-1.1799e+62	5.25725e+61	-9.49545e+61	
178	-1.17969e+62	5.23388e+61	-9.51092e+61	
179	-1.18019e+62	5.23781e+61	-9.50257e+61	
180	-1.17901e+62	5.2471e+61	-9.51212e+61	
181	-1.17673e+62	5.24539e+61	-9.54118e+61	
182	-1.17959e+62	5.23626e+61	-9.51093e+61	
183	-1.17774e+62	5.23734e+61	-9.53313e+61	
184	-1.17923e+62	5.2338e+61	-9.51669e+61	
185	-1.17942e+62	5.24504e+61	-9.50818e+61	
186	-1.17854e+62	5.24475e+61	-9.51923e+61	
187	-1.1745e+62	5.23697e+61	-9.57325e+61	
188	-1.17762e+62	5.24631e+61	-9.52977e+61	
189	-1.17762e+62	5.251e+61	-9.52711e+61	
190	-1.17847e+62	5.23866e+61	-9.52347e+61	
191	-1.18479e+62	5.24316e+61	-9.44221e+61	
192	-1.18124e+62	5.25343e+61	-9.48087e+61	
193	-1.18112e+62	5.24264e+61	-9.48833e+61	
194	-1.17994e+62	5.25003e+61	-9.49894e+61	
195	-1.17827e+62	5.2302e+61	-9.5306e+61	
196	-1.18321e+62	5.25094e+61	-9.45769e+61	
197	-1.18112e+62	5.24818e+61	-9.48534e+61	
198	-1.17946e+62	5.24947e+61	-9.50527e+61	
199	-1.17901e+62	5.24422e+61	-9.51363e+61	
200	-1.17804e+62	5.23318e+61	-9.53172e+61	
201	-1.17938e+62	5.24784e+61	-9.50705e+61	
202	-1.18009e+62	5.24712e+61	-9.49863e+61	
203	-1.17923e+62	5.24432e+61	-9.51093e+61	
204	-1.18345e+62	5.24994e+61	-9.45518e+61	
205	-1.17943e+62	5.24036e+61	-9.51062e+61	
206	-1.17903e+62	5.24174e+61	-9.51486e+61	
207	-1.18055e+62	5.24995e+61	-9.49146e+61	
208	-1.18009e+62	5.25265e+61	-9.49569e+61	
209	-1.17817e+62	5.24884e+61	-9.5216e+61	
210	-1.18106e+62	5.24456e+61	-9.488e+61	
211	-1.1801e+62	5.24083e+61	-9.50199e+61	
212	-1.18116e+62	5.2519e+61	-9.48279e+61	
213	-1.1778e+62	5.24791e+61	-9.52661e+61	
214	-1.17838e+62	5.25003e+61	-9.51824e+61	
215	-1.18072e+62	5.2447e+61	-9.49214e+61	
216	-1.1816e+62	5.23158e+61	-9.48847e+61	
217	-1.17831e+62	5.24346e+61	-9.52276e+61	
218	-1.17894e+62	5.24648e+61	-9.51336e+61	
219	-1.17879e+62	5.23799e+61	-9.51981e+61	
220	-1.17753e+62	5.2328e+61	-9.53827e+61	
221	-1.18326e+62	5.24362e+61	-9.46115e+61	
222	-1.17808e+62	5.23081e+61	-9.5326e+61	
223	-1.18382e+62	5.23437e+61	-9.45919e+61	
224	-1.17849e+62	5.23618e+61	-9.52453e+61	
225	-1.18457e+62	5.23941e+61	-9.44706e+61	
226	-1.18065e+62	5.25021e+61	-9.49008e+61	
227	-1.17922e+62	5.23906e+61	-9.51391e+61	
228	-1.17677e+62	5.24619e+61	-9.54033e+61	
229	-1.17915e+62	5.25156e+61	-9.50793e+61	
230	-1.17727e+62	5.24724e+61	-9.53361e+61	
231	-1.17729e+62	5.24055e+61	-9.53701e+61	
232	-1.18098e+62	5.24396e+61	-9.48933e+61	
233	-1.18001e+62	5.25285e+61	-9.4965e+61	
234	-1.18256e+62	5.24616e+61	-9.46844e+61	
235	-1.18142e+62	5.24213e+61	-9.48494e+61	
236	-1.18413e+62	5.24854e+61	-9.44753e+61	
237	-1.17775e+62	5.24315e+61	-9.52988e+61	
238	-1.17808e+62	5.23989e+61	-9.5276e+61	
239	-1.17846e+62	5.24879e+61	-9.51793e+61	
240	-1.17838e+62	5.23735e+61	-9.5253e+61	
241	-1.18318e+62	5.23551e+61	-9.46656e+61	
242	-1.17732e+62	5.24921e+61	-9.53181e+61	
243	-1.17789e+62	5.23848e+61	-9.53074e+61	
244	-1.18026e+62	5.24571e+61	-9.49734e+61	
245	-1.17851e+62	5.25366e+61	-9.51471e+61	
246	-1.18053e+62	5.24123e+61	-9.49653e+61	
247	-1.17941e+62	5.24958e+61	-9.50579e+61	
248	-1.17877e+62	5.24033e+61	-9.51882e+61	
249	-1.17986e+62	5.24408e+61	-9.5032e+61	
250	-1.17751e+62	5.24201e+61	-9.53351e+61	
251	-1.17985e+62	5.23904e+61	-9.50612e+61	
252	-1.17874e+62	5.24549e+61	-9.51636e+61	
253	-1.17881e+62	5.23964e+61	-9.51863e+61	
254	-1.18154e+62	5.24343e+61	-9.48263e+61	
255	-1.17803e+62	5.24207e+61	-9.52701e+61	
256	-1.17498e+62	5.24656e+61	-9.56216e+61	
257	-1.17776e+62	5.24562e+61	-9.5284e+61	
258	-1.17971e+62	5.24316e+61	-9.50561e+61	
259	-1.18205e+62	5.24623e+61	-9.47478e+61	
260	-1.1828e+62	5.24472e+61	-9.46625e+61	
261	-1.18001e+62	5.24092e+61	-9.50314e+61	
262	-1.17749e+62	5.23202e+61	-9.53924e+61	
263	-1.17813e+62	5.23842e+61	-9.52776e+61	
264	-1.17949e+62	5.23476e+61	-9.51298e+61	
265	-1.18032e+62	5.24485e+61	-9.49703e+61	
266	-1.17918e+62	5.25304e+61	-9.50669e+61	
267	-1.17803e+62	5.24034e+61	-9.52791e+61	
268	-1.17865e+62	5.25305e+61	-9.51324e+61	
269	-1.17881e+62	5.23139e+61	-9.5232e+61	
270	-1.17794e+62	5.23864e+61	-9.53006e+61	
271	-1.17641e+62	5.24834e+61	-9.54356e+61	
272	-1.18069e+62	5.2329e+61	-9.49904e+61	
273	-1.17922e+62	5.24738e+61	-9.50935e+61	
274	-1.18125e+62	5.2451e+61	-9.48541e+61	
275	-1.17825e+62	5.24379e+61	-9.52339e+61	
276	-1.17959e+62	5.23885e+61	-9.50947e+61	
277	-1.17866e+62	5.24025e+61	-9.52021e+61	
278	-1.17988e+62	5.23865e+61	-9.50598e+61	
279	-1.17747e+62	5.23389e+61	-9.53839e+61	
280	-1.17875e+62	5.24344e+61	-9.51729e+61	
281	-1.17744e+62	5.24348e+61	-9.53352e+61	
282	-1.17831e+62	5.23605e+61	-9.52684e+61	
283	-1.17975e+62	5.25092e+61	-9.50076e+61	
284	-1.17748e+62	5.24121e+61	-9.53422e+61	
285	-1.17901e+62	5.25808e+61	-9.50597e+61	
286	-1.17704e+62	5.23239e+61	-9.5446e+61	
287	-1.17663e+62	5.24137e+61	-9.54462e+61	
288	-1.17997e+62	5.24604e+61	-9.50082e+61	
289	-1.1785e+62	5.24419e+61	-9.51997e+61	
290	-1.17837e+62	5.24376e+61	-9.52186e+61	
291	-1.17939e+62	5.24006e+61	-9.51129e+61	
292	-1.18076e+62	5.25077e+61	-9.48832e+61	
293	-1.18024e+62	5.24239e+61	-9.49939e+61	
294	-1.17913e+62	5.24042e+61	-9.51435e+61	
295	-1.17838e+62	5.23503e+61	-9.52659e+61	
296	-1.18036e+62	5.23403e+61	-9.50253e+61	
297	-1.17826e+62	5.24349e+61	-9.5234e+61	
298	-1.18004e+62	5.24757e+61	-9.49908e+61	
299	-1.17886e+62	5.24349e+61	-9.51595e+61	
300	-1.1782e+62	5.24029e+61	-9.52587e+61	
301	-1.18485e+62	5.2524e+61	-9.43628e+61	
302	-1.17797e+62	5.23433e+61	-9.532e+61	
303	-1.17844e+62	5.23864e+61	-9.52388e+61	
304	-1.17911e+62	5.24783e+61	-9.51048e+61	
305	-1.18026e+62	5.24064e+61	-9.50016e+61	
306	-1.17969e+62	5.23763e+61	-9.50886e+61	
307	-1.18075e+62	5.24767e+61	-9.49017e+61	
308	-1.18073e+62	5.25492e+61	-9.48639e+61	
309	-1.17708e+62	5.24066e+61	-9.53951e+61	
310	-1.18014e+62	5.24264e+61	-9.50054e+61	
311	-1.17819e+62	5.24444e+61	-9.52372e+61	
312	-1.1822e+62	5.24959e+61	-9.47099e+61	
313	-1.17851e+62	5.23969e+61	-9.52237e+61	
314	-1.18109e+62	5.24566e+61	-9.48708e+61	
315	-1.17641e+62	5.2409e+61	-9.5477e+61	
316	-1.17916e+62	5.24411e+61	-9.51184e+61	
317	-1.17889e+62	5.23439e+61	-9.52063e+61	
318	-1.18256e+62	5.24549e+61	-9.46878e+61	
319	-1.17828e+62	5.24477e+61	-9.52242e+61	
320	-1.17918e+62	5.24541e+61	-9.51098e+61	
321	-1.17831e+62	5.24434e+61	-9.52232e+61	
322	-1.17723e+62	5.24591e+61	-9.53483e+61	
323	-1.18001e+62	5.23933e+61	-9.50404e+61	
324	-1.17689e+62	5.23085e+61	-9.54723e+61	
325	-1.18002e+62	5.24052e+61	-9.50325e+61	
326	-1.17704e+62	5.23984e+61	-9.54043e+61	
327	-1.17899e+62	5.2396e+61	-9.51651e+61	
328	-1.17851e+62	5.23968e+61	-9.52241e+61	
329	-1.17698e+62	5.23512e+61	-9.54383e+61	
330	-1.18326e+62	5.23723e+61	-9.46466e+61	
331	-1.17764e+62	5.24183e+61	-9.53197e+61	
332	-1.17973e+62	5.24906e+61	-9.50207e+61	
333	-1.1799e+62	5.25056e+61	-9.49909e+61	
334	-1.17767e+62	5.23687e+61	-9.53431e+61	
335	-1.17888e+62	5.23439e+61	-9.52077e+61	
336	-1.17838e+62	5.23939e+61	-9.5242e+61	
337	-1.1756e+62	5.23787e+61	-9.55927e+61	
338	-1.17532e+62	5.2354e+61	-9.56411e+61	
339	-1.18479e+62	5.24867e+61	-9.43917e+61	
340	-1.17896e+62	5.23229e+61	-9.52093e+61	
341	-1.17831e+62	5.24165e+61	-9.52377e+61	
342	-1.17925e+62	5.24288e+61	-9.5115e+61	
343	-1.1787e+62	5.2355e+61	-9.52236e+61	
344	-1.17976e+62	5.25243e+61	-9.49982e+61	
345	-1.17995e+62	5.24246e+61	-9.50302e+61	
346	-1.17906e+62	5.24181e+61	-9.51445e+61	
347	-1.1821e+62	5.23305e+61	-9.48141e+61	
348	-1.17941e+62	5.2572e+61	-9.50152e+61	
349	-1.1779e+62	5.24054e+61	-9.52951e+61	
350	-1.17838e+62	5.25216e+61	-9.51708e+61	
351	-1.17659e+62	5.23793e+61	-9.54705e+61	
352	-1.17544e+62	5.23958e+61	-9.5603e+61	
353	-1.17953e+62	5.25482e+61	-9.5014e+61	
354	-1.17595e+62	5.2373e+61	-9.55523e+61	
355	-1.17825e+62	5.23187e+61	-9.52988e+61	
356	-1.18069e+62	5.25399e+61	-9.48744e+61	
357	-1.17991e+62	5.25701e+61	-9.49547e+61	
358	-1.18563e+62	5.24767e+61	-9.42919e+61	
359	-1.17979e+62	5.25675e+61	-9.49711e+61	
360	-1.17903e+62	5.23777e+61	-9.51698e+61	
361	-1.18104e+62	5.24342e+61	-9.48895e+61	
362	-1.17704e+62	5.23756e+61	-9.54168e+61	
363	-1.17971e+62	5.25419e+61	-9.49944e+61	
364	-1.18015e+62	5.24609e+61	-9.49847e+61	
365	-1.17931e+62	5.24675e+61	-9.50862e+61	
366	-1.17836e+62	5.24212e+61	-9.52295e+61	
367	-1.17838e+62	5.24285e+61	-9.5222e+61	
368	-1.18417e+62	5.24182e+61	-9.45073e+61	
369	-1.17981e+62	5.24581e+61	-9.50284e+61	
370	-1.18059e+62	5.237e+61	-9.49808e+61	
371	-1.1804e+62	5.24487e+61	-9.49606e+61	
372	-1.17735e+62	5.24029e+61	-9.53636e+61	
373	-1.17736e+62	5.23846e+61	-9.53728e+61	
374	-1.18073e+62	5.24045e+61	-9.49446e+61	
375	-1.18035e+62	5.25316e+61	-9.49215e+61	
376	-1.17633e+62	5.23591e+61	-9.55136e+61	
377	-1.17827e+62	5.24208e+61	-9.52401e+61	
378	-1.17749e+62	5.24005e+61	-9.53476e+61	
379	-1.17659e+62	5.24291e+61	-9.54434e+61	
380	-1.17539e+62	5.24956e+61	-9.55548e+61	
381	-1.18012e+62	5.24759e+61	-9.49803e+61	
382	-1.17505e+62	5.22736e+61	-9.57174e+61	
383	-1.18015e+62	5.24348e+61	-9.49994e+61	
384	-1.17921e+62	5.23876e+61	-9.51416e+61	
385	-1.18342e+62	5.24481e+61	-9.45839e+61	
386	-1.17953e+62	5.24455e+61	-9.50702e+61	
387	-1.17821e+62	5.23904e+61	-9.52648e+61	
388	-1.17841e+62	5.24747e+61	-9.51938e+61	
389	-1.17918e+62	5.24306e+61	-9.51224e+61	
390	-1.18067e+62	5.24198e+61	-9.49435e+61	
391	-1.17893e+62	5.23591e+61	-9.51921e+61	
392	-1.17966e+62	5.23582e+61	-9.51028e+61	
393	-1.17964e+62	5.24325e+61	-9.5064e+61	
394	-1.18078e+62	5.2459e+61	-9.49076e+61	
395	-1.17733e+62	5.2441e+61	-9.53452e+61	
396	-1.18156e+62	5.24256e+61	-9.48296e+61	
397	-1.18186e+62	5.24943e+61	-9.47535e+61	
398	-1.17745e+62	5.24748e+61	-9.5312e+61	
399	-1.17852e+62	5.24074e+61	-9.52173e+61	
400	-1.18042e+62	5.24709e+61	-9.49457e+61	
401	-1.17974e+62	5.24864e+61	-9.5022e+61	
402	-1.17678e+62	5.24218e+61	-9.54237e+61	
403	-1.1792e+62	5.25803e+61	-9.50365e+61	
404	-1.1796e+62	5.25119e+61	-9.50255e+61	
405	-1.17805e+62	5.24075e+61	-9.52751e+61	
406	-1.17865e+62	5.23802e+61	-9.5215e+61	
407	-1.18312e+62	5.24354e+61	-9.46293e+61	
408	-1.17746e+62	5.25523e+61	-9.52683e+61	
409	-1.18118e+62	5.24866e+61	-9.48433e+61	
410	-1.17908e+62	5.23613e+61	-9.51732e+61	
411	-1.18281e+62	5.25538e+61	-9.46015e+61	
412	-1.17889e+62	5.23396e+61	-9.5208e+61	
413	-1.17969e+62	5.23968e+61	-9.50781e+61	
414	-1.17996e+62	5.24594e+61	-9.50099e+61	
415	-1.17906e+62	5.25495e+61	-9.50719e+61	
416	-1.17826e+62	5.2368e+61	-9.52707e+61	
417	-1.1773e+62	5.22518e+61	-9.54527e+61	
418	-1.17522e+62	5.23804e+61	-9.56388e+61	
419	-1.18353e+62	5.23404e+61	-9.46302e+61	
420	-1.18099e+62	5.2441e+61	-9.48917e+61	
421	-1.17764e+62	5.23286e+61	-9.53691e+61	
422	-1.17667e+62	5.23209e+61	-9.54924e+61	
423	-1.18142e+62	5.24152e+61	-9.4852e+61	
424	-1.1801e+62	5.23831e+61	-9.50348e+61	
425	-1.1765e+62	5.24129e+61	-9.54633e+61	
426	-1.18054e+62	5.24191e+61	-9.49598e+61	
427	-1.1775e+62	5.24117e+61	-9.53404e+61	
428	-1.17972e+62	5.24895e+61	-9.50221e+61	
429	-1.18101e+62	5.24087e+61	-9.4907e+61	
430	-1.17724e+62	5.24008e+61	-9.53783e+61	
431	-1.17867e+62	5.23657e+61	-9.52215e+61	
432	-1.17895e+62	5.24123e+61	-9.5161e+61	
433	-1.17768e+62	5.23637e+61	-9.53445e+61	
434	-1.17385e+62	5.23778e+61	-9.58081e+61	
435	-1.17922e+62	5.23927e+61	-9.51379e+61	
436	-1.17696e+62	5.24169e+61	-9.54046e+61	
437	-1.17957e+62	5.24129e+61	-9.5083e+61	
438	-1.17843e+62	5.24053e+61	-9.52292e+61	
439	-1.17986e+62	5.24585e+61	-9.50224e+61	
440	-1.17647e+62	5.23692e+61	-9.54912e+61	
441	-1.17966e+62	5.24018e+61	-9.50784e+61	
442	-1.17849e+62	5.23908e+61	-9.52293e+61	
443	-1.17702e+62	5.23095e+61	-9.54559e+61	
444	-1.17831e+62	5.23754e+61	-9.526e+61	
445	-1.18346e+62	5.23751e+61	-9.46193e+61	
446	-1.18058e+62	5.24557e+61	-9.49347e+61	
447	-1.17877e+62	5.24648e+61	-9.51539e+61	
448	-1.17893e+62	5.24506e+61	-9.51423e+61	
449	-1.17757e+62	5.23791e+61	-9.535e+61	
450	-1.18009e+62	5.24225e+61	-9.50134e+61	
451	-1.18039e+62	5.24004e+61	-9.49887e+61	
452	-1.18308e+62	5.24196e+61	-9.46428e+61	
453	-1.18234e+62	5.248e+61	-9.47018e+61	
454	-1.17985e+62	5.24502e+61	-9.50287e+61	
455	-1.17836e+62	5.23628e+61	-9.52614e+61	
456	-1.1766e+62	5.241e+61	-9.54527e+61	
457	-1.17757e+62	5.24118e+61	-9.53322e+61	
458	-1.17959e+62	5.23996e+61	-9.50885e+61	
459	-1.18121e+62	5.24779e+61	-9.48432e+61	
460	-1.17789e+62	5.23958e+61	-9.53011e+61	
461	-1.17716e+62	5.2399e+61	-9.53899e+61	
462	-1.17895e+62	5.24513e+61	-9.51392e+61	
463	-1.1797e+62	5.24772e+61	-9.50318e+61	
464	-1.17726e+62	5.24746e+61	-9.53353e+61	
465	-1.1795e+62	5.23894e+61	-9.51054e+61	
466	-1.17841e+62	5.23363e+61	-9.52693e+61	
467	-1.17754e+62	5.23582e+61	-9.53652e+61	
468	-1.17774e+62	5.23661e+61	-9.53358e+61	
469	-1.17781e+62	5.24182e+61	-9.52987e+61	
470	-1.17794e+62	5.24316e+61	-9.52753e+61	
471	-1.17825e+62	5.24567e+61	-9.52224e+61	
472	-1.18009e+62	5.25506e+61	-9.49426e+61	
473	-1.17803e+62	5.24272e+61	-9.52662e+61	
474	-1.18098e+62	5.24799e+61	-9.48709e+61	
475	-1.17743e+62	5.23396e+61	-9.53891e+61	
476	-1.17836e+62	5.23533e+61	-9.52658e+61	
477	-1.17941e+62	5.24453e+61	-9.50856e+61	
478	-1.18291e+62	5.24883e+61	-9.46256e+61	
479	-1.1783e+62	5.24573e+61	-9.5216e+61	
480	-1.17638e+62	5.23964e+61	-9.54874e+61	
481	-1.1808e+62	5.24282e+61	-9.49219e+61	
482	-1.17745e+62	5.24252e+61	-9.53395e+61	
483	-1.17839e+62	5.24921e+61	-9.51863e+61	
484	-1.17715e+62	5.23925e+61	-9.53948e+61	
485	-1.17837e+62	5.24598e+61	-9.52064e+61	
486	-1.17926e+62	5.23523e+61	-9.51555e+61	
487	-1.18215e+62	5.24423e+61	-9.47467e+61	
488	-1.17743e+62	5.24785e+61	-9.53125e+61	
489	-1.17939e+62	5.24119e+61	-9.51065e+61	
490	-1.1811e+62	5.25447e+61	-9.48209e+61	
491	-1.17883e+62	5.24737e+61	-9.51414e+61	
492	-1.17916e+62	5.25112e+61	-9.50808e+61	
493	-1.18056e+62	5.25234e+61	-9.48991e+61	
494	-1.17761e+62	5.23374e+61	-9.53675e+61	
495	-1.17718e+62	5.24718e+61	-9.53464e+61	
496	-1.1774e+62	5.24151e+61	-9.53511e+61	
497	-1.17893e+62	5.24095e+61	-9.51642e+61	
498	-1.18387e+62	5.24839e+61	-9.45084e+61	
499	-1.17746e+62	5.23364e+61	-9.53864e+61	
500	-1.17854e+62	5.22924e+61	-9.52775e+61	
501	-1.17866e+62	5.23916e+61	-9.52085e+61	
502	-1.17981e+62	5.25996e+61	-9.49506e+61	
503	-1.17795e+62	5.24627e+61	-9.52573e+61	
504	-1.17839e+62	5.24407e+61	-9.52145e+61	
505	-1.17745e+62	5.23898e+61	-9.53586e+61	
506	-1.18023e+62	5.25094e+61	-9.49479e+61	
507	-1.17518e+62	5.231e+61	-9.56819e+61	
508	-1.17917e+62	5.24247e+61	-9.51264e+61	
509	-1.18095e+62	5.24668e+61	-9.48827e+61	
510	-1.17924e+62	5.23981e+61	-9.51331e+61	
511	-1.18052e+62	5.25024e+61	-9.49163e+61	
512	-1.17971e+62	5.24958e+61	-9.50208e+61	
513	-1.17727e+62	5.23926e+61	-9.53789e+61	
514	-1.18021e+62	5.24437e+61	-9.49872e+61	
515	-1.17906e+62	5.23714e+61	-9.51692e+61	
516	-1.17949e+62	5.23947e+61	-9.51037e+61	
517	-1.17947e+62	5.24409e+61	-9.50804e+61	
518	-1.18012e+62	5.25197e+61	-9.49559e+61	
519	-1.18022e+62	5.24449e+61	-9.49852e+61	
520	-1.18027e+62	5.25395e+61	-9.49272e+61	
521	-1.17807e+62	5.24442e+61	-9.5252e+61	
522	-1.17887e+62	5.23652e+61	-9.51963e+61	
523	-1.18064e+62	5.25126e+61	-9.48953e+61	
524	-1.1789e+62	5.23975e+61	-9.51757e+61	
525	-1.17956e+62	5.24806e+61	-9.50477e+61	
526	-1.18006e+62	5.25489e+61	-9.49482e+61	
527	-1.17824e+62	5.24306e+61	-9.52384e+61	
528	-1.18e+62	5.25202e+61	-9.49711e+61	
529	-1.18061e+62	5.24182e+61	-9.49516e+61	
530	-1.17844e+62	5.24753e+61	-9.51894e+61	
531	-1.17963e+62	5.24944e+61	-9.50318e+61	
532	-1.18119e+62	5.24524e+61	-9.48608e+61	
533	-1.17969e+62	5.23671e+61	-9.50937e+61	
534	-1.17717e+62	5.23986e+61	-9.53885e+61	
535	-1.17628e+62	5.24135e+61	-9.54896e+61	
536	-1.17988e+62	5.24673e+61	-9.50148e+61	
537	-1.17908e+62	5.24184e+61	-9.51413e+61	
538	-1.18158e+62	5.2435e+61	-9.48217e+61	
539	-1.17713e+62	5.23928e+61	-9.53967e+61	
540	-1.1779e+62	5.24509e+61	-9.52695e+61	
541	-1.18161e+62	5.25037e+61	-9.47793e+61	
542	-1.17908e+62	5.24926e+61	-9.51006e+61	
543	-1.1816e+62	5.23496e+61	-9.48657e+61	
544	-1.17733e+62	5.23928e+61	-9.53722e+61	
545	-1.17934e+62	5.24275e+61	-9.51046e+61	
546	-1.17928e+62	5.24409e+61	-9.51047e+61	
547	-1.18174e+62	5.24478e+61	-9.47947e+61	
548	-1.17593e+62	5.24343e+61	-9.55216e+61	
549	-1.17991e+62	5.238e+61	-9.50592e+61	
550	-1.17783e+62	5.23917e+61	-9.53101e+61	
551	-1.17903e+62	5.24391e+61	-9.51362e+61	
552	-1.17905e+62	5.25011e+61	-9.50989e+61	
553	-1.17904e+62	5.24125e+61	-9.51492e+61	
554	-1.18001e+62	5.24348e+61	-9.50172e+61	
555	-1.18146e+62	5.23906e+61	-9.48606e+61	
556	-1.17846e+62	5.24564e+61	-9.51971e+61	
557	-1.18231e+62	5.23897e+61	-9.47555e+61	
558	-1.17722e+62	5.2426e+61	-9.53677e+61	
559	-1.17868e+62	5.2462e+61	-9.5167e+61	
560	-1.17784e+62	5.24236e+61	-9.52914e+61	
561	-1.17656e+62	5.23901e+61	-9.54685e+61	
562	-1.17747e+62	5.23816e+61	-9.53603e+61	
563	-1.17819e+62	5.24353e+61	-9.52418e+61	
564	-1.18196e+62	5.25058e+61	-9.47349e+61	
565	-1.17705e+62	5.23805e+61	-9.54127e+61	
566	-1.17875e+62	5.24454e+61	-9.51676e+61	
567	-1.17969e+62	5.24024e+61	-9.50741e+61	
568	-1.17902e+62	5.24184e+61	-9.51483e+61	
569	-1.17965e+62	5.24178e+61	-9.50708e+61	
570	-1.17635e+62	5.23698e+61	-9.55059e+61	
571	-1.1762e+62	5.24266e+61	-9.54927e+61	
572	-1.17766e+62	5.23325e+61	-9.5364e+61	
573	-1.17926e+62	5.244e+61	-9.51068e+61	
574	-1.1782e+62	5.24261e+61	-9.52464e+61	
575	-1.18072e+62	5.24238e+61	-9.49346e+61	
576	-1.17733e+62	5.24078e+61	-9.53632e+61	
577	-1.17718e+62	5.23627e+61	-9.54067e+61	
578	-1.17799e+62	5.23521e+61	-9.53122e+61	
579	-1.18014e+62	5.24896e+61	-9.49706e+61	
580	-1.17885e+62	5.239e+61	-9.51854e+61	
581	-1.17955e+62	5.24468e+61	-9.50672e+61	
582	-1.18084e+62	5.24258e+61	-9.49188e+61	
583	-1.18076e+62	5.25101e+61	-9.48819e+61	
584	-1.18397e+62	5.24525e+61	-9.45136e+61	
585	-1.18242e+62	5.24751e+61	-9.46946e+61	
586	-1.17927e+62	5.23712e+61	-9.51436e+61	
587	-1.17887e+62	5.23462e+61	-9.52073e+61	
588	-1.1778e+62	5.2384e+61	-9.53192e+61	
589	-1.1788e+62	5.23364e+61	-9.52214e+61	
590	-1.17763e+62	5.24459e+61	-9.53058e+61	
591	-1.1797e+62	5.24098e+61	-9.50697e+61	
592	-1.17773e+62	5.24197e+61	-9.53075e+61	
593	-1.17883e+62	5.24172e+61	-9.51728e+61	
594	-1.1816e+62	5.25115e+61	-9.47768e+61	
595	-1.17933e+62	5.24203e+61	-9.51095e+61	
596	-1.18008e+62	5.24178e+61	-9.50171e+61	
597	-1.18066e+62	5.24552e+61	-9.49244e+61	
598	-1.17859e+62	5.24211e+61	-9.52001e+61	
599	-1.17938e+62	5.23346e+61	-9.51498e+61	
600	-1.17833e+62	5.24332e+61	-9.52255e+61	
601	-1.18036e+62	5.24957e+61	-9.49399e+61	
602	-1.17957e+62	5.25817e+61	-9.49908e+61	
603	-1.18013e+62	5.23671e+61	-9.50398e+61	
604	-1.17817e+62	5.24419e+61	-9.52408e+61	
605	-1.17919e+62	5.23778e+61	-9.51495e+61	
606	-1.1783e+62	5.24638e+61	-9.5213e+61	
607	-1.18092e+62	5.24467e+61	-9.48977e+61	
608	-1.17799e+62	5.24057e+61	-9.52828e+61	
609	-1.17711e+62	5.2388e+61	-9.54018e+61	
610	-1.17757e+62	5.23433e+61	-9.53689e+61	
611	-1.17884e+62	5.24726e+61	-9.5141e+61	
612	-1.17951e+62	5.24147e+61	-9.50897e+61	
613	-1.17981e+62	5.24375e+61	-9.504e+61	
614	-1.18319e+62	5.24477e+61	-9.46133e+61	
615	-1.17711e+62	5.24078e+61	-9.53902e+61	
616	-1.18013e+62	5.24583e+61	-9.49891e+61	
617	-1.17994e+62	5.24275e+61	-9.50294e+61	
618	-1.17809e+62	5.23131e+61	-9.53223e+61	
619	-1.17847e+62	5.24107e+61	-9.52206e+61	
620	-1.17939e+62	5.24928e+61	-9.50615e+61	
621	-1.17867e+62	5.24056e+61	-9.51995e+61	
622	-1.1792e+62	5.2371e+61	-9.51519e+61	
623	-1.18117e+62	5.24741e+61	-9.4851e+61	
624	-1.17857e+62	5.24438e+61	-9.51906e+61	
625	-1.17905e+62	5.24166e+61	-9.51459e+61	
626	-1.17834e+62	5.24272e+61	-9.52286e+61	
627	-1.17838e+62	5.2399e+61	-9.52389e+61	
628	-1.17821e+62	5.24113e+61	-9.52535e+61	
629	-1.17751e+62	5.23808e+61	-9.53564e+61	
630	-1.17787e+62	5.24057e+61	-9.5298e+61	
631	-1.17846e+62	5.24352e+61	-9.5209e+61	
632	-1.17713e+62	5.24208e+61	-9.53813e+61	
633	-1.17872e+62	5.2428e+61	-9.51808e+61	
634	-1.17836e+62	5.24481e+61	-9.52137e+61	
635	-1.17934e+62	5.24732e+61	-9.50789e+61	
636	-1.1777e+62	5.23498e+61	-9.53499e+61	
637	-1.17869e+62	5.24384e+61	-9.51791e+61	
638	-1.1791e+62	5.24061e+61	-9.5145e+61	
639	-1.17834e+62	5.24371e+61	-9.52226e+61	
640	-1.17924e+62	5.23551e+61	-9.51565e+61	
641	-1.17766e+62	5.2454e+61	-9.5298e+61	
642	-1.17962e+62	5.24555e+61	-9.5054e+61	
643	-1.17968e+62	5.24213e+61	-9.50657e+61	
644	-1.17926e+62	5.2507e+61	-9.507e+61	
645	-1.1787e+62	5.2468e+61	-9.5161e+61	
646	-1.17672e+62	5.23195e+61	-9.54869e+61	
647	-1.17873e+62	5.24209e+61	-9.51832e+61	
648	-1.17714e+62	5.23813e+61	-9.54019e+61	
649	-1.17764e+62	5.2425e+61	-9.53158e+61	
650	-1.17855e+62	5.24007e+61	-9.52165e+61	
651	-1.17746e+62	5.24126e+61	-9.53444e+61	
652	-1.17801e+62	5.24032e+61	-9.52823e+61	
653	-1.17889e+62	5.23729e+61	-9.51896e+61	
654	-1.17975e+62	5.25091e+61	-9.50083e+61	
655	-1.17839e+62	5.23661e+61	-9.52555e+61	
656	-1.17886e+62	5.23651e+61	-9.51979e+61	
657	-1.17992e+62	5.24458e+61	-9.5022e+61	
658	-1.17783e+62	5.24397e+61	-9.5284e+61	
659	-1.17859e+62	5.24033e+61	-9.52105e+61	
660	-1.17979e+62	5.24782e+61	-9.50204e+61	
661	-1.17853e+62	5.23981e+61	-9.52207e+61	
662	-1.17938e+62	5.24299e+61	-9.50975e+61	
663	-1.17925e+62	5.2376e+61	-9.51431e+61	
664	-1.17746e+62	5.23497e+61	-9.53798e+61	
665	-1.17963e+62	5.24199e+61	-9.50724e+61	
666	-1.17901e+62	5.23853e+61	-9.51683e+61	
667	-1.17923e+62	5.24939e+61	-9.50809e+61	
668	-1.17839e+62	5.24221e+61	-9.52243e+61	
669	-1.18007e+62	5.24197e+61	-9.50175e+61	
670	-1.1766e+62	5.22876e+61	-9.55191e+61	
671	-1.18035e+62	5.24765e+61	-9.49512e+61	
672	-1.1802e+62	5.24755e+61	-9.49713e+61	
673	-1.18288e+62	5.23419e+61	-9.47105e+61	
674	-1.18007e+62	5.24252e+61	-9.5015e+61	
675	-1.17755e+62	5.23471e+61	-9.53692e+61	
676	-1.18115e+62	5.24163e+61	-9.4885e+61	
677	-1.17922e+62	5.24658e+61	-9.50978e+61	
678	-1.1795e+62	5.24486e+61	-9.50731e+61	
679	-1.17763e+62	5.24008e+61	-9.53307e+61	
680	-1.18129e+62	5.23803e+61	-9.48883e+61	
681	-1.17652e+62	5.23518e+61	-9.54944e+61	
682	-1.17746e+62	5.24391e+61	-9.53304e+61	
683	-1.18335e+62	5.23766e+61	-9.46334e+61	
684	-1.17991e+62	5.24925e+61	-9.49979e+61	
685	-1.17969e+62	5.24249e+61	-9.50618e+61	
686	-1.17754e+62	5.24026e+61	-9.5341e+61	
687	-1.17801e+62	5.24287e+61	-9.52676e+61	
688	-1.17745e+62	5.2434e+61	-9.53349e+61	
689	-1.17662e+62	5.24889e+61	-9.54064e+61	
690	-1.17681e+62	5.24061e+61	-9.54292e+61	
691	-1.17916e+62	5.24469e+61	-9.51158e+61	
692	-1.18014e+62	5.24013e+61	-9.50188e+61	
693	-1.18043e+62	5.24179e+61	-9.49741e+61	
694	-1.17908e+62	5.24236e+61	-9.51381e+61	
695	-1.17908e+62	5.24795e+61	-9.51078e+61	
696	-1.17914e+62	5.23333e+61	-9.51814e+61	
697	-1.17805e+62	5.2454e+61	-9.52493e+61	
698	-1.1787e+62	5.24534e+61	-9.51694e+61	
699	-1.17974e+62	5.25201e+61	-9.50033e+61	
700	-1.17719e+62	5.23503e+61	-9.54128e+61	
701	-1.17958e+62	5.24897e+61	-9.50402e+61	
702	-1.17633e+62	5.24785e+61	-9.54483e+61	
703	-1.17788e+62	5.23714e+61	-9.53152e+61	
704	-1.1786e+62	5.2471e+61	-9.51723e+61	
705	-1.1774e+62	5.23803e+61	-9.53698e+61	
706	-1.18098e+62	5.24046e+61	-9.49129e+61	
707	-1.17876e+62	5.23886e+61	-9.51968e+61	
708	-1.18015e+62	5.24284e+61	-9.50027e+61	
709	-1.17901e+62	5.24094e+61	-9.51547e+61	
710	-1.17768e+62	5.24198e+61	-9.53138e+61	
711	-1.18521e+62	5.25244e+61	-9.43171e+61	
712	-1.17809e+62	5.23403e+61	-9.53068e+61	
713	-1.17945e+62	5.24374e+61	-9.50846e+61	
714	-1.18026e+62	5.24148e+61	-9.49974e+61	
715	-1.17741e+62	5.24822e+61	-9.53125e+61	
716	-1.17996e+62	5.23746e+61	-9.50569e+61	
717	-1.18244e+62	5.24496e+61	-9.47061e+61	
718	-1.17666e+62	5.23762e+61	-9.54634e+61	
719	-1.1808e+62	5.24697e+61	-9.4899e+61	
720	-1.1806e+62	5.24793e+61	-9.49195e+61	
721	-1.18442e+62	5.25228e+61	-9.44175e+61	
722	-1.17731e+62	5.23834e+61	-9.53801e+61	
723	-1.1754e+62	5.24003e+61	-9.56057e+61	
724	-1.17799e+62	5.23915e+61	-9.52915e+61	
725	-1.17805e+62	5.24578e+61	-9.52466e+61	
726	-1.18074e+62	5.23709e+61	-9.49619e+61	
727	-1.17788e+62	5.24151e+61	-9.52913e+61	
728	-1.17682e+62	5.24624e+61	-9.53965e+61	
729	-1.17862e+62	5.24947e+61	-9.51566e+61	
730	-1.17955e+62	5.2424e+61	-9.50797e+61	
731	-1.17765e+62	5.23806e+61	-9.53392e+61	
732	-1.17902e+62	5.23686e+61	-9.51761e+61	
733	-1.17881e+62	5.25068e+61	-9.5126e+61	
734	-1.17693e+62	5.24821e+61	-9.53718e+61	
735	-1.17853e+62	5.23667e+61	-9.52379e+61	
736	-1.17919e+62	5.24132e+61	-9.51309e+61	
737	-1.1812e+62	5.2565e+61	-9.47965e+61	
738	-1.18034e+62	5.2459e+61	-9.49621e+61	
739	-1.18006e+62	5.2444e+61	-9.50054e+61	
740	-1.17786e+62	5.24441e+61	-9.52786e+61	
741	-1.18139e+62	5.24511e+61	-9.48361e+61	
742	-1.17702e+62	5.23961e+61	-9.5408e+61	
743	-1.17867e+62	5.24361e+61	-9.51825e+61	
744	-1.17933e+62	5.23778e+61	-9.51326e+61	
745	-1.18077e+62	5.24531e+61	-9.49124e+61	
746	-1.17872e+62	5.23623e+61	-9.52168e+61	
747	-1.17802e+62	5.23731e+61	-9.5298e+61	
748	-1.17837e+62	5.2425e+61	-9.52252e+61	
749	-1.17907e+62	5.24367e+61	-9.51319e+61	
750	-1.17864e+62	5.24175e+61	-9.5196e+61	
751	-1.17737e+62	5.22781e+61	-9.54303e+61	
752	-1.17954e+62	5.25004e+61	-9.50391e+61	
753	-1.1781e+62	5.2402e+61	-9.52712e+61	
754	-1.17997e+62	5.25354e+61	-9.4966e+61	
755	-1.17605e+62	5.22365e+61	-9.5615e+61	
756	-1.17844e+62	5.23346e+61	-9.52669e+61	
757	-1.17886e+62	5.2367e+61	-9.51969e+61	
758	-1.17818e+62	5.24317e+61	-9.52449e+61	
759	-1.17922e+62	5.24583e+61	-9.51023e+61	
760	-1.17809e+62	5.24649e+61	-9.52389e+61	
761	-1.17892e+62	5.24609e+61	-9.51374e+61	
762	-1.17837e+62	5.23821e+61	-9.52496e+61	
763	-1.17923e+62	5.25514e+61	-9.50492e+61	
764	-1.18348e+62	5.24078e+61	-9.45989e+61	
765	-1.18003e+62	5.24333e+61	-9.5015e+61	
766	-1.17821e+62	5.23198e+61	-9.53028e+61	
767	-1.17761e+62	5.24022e+61	-9.53318e+61	
768	-1.17667e+62	5.24206e+61	-9.54381e+61	
769	-1.17843e+62	5.24218e+61	-9.52203e+61	
770	-1.18279e+62	5.24815e+61	-9.46447e+61	
771	-1.17836e+62	5.23378e+61	-9.52744e+61	
772	-1.18247e+62	5.23838e+61	-9.47387e+61	
773	-1.17864e+62	5.24221e+61	-9.51934e+61	
774	-1.17702e+62	5.24494e+61	-9.53792e+61	
775	-1.17851e+62	5.23827e+61	-9.5232e+61	
776	-1.17956e+62	5.24168e+61	-9.50829e+61	
777	-1.17978e+62	5.24308e+61	-9.50482e+61	
778	-1.17955e+62	5.24209e+61	-9.50814e+61	
779	-1.17912e+62	5.24149e+61	-9.51379e+61	
780	-1.1773e+62	5.2352e+61	-9.53976e+61	
781	-1.17913e+62	5.25276e+61	-9.50747e+61	
782	-1.17507e+62	5.23573e+61	-9.56694e+61	
783	-1.17969e+62	5.23946e+61	-9.50792e+61	
784	-1.1772e+62	5.24349e+61	-9.53642e+61	
785	-1.17923e+62	5.24728e+61	-9.50928e+61	
786	-1.17791e+62	5.23479e+61	-9.5325e+61	
787	-1.17761e+62	5.24573e+61	-9.53013e+61	
788	-1.17877e+62	5.23703e+61	-9.52065e+61	
789	-1.17841e+62	5.24031e+61	-9.52321e+61	
790	-1.17979e+62	5.23437e+61	-9.50942e+61	
791	-1.18111e+62	5.24053e+61	-9.48963e+61	
792	-1.17861e+62	5.24531e+61	-9.51802e+61	
793	-1.17964e+62	5.24494e+61	-9.50551e+61	
794	-1.17986e+62	5.24856e+61	-9.50071e+61	
795	-1.1843e+62	5.24545e+61	-9.44709e+61	
796	-1.18109e+62	5.23753e+61	-9.4915e+61	
797	-1.17987e+62	5.24246e+61	-9.50402e+61	
798	-1.17761e+62	5.23901e+61	-9.53392e+61	
799	-1.18071e+62	5.24305e+61	-9.49321e+61	
800	-1.18046e+62	5.24999e+61	-9.49254e+61	
801	-1.17874e+62	5.24176e+61	-9.51841e+61	
802	-1.18062e+62	5.24862e+61	-9.49126e+61	
803	-1.1796e+62	5.23545e+61	-9.51126e+61	
804	-1.17849e+62	5.24035e+61	-9.52231e+61	
805	-1.18457e+62	5.24284e+61	-9.4452e+61	
806	-1.185e+62	5.2415e+61	-9.4405e+61	
807	-1.18073e+62	5.24692e+61	-9.49086e+61	
808	-1.17802e+62	5.23825e+61	-9.52917e+61	
809	-1.17774e+62	5.24054e+61	-9.53146e+61	
810	-1.18001e+62	5.24617e+61	-9.5002e+61	
811	-1.1782e+62	5.23932e+61	-9.52646e+61	
812	-1.17774e+62	5.24108e+61	-9.53109e+61	
813	-1.17874e+62	5.23865e+61	-9.52006e+61	
814	-1.17849e+62	5.23717e+61	-9.52396e+61	
815	-1.17664e+62	5.24298e+61	-9.54372e+61	
816	-1.17952e+62	5.25081e+61	-9.50373e+61	
817	-1.18007e+62	5.24517e+61	-9.50004e+61	
818	-1.17643e+62	5.23989e+61	-9.54801e+61	
819	-1.17965e+62	5.23721e+61	-9.50967e+61	
820	-1.17629e+62	5.23856e+61	-9.55044e+61	
821	-1.18145e+62	5.24645e+61	-9.48218e+61	
822	-1.17532e+62	5.24619e+61	-9.5582e+61	
823	-1.17935e+62	5.24174e+61	-9.51081e+61	
824	-1.17817e+62	5.24662e+61	-9.52271e+61	
825	-1.17893e+62	5.24431e+61	-9.51458e+61	
826	-1.17962e+62	5.24328e+61	-9.50661e+61	
827	-1.17676e+62	5.23734e+61	-9.54528e+61	
828	-1.17844e+62	5.23381e+61	-9.52643e+61	
829	-1.1761e+62	5.23237e+61	-9.55614e+61	
830	-1.17765e+62	5.24984e+61	-9.52747e+61	
831	-1.17731e+62	5.24048e+61	-9.53675e+61	
832	-1.1807e+62	5.25065e+61	-9.48918e+61	
833	-1.17873e+62	5.24858e+61	-9.51473e+61	
834	-1.17945e+62	5.23213e+61	-9.51495e+61	
835	-1.17773e+62	5.24141e+61	-9.53112e+61	
836	-1.17991e+62	5.24785e+61	-9.50057e+61	
837	-1.17846e+62	5.24109e+61	-9.52228e+61	
838	-1.17773e+62	5.2382e+61	-9.53282e+61	
839	-1.17862e+62	5.23631e+61	-9.52287e+61	
840	-1.17936e+62	5.23927e+61	-9.51213e+61	
841	-1.17738e+62	5.23793e+61	-9.53728e+61	
842	-1.18034e+62	5.24297e+61	-9.49785e+61	
843	-1.17873e+62	5.24145e+61	-9.51865e+61	
844	-1.17953e+62	5.2466e+61	-9.50587e+61	
845	-1.17618e+62	5.24125e+61	-9.55024e+61	
846	-1.18398e+62	5.24309e+61	-9.45235e+61	
847	-1.18353e+62	5.24202e+61	-9.45857e+61	
848	-1.17727e+62	5.23446e+61	-9.54058e+61	
849	-1.17997e+62	5.24419e+61	-9.50182e+61	
850	-1.17944e+62	5.23995e+61	-9.51074e+61	
851	-1.17738e+62	5.24142e+61	-9.53541e+61	
852	-1.17609e+62	5.24062e+61	-9.5517e+61	
853	-1.1792e+62	5.239e+61	-9.51416e+61	
854	-1.17973e+62	5.24658e+61	-9.50346e+61	
855	-1.17725e+62	5.22657e+61	-9.54509e+61	
856	-1.18316e+62	5.24669e+61	-9.46071e+61	
857	-1.17909e+62	5.23949e+61	-9.51526e+61	
858	-1.18004e+62	5.24474e+61	-9.50066e+61	
859	-1.17926e+62	5.24622e+61	-9.50946e+61	
860	-1.17953e+62	5.23984e+61	-9.50967e+61	
861	-1.17957e+62	5.24349e+61	-9.50714e+61	
862	-1.17563e+62	5.22807e+61	-9.56427e+61	
863	-1.17821e+62	5.2417e+61	-9.52499e+61	
864	-1.17717e+62	5.23274e+61	-9.54279e+61	
865	-1.17869e+62	5.23542e+61	-9.52254e+61	
866	-1.1767e+62	5.24091e+61	-9.54409e+61	
867	-1.17949e+62	5.24011e+61	-9.50995e+61	
868	-1.18043e+62	5.25027e+61	-9.49277e+61	
869	-1.17967e+62	5.24338e+61	-9.50598e+61	
870	-1.17633e+62	5.23819e+61	-9.55012e+61	
871	-1.17896e+62	5.24688e+61	-9.51286e+61	
872	-1.1789e+62	5.24118e+61	-9.51668e+61	
873	-1.17821e+62	5.24214e+61	-9.52473e+61	
874	-1.17744e+62	5.24227e+61	-9.53422e+61	
875	-1.17693e+62	5.24068e+61	-9.54135e+61	
876	-1.17924e+62	5.24438e+61	-9.51075e+61	
877	-1.17918e+62	5.23492e+61	-9.51667e+61	
878	-1.17814e+62	5.24407e+61	-9.52451e+61	
879	-1.17991e+62	5.24958e+61	-9.49952e+61	
880	-1.17765e+62	5.23704e+61	-9.53444e+61	
881	-1.179e+62	5.25029e+61	-9.51042e+61	
882	-1.17909e+62	5.24602e+61	-9.51176e+61	
883	-1.18113e+62	5.25704e+61	-9.48031e+61	
884	-1.17782e+62	5.23609e+61	-9.5329e+61	
885	-1.18346e+62	5.23034e+61	-9.46596e+61	
886	-1.17934e+62	5.22638e+61	-9.51946e+61	
887	-1.18032e+62	5.24581e+61	-9.49657e+61	
888	-1.17933e+62	5.24779e+61	-9.50777e+61	
889	-1.17773e+62	5.2388e+61	-9.53245e+61	
890	-1.17917e+62	5.23765e+61	-9.51538e+61	
891	-1.17929e+62	5.24515e+61	-9.50965e+61	
892	-1.18575e+62	5.24803e+61	-9.4274e+61	
893	-1.1793e+62	5.23605e+61	-9.51463e+61	
894	-1.17692e+62	5.2408e+61	-9.54136e+61	
895	-1.1837e+62	5.24427e+61	-9.45528e+61	
896	-1.17642e+62	5.23901e+61	-9.54858e+61	
897	-1.18002e+62	5.2512e+61	-9.49729e+61	
898	-1.17874e+62	5.24654e+61	-9.51571e+61	
899	-1.18011e+62	5.24259e+61	-9.50096e+61	
900	-1.1785e+62	5.24169e+61	-9.52145e+61	
901	-1.18247e+62	5.23633e+61	-9.47505e+61	
902	-1.17815e+62	5.24282e+61	-9.52507e+61	
903	-1.18093e+62	5.23746e+61	-9.49355e+61	
904	-1.18002e+62	5.24777e+61	-9.49919e+61	
905	-1.18006e+62	5.24732e+61	-9.49893e+61	
906	-1.18135e+62	5.25381e+61	-9.47933e+61	
907	-1.17955e+62	5.2396e+61	-9.50955e+61	
908	-1.17684e+62	5.23355e+61	-9.54632e+61	
909	-1.1783e+62	5.23921e+61	-9.52529e+61	
910	-1.1787e+62	5.243e+61	-9.51819e+61	
911	-1.18079e+62	5.25265e+61	-9.48695e+61	
912	-1.17847e+62	5.24373e+61	-9.5206e+61	
913	-1.17804e+62	5.23481e+61	-9.5309e+61	
914	-1.17975e+62	5.24654e+61	-9.50322e+61	
915	-1.17756e+62	5.24248e+61	-9.53258e+61	
916	-1.17762e+62	5.23556e+61	-9.53567e+61	
917	-1.17841e+62	5.23894e+61	-9.52408e+61	
918	-1.17847e+62	5.23702e+61	-9.52435e+61	
919	-1.17984e+62	5.24953e+61	-9.50049e+61	
920	-1.18126e+62	5.24765e+61	-9.48389e+61	
921	-1.17641e+62	5.24512e+61	-9.54538e+61	
922	-1.18014e+62	5.24656e+61	-9.49836e+61	
923	-1.1795e+62	5.25404e+61	-9.50222e+61	
924	-1.17925e+62	5.24167e+61	-9.51215e+61	
925	-1.17861e+62	5.25191e+61	-9.51441e+61	
926	-1.17805e+62	5.25192e+61	-9.52138e+61	
927	-1.18013e+62	5.24714e+61	-9.4982e+61	
928	-1.18023e+62	5.24411e+61	-9.49861e+61	
929	-1.1793e+62	5.23765e+61	-9.51374e+61	
930	-1.17913e+62	5.24675e+61	-9.51087e+61	
931	-1.17844e+62	5.23971e+61	-9.52323e+61	
932	-1.17873e+62	5.24544e+61	-9.51652e+61	
933	-1.18139e+62	5.25252e+61	-9.47948e+61	
934	-1.17985e+62	5.23757e+61	-9.50698e+61	
935	-1.18262e+62	5.24931e+61	-9.46589e+61	
936	-1.17889e+62	5.24281e+61	-9.51599e+61	
937	-1.17834e+62	5.23695e+61	-9.52595e+61	
938	-1.17762e+62	5.23705e+61	-9.53489e+61	
939	-1.1779e+62	5.24916e+61	-9.52465e+61	
940	-1.17677e+62	5.22978e+61	-9.54929e+61	
941	-1.17885e+62	5.2568e+61	-9.50879e+61	
942	-1.17792e+62	5.24614e+61	-9.52614e+61	
943	-1.17688e+62	5.24191e+61	-9.54129e+61	
944	-1.18118e+62	5.24251e+61	-9.48765e+61	
945	-1.17856e+62	5.24649e+61	-9.51807e+61	
946	-1.17801e+62	5.23687e+61	-9.53013e+61	
947	-1.17957e+62	5.24567e+61	-9.50599e+61	
948	-1.17879e+62	5.2375e+61	-9.52006e+61	
949	-1.17947e+62	5.24655e+61	-9.50668e+61	
950	-1.17855e+62	5.24106e+61	-9.52119e+61	
951	-1.1801e+62	5.24498e+61	-9.49973e+61	
952	-1.17886e+62	5.24136e+61	-9.51708e+61	
953	-1.17701e+62	5.24093e+61	-9.54025e+61	
954	-1.17937e+62	5.24396e+61	-9.50939e+61	
955	-1.17728e+62	5.24131e+61	-9.53668e+61	
956	-1.17754e+62	5.24156e+61	-9.5334e+61	
957	-1.17975e+62	5.24337e+61	-9.50492e+61	
958	-1.17748e+62	5.23669e+61	-9.53672e+61	
959	-1.17997e+62	5.23856e+61	-9.50489e+61	
960	-1.17852e+62	5.24088e+61	-9.52164e+61	
961	-1.18056e+62	5.24321e+61	-9.49506e+61	
962	-1.18006e+62	5.2443e+61	-9.50058e+61	
963	-1.17748e+62	5.23278e+61	-9.53893e+61	
964	-1.18185e+62	5.23954e+61	-9.48096e+61	
965	-1.17698e+62	5.23964e+61	-9.54132e+61	
966	-1.17896e+62	5.23603e+61	-9.5188e+61	
967	-1.18235e+62	5.24776e+61	-9.4702e+61	
968	-1.17728e+62	5.24298e+61	-9.53578e+61	
969	-1.18388e+62	5.2402e+61	-9.4553e+61	
970	-1.17854e+62	5.23926e+61	-9.52226e+61	
971	-1.18059e+62	5.24517e+61	-9.49353e+61	
972	-1.17838e+62	5.24781e+61	-9.51951e+61	
973	-1.17768e+62	5.24414e+61	-9.53015e+61	
974	-1.17737e+62	5.25472e+61	-9.52818e+61	
975	-1.17842e+62	5.23548e+61	-9.52582e+61	
976	-1.18086e+62	5.23752e+61	-9.4944e+61	
977	-1.17827e+62	5.25409e+61	-9.51735e+61	
978	-1.1764e+62	5.23064e+61	-9.5534e+61	
979	-1.17769e+62	5.2212e+61	-9.54265e+61	
980	-1.18146e+62	5.24392e+61	-9.48336e+61	
981	-1.17905e+62	5.24615e+61	-9.51218e+61	
982	-1.1783e+62	5.24392e+61	-9.52263e+61	
983	-1.17874e+62	5.23981e+61	-9.51942e+61	
984	-1.17544e+62	5.23794e+61	-9.56116e+61	
985	-1.17978e+62	5.25407e+61	-9.49867e+61	
986	-1.17723e+62	5.24507e+61	-9.53525e+61	
987	-1.17901e+62	5.2324e+61	-9.52023e+61	
988	-1.17993e+62	5.24213e+61	-9.50337e+61	
989	-1.17853e+62	5.24722e+61	-9.51795e+61	
990	-1.17956e+62	5.2411e+61	-9.50861e+61	
991	-1.17815e+62	5.24212e+61	-9.52545e+61	
992	-1.18128e+62	5.24353e+61	-9.48592e+61	
993	-1.17871e+62	5.23894e+61	-9.52032e+61	
994	-1.17817e+62	5.24216e+61	-9.52521e+61	
995	-1.17902e+62	5.24002e+61	-9.5159e+61	
996	-1.17801e+62	5.24296e+61	-9.5268e+61	
997	-1.17877e+62	5.24394e+61	-9.5168e+61	
998	-1.18034e+62	5.24747e+61	-9.49541e+61	
999	-1.17737e+62	5.24086e+61	-9.53579e+61	
1000	-1.17829e+62	5.23928e+61	-9.52534e+61	
1	-1.25889e+62	3.59989e+60	-9.92016e+61	
2	-1.25916e+62	3.67221e+60	-9.91644e+61	
3	-1.2589e+62	3.61931e+60	-9.91987e+61	
4	-1.25496e+62	3.69999e+60	-9.96941e+61	
5	-1.26006e+62	3.75438e+60	-9.90472e+61	
6	-1.25809e+62	3.71492e+60	-9.92988e+61	
7	-1.25887e+62	3.5967e+60	-9.92031e+61	
8	-1.25807e+62	3.66023e+60	-9.93028e+61	
9	-1.25776e+62	3.71654e+60	-9.93397e+61	
10	-1.25846e+62	3.75871e+60	-9.92493e+61	
11	-1.25791e+62	3.68027e+60	-9.93229e+61	
12	-1.25887e+62	3.76482e+60	-9.9198e+61	
13	-1.25811e+62	3.57942e+60	-9.93006e+61	
14	-1.25837e+62	3.73238e+60	-9.92624e+61	
15	-1.25573e+62	3.74929e+60	-9.95949e+61	
16	-1.25815e+62	3.71227e+60	-9.92908e+61	
17	-1.25689e+62	3.65594e+60	-9.94527e+61	
18	-1.25674e+62	3.71367e+60	-9.94686e+61	
19	-1.25705e+62	3.69829e+60	-9.94305e+61	
20	-1.25956e+62	3.58291e+60	-9.91167e+61	
21	-1.25732e+62	3.67649e+60	-9.93969e+61	
22	-1.25978e+62	3.72506e+60	-9.90834e+61	
23	-1.25754e+62	3.63242e+60	-9.93712e+61	
24	-1.25891e+62	3.68458e+60	-9.91949e+61	
25	-1.25862e+62	3.64675e+60	-9.92342e+61	
26	-1.26033e+62	3.68427e+60	-9.90151e+61	
27	-1.25929e+62	3.63951e+60	-9.91484e+61	
28	-1.26144e+62	3.62729e+60	-9.88758e+61	
29	-1.25751e+62	3.64974e+60	-9.93747e+61	
30	-1.25895e+62	3.6486e+60	-9.91923e+61	
31	-1.2586e+62	3.711e+60	-9.92341e+61	
32	-1.25747e+62	3.75776e+60	-9.9375e+61	
33	-1.25923e+62	3.69108e+60	-9.91545e+61	
34	-1.25743e+62	3.65994e+60	-9.93844e+61	
35	-1.25983e+62	3.64072e+60	-9.90796e+61	
36	-1.25784e+62	3.63775e+60	-9.9333e+61	
37	-1.25784e+62	3.76779e+60	-9.93275e+61	
38	-1.25724e+62	3.70212e+60	-9.94063e+61	
39	-1.25819e+62	3.7928e+60	-9.92823e+61	
40	-1.26157e+62	3.72537e+60	-9.88548e+61	
41	-1.25946e+62	3.68188e+60	-9.91262e+61	
42	-1.25784e+62	3.64141e+60	-9.93323e+61	
43	-1.25789e+62	3.69315e+60	-9.9324e+61	
44	-1.25746e+62	3.78463e+60	-9.93756e+61	
45	-1.26023e+62	3.58811e+60	-9.90309e+61	
46	-1.25982e+62	3.70094e+60	-9.90788e+61	
47	-1.25785e+62	3.66186e+60	-9.93306e+61	
48	-1.25803e+62	3.67639e+60	-9.93068e+61	
49	-1.25686e+62	3.73687e+60	-9.94535e+61	
50	-1.25763e+62	3.68079e+60	-9.93584e+61	
51	-1.25872e+62	3.55753e+60	-9.92237e+61	
52	-1.25703e+62	3.6953e+60	-9.94332e+61	
53	-1.25833e+62	3.63054e+60	-9.92715e+61	
54	-1.25522e+62	3.6203e+60	-9.96647e+61	
55	-1.25814e+62	3.67311e+60	-9.92936e+61	
56	-1.26014e+62	3.67495e+60	-9.90396e+61	
57	-1.25727e+62	3.68427e+60	-9.94035e+61	
58	-1.25771e+62	3.68289e+60	-9.93474e+61	
59	-1.25955e+62	3.6974e+60	-9.91135e+61	
60	-1.26045e+62	3.62039e+60	-9.90014e+61	
61	-1.25803e+62	3.56507e+60	-9.93109e+61	
62	-1.25808e+62	3.69532e+60	-9.93002e+61	
63	-1.25707e+62	3.60843e+60	-9.94314e+61	
64	-1.25823e+62	3.58507e+60	-9.92853e+61	
65	-1.25807e+62	3.72019e+60	-9.93001e+61	
66	-1.26074e+62	3.7263e+60	-9.89618e+61	
67	-1.25727e+62	3.6476e+60	-9.94045e+61	
68	-1.25842e+62	3.76477e+60	-9.92544e+61	
69	-1.26035e+62	3.67835e+60	-9.90132e+61	
70	-1.25795e+62	3.65696e+60	-9.93184e+61	
71	-1.25804e+62	3.67918e+60	-9.93054e+61	
72	-1.2579e+62	3.64493e+60	-9.93247e+61	
73	-1.258e+62	3.69224e+60	-9.93105e+61	
74	-1.25879e+62	3.6631e+60	-9.92119e+61	
75	-1.25853e+62	3.69673e+60	-9.92437e+61	
76	-1.25869e+62	3.67087e+60	-9.92243e+61	
77	-1.25922e+62	3.74317e+60	-9.91537e+61	
78	-1.25773e+62	3.75073e+60	-9.93428e+61	
79	-1.25731e+62	3.68756e+60	-9.93985e+61	
80	-1.26234e+62	3.74048e+60	-9.87566e+61	
81	-1.25861e+62	3.68774e+60	-9.92335e+61	
82	-1.25607e+62	3.70569e+60	-9.95545e+61	
83	-1.25804e+62	3.74815e+60	-9.9303e+61	
84	-1.25828e+62	3.59834e+60	-9.92789e+61	
85	-1.25857e+62	3.74105e+60	-9.92359e+61	
86	-1.26064e+62	3.71422e+60	-9.89746e+61	
87	-1.25731e+62	3.62494e+60	-9.94004e+61	
88	-1.25837e+62	3.68881e+60	-9.92638e+61	
89	-1.25715e+62	3.67993e+60	-9.94189e+61	
90	-1.25886e+62	3.70542e+60	-9.92009e+61	
91	-1.25843e+62	3.67354e+60	-9.92572e+61	
92	-1.25844e+62	3.66705e+60	-9.9256e+61	
93	-1.25928e+62	3.72188e+60	-9.91469e+61	
94	-1.25967e+62	3.64425e+60	-9.91001e+61	
95	-1.25757e+62	3.67749e+60	-9.93653e+61	
96	-1.25863e+62	3.6876e+60	-9.92306e+61	
97	-1.25827e+62	3.68075e+60	-9.92769e+61	
98	-1.25857e+62	3.66185e+60	-9.92392e+61	
99	-1.25849e+62	3.73889e+60	-9.92465e+61	
100	-1.25906e+62	3.68926e+60	-9.91767e+61	
101	-1.25974e+62	3.73639e+60	-9.90882e+61	
102	-1.25701e+62	3.74129e+60	-9.94334e+61	
103	-1.25903e+62	3.66777e+60	-9.91803e+61	
104	-1.25996e+62	3.66016e+60	-9.90632e+61	
105	-1.25749e+62	3.62842e+60	-9.93772e+61	
106	-1.25832e+62	3.60315e+60	-9.9273e+61	
107	-1.25887e+62	3.66357e+60	-9.92011e+61	
108	-1.2569e+62	3.65085e+60	-9.94516e+61	
109	-1.26039e+62	3.73997e+60	-9.90052e+61	
110	-1.25686e+62	3.72345e+60	-9.94535e+61	
111	-1.25892e+62	3.67232e+60	-9.91951e+61	
112	-1.25896e+62	3.64456e+60	-9.91911e+61	
113	-1.25946e+62	3.73867e+60	-9.91236e+61	
114	-1.2606e+62	3.69147e+60	-9.89805e+61	
115	-1.25801e+62	3.80493e+60	-9.93054e+61	
116	-1.25617e+62	3.70263e+60	-9.95413e+61	
117	-1.25861e+62	3.7023e+60	-9.92325e+61	
118	-1.25699e+62	3.63094e+60	-9.94408e+61	
119	-1.25807e+62	3.77569e+60	-9.92986e+61	
120	-1.25989e+62	3.67674e+60	-9.90718e+61	
121	-1.25919e+62	3.56857e+60	-9.91644e+61	
122	-1.2613e+62	3.64772e+60	-9.88929e+61	
123	-1.2586e+62	3.73362e+60	-9.92331e+61	
124	-1.25739e+62	3.59914e+60	-9.93917e+61	
125	-1.25878e+62	3.68601e+60	-9.92122e+61	
126	-1.25658e+62	3.66492e+60	-9.94905e+61	
127	-1.25737e+62	3.70591e+60	-9.93893e+61	
128	-1.26066e+62	3.66576e+60	-9.8973e+61	
129	-1.25862e+62	3.63649e+60	-9.92342e+61	
130	-1.25941e+62	3.6555e+60	-9.91325e+61	
131	-1.26046e+62	3.6136e+60	-9.90015e+61	
132	-1.25777e+62	3.61688e+60	-9.93421e+61	
133	-1.25949e+62	3.62497e+60	-9.91241e+61	
134	-1.25794e+62	3.66222e+60	-9.93199e+61	
135	-1.25817e+62	3.64102e+60	-9.92905e+61	
136	-1.25943e+62	3.70217e+60	-9.9129e+61	
137	-1.25796e+62	3.64164e+60	-9.9318e+61	
138	-1.25812e+62	3.6199e+60	-9.92978e+61	
139	-1.25777e+62	3.74568e+60	-9.93375e+61	
140	-1.25977e+62	3.58164e+60	-9.90905e+61	
141	-1.25705e+62	3.6554e+60	-9.94317e+61	
142	-1.25564e+62	3.70789e+60	-9.96086e+61	
143	-1.25875e+62	3.57468e+60	-9.92199e+61	
144	-1.2556e+62	3.71212e+60	-9.96127e+61	
145	-1.25923e+62	3.68366e+60	-9.91545e+61	
146	-1.25803e+62	3.70024e+60	-9.9306e+61	
147	-1.25889e+62	3.68061e+60	-9.91985e+61	
148	-1.25928e+62	3.61461e+60	-9.91506e+61	
149	-1.25838e+62	3.64983e+60	-9.92635e+61	
150	-1.26057e+62	3.69985e+60	-9.89835e+61	
151	-1.25893e+62	3.5992e+60	-9.91954e+61	
152	-1.2591e+62	3.65049e+60	-9.91729e+61	
153	-1.25748e+62	3.68132e+60	-9.93764e+61	
154	-1.2582e+62	3.6476e+60	-9.92871e+61	
155	-1.26045e+62	3.66135e+60	-9.90008e+61	
156	-1.25811e+62	3.56405e+60	-9.93012e+61	
157	-1.26186e+62	3.57465e+60	-9.88241e+61	
158	-1.25667e+62	3.75886e+60	-9.94761e+61	
159	-1.25866e+62	3.63105e+60	-9.92286e+61	
160	-1.25905e+62	3.60921e+60	-9.91799e+61	
161	-1.26099e+62	3.62854e+60	-9.89326e+61	
162	-1.25787e+62	3.69355e+60	-9.93267e+61	
163	-1.25942e+62	3.67077e+60	-9.91312e+61	
164	-1.25775e+62	3.64705e+60	-9.93442e+61	
165	-1.25691e+62	3.60505e+60	-9.94518e+61	
166	-1.25734e+62	3.6315e+60	-9.93964e+61	
167	-1.25838e+62	3.61596e+60	-9.92647e+61	
168	-1.25929e+62	3.66041e+60	-9.91479e+61	
169	-1.25986e+62	3.60453e+60	-9.90779e+61	
170	-1.25883e+62	3.57907e+60	-9.92095e+61	
171	-1.25839e+62	3.70355e+60	-9.92611e+61	
172	-1.2589e+62	3.65645e+60	-9.91981e+61	
173	-1.2585e+62	3.69774e+60	-9.92474e+61	
174	-1.25788e+62	3.68051e+60	-9.93268e+61	
175	-1.25981e+62	3.68006e+60	-9.90811e+61	
176	-1.25957e+62	3.61613e+60	-9.91138e+61	
177	-1.25763e+62	3.65845e+60	-9.93582e+61	
178	-1.26146e+62	3.58031e+60	-9.88744e+61	
179	-1.25746e+62	3.66642e+60	-9.93802e+61	
180	-1.25795e+62	3.72043e+60	-9.93161e+61	
181	-1.26023e+62	3.70218e+60	-9.90273e+61	
182	-1.25803e+62	3.62774e+60	-9.93088e+61	
183	-1.25813e+62	3.65651e+60	-9.9295e+61	
184	-1.26106e+62	3.68589e+60	-9.89223e+61	
185	-1.25705e+62	3.69229e+60	-9.94305e+61	
186	-1.25848e+62	3.62848e+60	-9.92521e+61	
187	-1.25994e+62	3.55448e+60	-9.90691e+61	
188	-1.26078e+62	3.68013e+60	-9.89577e+61	
189	-1.25787e+62	3.70532e+60	-9.93268e+61	
190	-1.25976e+62	3.64628e+60	-9.90884e+61	
191	-1.25621e+62	3.69998e+60	-9.95363e+61	
192	-1.25475e+62	3.73261e+60	-9.97194e+61	
193	-1.26034e+62	3.6972e+60	-9.90133e+61	
194	-1.25848e+62	3.56256e+60	-9.92538e+61	
195	-1.25808e+62	3.68334e+60	-9.93004e+61	
196	-1.26048e+62	3.58206e+60	-9.89999e+61	
197	-1.2597e+62	3.64633e+60	-9.90962e+61	
198	-1.25726e+62	3.7019e+60	-9.94044e+61	
199	-1.25732e+62	3.68971e+60	-9.93966e+61	
200	-1.25909e+62	3.62915e+60	-9.91742e+61	
201	-1.2589e+62	3.5616e+60	-9.9201e+61	
202	-1.25864e+62	3.64055e+60	-9.92315e+61	
203	-1.25923e+62	3.58903e+60	-9.91588e+61	
204	-1.26033e+62	3.65593e+60	-9.90162e+61	
205	-1.25753e+62	3.68933e+60	-9.93701e+61	
206	-1.25861e+62	3.52225e+60	-9.92391e+61	
207	-1.26183e+62	3.55858e+60	-9.88278e+61	
208	-1.25719e+62	3.70031e+60	-9.94128e+61	
209	-1.25841e+62	3.69763e+60	-9.92579e+61	
210	-1.25905e+62	3.64109e+60	-9.91788e+61	
211	-1.25923e+62	3.66472e+60	-9.91562e+61	
212	-1.25697e+62	3.68686e+60	-9.94409e+61	
213	-1.26027e+62	3.62977e+60	-9.90244e+61	
214	-1.26167e+62	3.58547e+60	-9.88476e+61	
215	-1.2583e+62	3.67355e+60	-9.92729e+61	
216	-1.26038e+62	3.7374e+60	-9.90072e+61	
217	-1.25777e+62	3.74194e+60	-9.9338e+61	
218	-1.25841e+62	3.59614e+60	-9.92625e+61	
219	-1.25986e+62	3.58564e+60	-9.90785e+61	
220	-1.25605e+62	3.56462e+60	-9.95617e+61	
221	-1.26097e+62	3.63353e+60	-9.89352e+61	
222	-1.25853e+62	3.61838e+60	-9.92455e+61	
223	-1.2573e+62	3.66016e+60	-9.94007e+61	
224	-1.25553e+62	3.74363e+60	-9.96212e+61	
225	-1.26078e+62	3.76315e+60	-9.89544e+61	
226	-1.26218e+62	3.5965e+60	-9.8782e+61	
227	-1.25942e+62	3.51994e+60	-9.91371e+61	
228	-1.25782e+62	3.69948e+60	-9.93334e+61	
229	-1.25898e+62	3.63587e+60	-9.9189e+61	
230	-1.25661e+62	3.68177e+60	-9.94873e+61	
231	-1.25755e+62	3.80599e+60	-9.93635e+61	
232	-1.25631e+62	3.6539e+60	-9.95258e+61	
233	-1.25791e+62	3.62979e+60	-9.93239e+61	
234	-1.259e+62	3.61632e+60	-9.91864e+61	
235	-1.25917e+62	3.5747e+60	-9.9166e+61	
236	-1.26166e+62	3.76177e+60	-9.88426e+61	
237	-1.25922e+62	3.728e+60	-9.9155e+61	
238	-1.2583e+62	3.74344e+60	-9.92712e+61	
239	-1.25848e+62	3.5812e+60	-9.92535e+61	
240	-1.25817e+62	3.58061e+60	-9.92932e+61	
241	-1.25927e+62	3.62109e+60	-9.91524e+61	
242	-1.25884e+62	3.76848e+60	-9.92016e+61	
243	-1.25902e+62	3.69174e+60	-9.91817e+61	
244	-1.25979e+62	3.73307e+60	-9.90813e+61	
245	-1.25883e+62	3.73586e+60	-9.92042e+61	
246	-1.26002e+62	3.67452e+60	-9.90554e+61	
247	-1.25787e+62	3.62845e+60	-9.9329e+61	
248	-1.259e+62	3.6784e+60	-9.91845e+61	
249	-1.25643e+62	3.67818e+60	-9.9509e+61	
250	-1.25841e+62	3.7655e+60	-9.92558e+61	
251	-1.26077e+62	3.63338e+60	-9.89607e+61	
252	-1.25803e+62	3.67879e+60	-9.93069e+61	
253	-1.25788e+62	3.73739e+60	-9.93234e+61	
254	-1.25829e+62	3.63354e+60	-9.92755e+61	
255	-1.258e+62	3.67431e+60	-9.9311e+61	
256	-1.25748e+62	3.68436e+60	-9.93762e+61	
257	-1.26026e+62	3.67419e+60	-9.90241e+61	
258	-1.25979e+62	3.66212e+60	-9.90851e+61	
259	-1.26066e+62	3.66962e+60	-9.89735e+61	
260	-1.25739e+62	3.742e+60	-9.9386e+61	
261	-1.25903e+62	3.70913e+60	-9.91795e+61	
262	-1.25893e+62	3.68085e+60	-9.9193e+61	
263	-1.25748e+62	3.64404e+60	-9.93787e+61	
264	-1.25873e+62	3.69153e+60	-9.92179e+61	
265	-1.25668e+62	3.5755e+60	-9.94812e+61	
266	-1.25833e+62	3.66529e+60	-9.92696e+61	
267	-1.26199e+62	3.6304e+60	-9.88052e+61	
268	-1.25752e+62	3.71193e+60	-9.93702e+61	
269	-1.25752e+62	3.68274e+60	-9.93717e+61	
270	-1.25729e+62	3.77242e+60	-9.93973e+61	
271	-1.26006e+62	3.65253e+60	-9.90501e+61	
272	-1.26084e+62	3.63112e+60	-9.89519e+61	
273	-1.2576e+62	3.55577e+60	-9.93657e+61	
274	-1.2588e+62	3.60005e+60	-9.92125e+61	
275	-1.25698e+62	3.80883e+60	-9.94351e+61	
276	-1.25923e+62	3.53018e+60	-9.91611e+61	
277	-1.25597e+62	3.65763e+60	-9.95687e+61	
278	-1.25841e+62	3.74808e+60	-9.92559e+61	
279	-1.25666e+62	3.72252e+60	-9.94794e+61	
280	-1.25942e+62	3.5583e+60	-9.91351e+61	
281	-1.26062e+62	3.69345e+60	-9.89779e+61	
282	-1.25782e+62	3.65274e+60	-9.93346e+61	
283	-1.25622e+62	3.6872e+60	-9.95354e+61	
284	-1.25912e+62	3.69057e+60	-9.9169e+61	
285	-1.25694e+62	3.61643e+60	-9.94481e+61	
286	-1.25781e+62	3.7017e+60	-9.93347e+61	
287	-1.25812e+62	3.64399e+60	-9.9297e+61	
288	-1.25922e+62	3.66943e+60	-9.91571e+61	
289	-1.25977e+62	3.67775e+60	-9.90868e+61	
290	-1.25701e+62	3.58993e+60	-9.944e+61	
291	-1.25826e+62	3.68344e+60	-9.92783e+61	
292	-1.25725e+62	3.70863e+60	-9.94052e+61	
293	-1.25869e+62	3.73737e+60	-9.92215e+61	
294	-1.25881e+62	3.65774e+60	-9.92088e+61	
295	-1.25773e+62	3.70035e+60	-9.9344e+61	
296	-1.25883e+62	3.67433e+60	-9.92061e+61	
297	-1.25918e+62	3.63074e+60	-9.91626e+61	
298	-1.26102e+62	3.79298e+60	-9.89226e+61	
299	-1.25719e+62	3.71549e+60	-9.94126e+61	
300	-1.25778e+62	3.557e+60	-9.93439e+61	
301	-1.25853e+62	3.6144e+60	-9.9246e+61	
302	-1.25815e+62	3.71257e+60	-9.92908e+61	
303	-1.25853e+62	3.62352e+60	-9.92462e+61	
304	-1.25913e+62	3.64258e+60	-9.91688e+61	
305	-1.25978e+62	3.64066e+60	-9.90866e+61	
306	-1.25827e+62	3.70712e+60	-9.92759e+61	
307	-1.25736e+62	3.70023e+60	-9.93911e+61	
308	-1.26022e+62	3.6314e+60	-9.90308e+61	
309	-1.25947e+62	3.62393e+60	-9.9127e+61	
310	-1.25877e+62	3.611e+60	-9.92157e+61	
311	-1.25727e+62	3.65198e+60	-9.94041e+61	
312	-1.25914e+62	3.65845e+60	-9.91673e+61	
313	-1.25909e+62	3.59887e+60	-9.91757e+61	
314	-1.25704e+62	3.64336e+60	-9.9434e+61	
315	-1.25953e+62	3.66067e+60	-9.91174e+61	
316	-1.25909e+62	3.63916e+60	-9.91743e+61	
317	-1.25974e+62	3.70924e+60	-9.90889e+61	
318	-1.25907e+62	3.62066e+60	-9.91779e+61	
319	-1.25919e+62	3.64192e+60	-9.9161e+61	
320	-1.25988e+62	3.66195e+60	-9.90727e+61	
321	-1.25945e+62	3.64821e+60	-9.91279e+61	
322	-1.25833e+62	3.70188e+60	-9.92688e+61	
323	-1.2583e+62	3.56021e+60	-9.92771e+61	
324	-1.25855e+62	3.653e+60	-9.92418e+61	
325	-1.25901e+62	3.67501e+60	-9.91836e+61	
326	-1.25963e+62	3.67776e+60	-9.91039e+61	
327	-1.25875e+62	3.66811e+60	-9.92163e+61	
328	-1.25906e+62	3.68565e+60	-9.9177e+61	
329	-1.25963e+62	3.57914e+60	-9.91085e+61	
330	-1.25912e+62	3.6589e+60	-9.91693e+61	
331	-1.25602e+62	3.67069e+60	-9.95613e+61	
332	-1.25914e+62	3.67883e+60	-9.91664e+61	
333	-1.26001e+62	3.68311e+60	-9.90562e+61	
334	-1.25661e+62	3.66346e+60	-9.94875e+61	
335	-1.25883e+62	3.59992e+60	-9.92093e+61	
336	-1.25886e+62	3.74424e+60	-9.91994e+61	
337	-1.25803e+62	3.66589e+60	-9.93078e+61	
338	-1.25761e+62	3.71755e+60	-9.93584e+61	
339	-1.25745e+62	3.69862e+60	-9.938e+61	
340	-1.25786e+62	3.74186e+60	-9.93262e+61	
341	-1.25737e+62	3.69869e+60	-9.93895e+61	
342	-1.26041e+62	3.67632e+60	-9.90045e+61	
343	-1.26148e+62	3.66448e+60	-9.88692e+61	
344	-1.25833e+62	3.76255e+60	-9.92659e+61	
345	-1.26066e+62	3.63122e+60	-9.8975e+61	
346	-1.25671e+62	3.74385e+60	-9.94723e+61	
347	-1.25753e+62	3.73516e+60	-9.93683e+61	
348	-1.25846e+62	3.60374e+60	-9.92555e+61	
349	-1.26001e+62	3.69e+60	-9.90552e+61	
350	-1.25507e+62	3.67518e+60	-9.96809e+61	
351	-1.25728e+62	3.56786e+60	-9.94057e+61	
352	-1.25861e+62	3.68371e+60	-9.92337e+61	
353	-1.25966e+62	3.72827e+60	-9.90984e+61	
354	-1.25918e+62	3.75987e+60	-9.91578e+61	
355	-1.25849e+62	3.66003e+60	-9.92492e+61	
356	-1.25775e+62	3.63077e+60	-9.9345e+61	
357	-1.25736e+62	3.59532e+60	-9.93948e+61	
358	-1.25969e+62	3.66008e+60	-9.90975e+61	
359	-1.25828e+62	3.70934e+60	-9.92744e+61	
360	-1.26041e+62	3.6627e+60	-9.90056e+61	
361	-1.25996e+62	3.6156e+60	-9.90648e+61	
362	-1.25867e+62	3.599e+60	-9.92287e+61	
363	-1.25756e+62	3.7123e+60	-9.93661e+61	
364	-1.25944e+62	3.72513e+60	-9.91271e+61	
365	-1.25899e+62	3.58359e+60	-9.9189e+61	
366	-1.25584e+62	3.66555e+60	-9.95841e+61	
367	-1.25857e+62	3.62507e+60	-9.92404e+61	
368	-1.2571e+62	3.67136e+60	-9.94248e+61	
369	-1.25961e+62	3.6192e+60	-9.91084e+61	
370	-1.25783e+62	3.70593e+60	-9.93321e+61	
371	-1.25791e+62	3.60342e+60	-9.93251e+61	
372	-1.25833e+62	3.67284e+60	-9.92693e+61	
373	-1.25721e+62	3.6528e+60	-9.94115e+61	
374	-1.2579e+62	3.70826e+60	-9.93227e+61	
375	-1.26082e+62	3.60954e+60	-9.89557e+61	
376	-1.25788e+62	3.74121e+60	-9.93236e+61	
377	-1.26068e+62	3.69821e+60	-9.89695e+61	
378	-1.25982e+62	3.71604e+60	-9.90788e+61	
379	-1.25888e+62	3.58764e+60	-9.92032e+61	
380	-1.261e+62	3.65662e+60	-9.89312e+61	
381	-1.25777e+62	3.61068e+60	-9.93429e+61	
382	-1.25801e+62	3.6369e+60	-9.93118e+61	
383	-1.25669e+62	3.70801e+60	-9.94757e+61	
384	-1.25729e+62	3.76046e+60	-9.93983e+61	
385	-1.25653e+62	3.69341e+60	-9.94967e+61	
386	-1.26022e+62	3.60208e+60	-9.90315e+61	
387	-1.25907e+62	3.72903e+60	-9.91737e+61	
388	-1.25873e+62	3.57084e+60	-9.9223e+61	
389	-1.25656e+62	3.57403e+60	-9.94971e+61	
390	-1.25887e+62	3.71609e+60	-9.9199e+61	
391	-1.25678e+62	3.70157e+60	-9.94644e+61	
392	-1.25562e+62	3.61666e+60	-9.96139e+61	
393	-1.26004e+62	3.74184e+60	-9.90492e+61	
394	-1.25968e+62	3.68333e+60	-9.90979e+61	
395	-1.25735e+62	3.65148e+60	-9.9394e+61	
396	-1.25783e+62	3.67625e+60	-9.93325e+61	
397	-1.25981e+62	3.58414e+60	-9.90844e+61	
398	-1.25774e+62	3.66566e+60	-9.93445e+61	
399	-1.25878e+62	3.66497e+60	-9.92129e+61	
400	-1.25727e+62	3.58118e+60	-9.94075e+61	
401	-1.26035e+62	3.66942e+60	-9.90127e+61	
402	-1.26027e+62	3.61401e+60	-9.90257e+61	
403	-1.25694e+62	3.71463e+60	-9.94442e+61	
404	-1.25759e+62	3.65451e+60	-9.93639e+61	
405	-1.25744e+62	3.73119e+60	-9.93798e+61	
406	-1.25889e+62	3.76955e+60	-9.91948e+61	
407	-1.25968e+62	3.55035e+60	-9.91024e+61	
408	-1.25588e+62	3.67365e+60	-9.95794e+61	
409	-1.25808e+62	3.65583e+60	-9.93023e+61	
410	-1.26001e+62	3.65581e+60	-9.9057e+61	
411	-1.25777e+62	3.54713e+60	-9.93448e+61	
412	-1.25737e+62	3.61661e+60	-9.93925e+61	
413	-1.25992e+62	3.56628e+60	-9.90717e+61	
414	-1.25916e+62	3.73247e+60	-9.91618e+61	
415	-1.25994e+62	3.62978e+60	-9.90662e+61	
416	-1.25845e+62	3.63424e+60	-9.92557e+61	
417	-1.26022e+62	3.64894e+60	-9.90303e+61	
418	-1.25634e+62	3.79154e+60	-9.95163e+61	
419	-1.25978e+62	3.63563e+60	-9.90863e+61	
420	-1.26179e+62	3.63749e+60	-9.88304e+61	
421	-1.25909e+62	3.78605e+60	-9.91694e+61	
422	-1.25805e+62	3.67968e+60	-9.93052e+61	
423	-1.25963e+62	3.74247e+60	-9.91018e+61	
424	-1.25759e+62	3.76197e+60	-9.93604e+61	
425	-1.25796e+62	3.71416e+60	-9.93143e+61	
426	-1.25853e+62	3.6871e+60	-9.92437e+61	
427	-1.26056e+62	3.67241e+60	-9.89865e+61	
428	-1.25924e+62	3.74884e+60	-9.91516e+61	
429	-1.25955e+62	3.60689e+60	-9.91169e+61	
430	-1.25817e+62	3.63576e+60	-9.92905e+61	
431	-1.25653e+62	3.72119e+60	-9.94948e+61	
432	-1.25846e+62	3.70948e+60	-9.92518e+61	
433	-1.25948e+62	3.64707e+60	-9.91243e+61	
434	-1.25957e+62	3.55132e+60	-9.91159e+61	
435	-1.25703e+62	3.75942e+60	-9.9431e+61	
436	-1.25643e+62	3.67463e+60	-9.95098e+61	
437	-1.25845e+62	3.71736e+60	-9.9252e+61	
438	-1.25971e+62	3.60021e+60	-9.90972e+61	
439	-1.25854e+62	3.62827e+60	-9.9244e+61	
440	-1.25996e+62	3.72643e+60	-9.90604e+61	
441	-1.25826e+62	3.61205e+60	-9.92809e+61	
442	-1.25942e+62	3.69672e+60	-9.91307e+61	
443	-1.25969e+62	3.66192e+60	-9.90967e+61	
444	-1.25816e+62	3.61036e+60	-9.92928e+61	
445	-1.26055e+62	3.63212e+60	-9.89889e+61	
446	-1.25747e+62	3.59819e+60	-9.93814e+61	
447	-1.25841e+62	3.48957e+60	-9.92657e+61	
448	-1.25805e+62	3.61855e+60	-9.93065e+61	
449	-1.2572e+62	3.65229e+60	-9.94129e+61	
450	-1.25959e+62	3.67769e+60	-9.91091e+61	
451	-1.25834e+62	3.59896e+60	-9.92713e+61	
452	-1.2586e+62	3.58624e+60	-9.92387e+61	
453	-1.26043e+62	3.66917e+60	-9.90029e+61	
454	-1.25683e+62	3.58434e+60	-9.94631e+61	
455	-1.25463e+62	3.61397e+60	-9.97394e+61	
456	-1.25779e+62	3.61851e+60	-9.93404e+61	
457	-1.25893e+62	3.55352e+60	-9.91977e+61	
458	-1.25817e+62	3.61106e+60	-9.92915e+61	
459	-1.25583e+62	3.61521e+60	-9.95871e+61	
460	-1.25807e+62	3.59693e+60	-9.9305e+61	
461	-1.26033e+62	3.72395e+60	-9.90132e+61	
462	-1.26098e+62	3.66613e+60	-9.89325e+61	
463	-1.25988e+62	3.79976e+60	-9.9068e+61	
464	-1.25936e+62	3.71621e+60	-9.9137e+61	
465	-1.25647e+62	3.79807e+60	-9.95006e+61	
466	-1.25794e+62	3.67025e+60	-9.93196e+61	
467	-1.25621e+62	3.64864e+60	-9.9538e+61	
468	-1.25903e+62	3.67957e+60	-9.91805e+61	
469	-1.25762e+62	3.61186e+60	-9.93613e+61	
470	-1.25968e+62	3.79769e+60	-9.90937e+61	
471	-1.25711e+62	3.71283e+60	-9.9423e+61	
472	-1.26089e+62	3.64138e+60	-9.89451e+61	
473	-1.25885e+62	3.59635e+60	-9.92063e+61	
474	-1.25763e+62	3.69891e+60	-9.93568e+61	
475	-1.25848e+62	3.68768e+60	-9.92501e+61	
476	-1.25736e+62	3.63056e+60	-9.93937e+61	
477	-1.25655e+62	3.68167e+60	-9.94949e+61	
478	-1.25852e+62	3.59608e+60	-9.92484e+61	
479	-1.25972e+62	3.68526e+60	-9.90919e+61	
480	-1.25843e+62	3.66022e+60	-9.92578e+61	
481	-1.25471e+62	3.68576e+60	-9.97256e+61	
482	-1.25818e+62	3.5845e+60	-9.92911e+61	
483	-1.25613e+62	3.69053e+60	-9.95474e+61	
484	-1.2593e+62	3.64594e+60	-9.91478e+61	
485	-1.25994e+62	3.60497e+60	-9.90681e+61	
486	-1.25933e+62	3.70008e+60	-9.91419e+61	
487	-1.25822e+62	3.64849e+60	-9.92844e+61	
488	-1.25563e+62	3.75203e+60	-9.96072e+61	
489	-1.26017e+62	3.70228e+60	-9.9035e+61	
490	-1.25954e+62	3.74935e+60	-9.91136e+61	
491	-1.25882e+62	3.67651e+60	-9.92066e+61	
492	-1.25755e+62	3.69501e+60	-9.9367e+61	
493	-1.25618e+62	3.63847e+60	-9.9542e+61	
494	-1.25863e+62	3.62623e+60	-9.92329e+61	
495	-1.25691e+62	3.61484e+60	-9.94518e+61	
496	-1.26056e+62	3.60796e+60	-9.89888e+61	
497	-1.25793e+62	3.7466e+60	-9.9317e+61	
498	-1.25874e+62	3.65863e+60	-9.92181e+61	
499	-1.25764e+62	3.61856e+60	-9.93585e+61	
500	-1.25763e+62	3.68619e+60	-9.93578e+61	
501	-1.26093e+62	3.53082e+60	-9.89443e+61	
502	-1.25874e+62	3.64765e+60	-9.92182e+61	
503	-1.25611e+62	3.62384e+60	-9.9552e+61	
504	-1.26066e+62	3.72448e+60	-9.89708e+61	
505	-1.2598e+62	3.61059e+60	-9.9085e+61	
506	-1.25992e+62	3.62001e+60	-9.90693e+61	
507	-1.25834e+62	3.56762e+60	-9.92723e+61	
508	-1.25962e+62	3.65694e+60	-9.91067e+61	
509	-1.25726e+62	3.55335e+60	-9.94098e+61	
510	-1.25655e+62	3.60609e+60	-9.94974e+61	
511	-1.25802e+62	3.64943e+60	-9.9309e+61	
512	-1.25615e+62	3.70429e+60	-9.95442e+61	
513	-1.25839e+62	3.59477e+60	-9.92642e+61	
514	-1.25834e+62	3.6535e+60	-9.92693e+61	
515	-1.25702e+62	3.5991e+60	-9.94378e+61	
516	-1.25658e+62	3.70252e+60	-9.94899e+61	
517	-1.25949e+62	3.64977e+60	-9.91234e+61	
518	-1.26076e+62	3.65562e+60	-9.89618e+61	
519	-1.25919e+62	3.62449e+60	-9.9162e+61	
520	-1.25792e+62	3.6579e+60	-9.93221e+61	
521	-1.25831e+62	3.7353e+60	-9.92701e+61	
522	-1.25541e+62	3.73936e+60	-9.9636e+61	
523	-1.25828e+62	3.65674e+60	-9.92761e+61	
524	-1.25868e+62	3.62761e+60	-9.92264e+61	
525	-1.25879e+62	3.62443e+60	-9.92129e+61	
526	-1.25777e+62	3.61052e+60	-9.93429e+61	
527	-1.25971e+62	3.64847e+60	-9.90946e+61	
528	-1.25882e+62	3.63656e+60	-9.92082e+61	
529	-1.25919e+62	3.63962e+60	-9.91616e+61	
530	-1.2597e+62	3.61038e+60	-9.90972e+61	
531	-1.25752e+62	3.56945e+60	-9.93758e+61	
532	-1.25736e+62	3.73522e+60	-9.93902e+61	
533	-1.26051e+62	3.63896e+60	-9.89937e+61	
534	-1.25935e+62	3.64424e+60	-9.91406e+61	
535	-1.25905e+62	3.61991e+60	-9.91803e+61	
536	-1.25978e+62	3.71788e+60	-9.90834e+61	
537	-1.25818e+62	3.64313e+60	-9.92901e+61	
538	-1.26071e+62	3.59337e+60	-9.897e+61	
539	-1.26021e+62	3.68665e+60	-9.90296e+61	
540	-1.2582e+62	3.57843e+60	-9.92889e+61	
541	-1.25912e+62	3.7654e+60	-9.91655e+61	
542	-1.25593e+62	3.69631e+60	-9.95718e+61	
543	-1.26029e+62	3.57171e+60	-9.90247e+61	
544	-1.25692e+62	3.70958e+60	-9.94466e+61	
545	-1.25884e+62	3.57393e+60	-9.92084e+61	
546	-1.25898e+62	3.63794e+60	-9.91887e+61	
547	-1.25752e+62	3.63499e+60	-9.93737e+61	
548	-1.25894e+62	3.56636e+60	-9.91958e+61	
549	-1.25979e+62	3.59014e+60	-9.90872e+61	
550	-1.25796e+62	3.64507e+60	-9.93171e+61	
551	-1.25854e+62	3.70576e+60	-9.92422e+61	
552	-1.25837e+62	3.64868e+60	-9.92651e+61	
553	-1.2576e+62	3.66194e+60	-9.93624e+61	
554	-1.25801e+62	3.63598e+60	-9.93119e+61	
555	-1.26145e+62	3.56018e+60	-9.88769e+61	
556	-1.25852e+62	3.62978e+60	-9.92469e+61	
557	-1.25946e+62	3.72808e+60	-9.91242e+61	
558	-1.26074e+62	3.68727e+60	-9.89626e+61	
559	-1.25846e+62	3.61253e+60	-9.92549e+61	
560	-1.26064e+62	3.60311e+60	-9.89783e+61	
561	-1.25855e+62	3.67578e+60	-9.92409e+61	
562	-1.25932e+62	3.67706e+60	-9.91443e+61	
563	-1.26068e+62	3.54224e+60	-9.89761e+61	
564	-1.25826e+62	3.65233e+60	-9.92793e+61	
565	-1.25986e+62	3.63629e+60	-9.90769e+61	
566	-1.25933e+62	3.60387e+60	-9.91446e+61	
567	-1.25802e+62	3.69649e+60	-9.93082e+61	
568	-1.25867e+62	3.65818e+60	-9.92265e+61	
569	-1.26086e+62	3.63466e+60	-9.89493e+61	
570	-1.25837e+62	3.64366e+60	-9.92654e+61	
571	-1.25748e+62	3.63568e+60	-9.93779e+61	
572	-1.25983e+62	3.64101e+60	-9.90806e+61	
573	-1.26078e+62	3.6621e+60	-9.89581e+61	
574	-1.26001e+62	3.61605e+60	-9.90586e+61	
575	-1.26135e+62	3.64173e+60	-9.88864e+61	
576	-1.2565e+62	3.65603e+60	-9.95021e+61	
577	-1.25777e+62	3.62188e+60	-9.93421e+61	
578	-1.25759e+62	3.61948e+60	-9.93649e+61	
579	-1.25505e+62	3.73869e+60	-9.96813e+61	
580	-1.25812e+62	3.6977e+60	-9.92952e+61	
581	-1.25844e+62	3.59792e+60	-9.92586e+61	
582	-1.2611e+62	3.58874e+60	-9.89199e+61	
583	-1.25767e+62	3.57368e+60	-9.93568e+61	
584	-1.25828e+62	3.66713e+60	-9.92763e+61	
585	-1.25732e+62	3.63262e+60	-9.93994e+61	
586	-1.25756e+62	3.65604e+60	-9.93678e+61	
587	-1.25905e+62	3.58153e+60	-9.91812e+61	
588	-1.25678e+62	3.64101e+60	-9.94671e+61	
589	-1.25703e+62	3.5573e+60	-9.94383e+61	
590	-1.25903e+62	3.6745e+60	-9.91811e+61	
591	-1.25973e+62	3.63682e+60	-9.90926e+61	
592	-1.26017e+62	3.59925e+60	-9.9038e+61	
593	-1.25861e+62	3.61145e+60	-9.92365e+61	
594	-1.25801e+62	3.73834e+60	-9.93072e+61	
595	-1.25838e+62	3.53043e+60	-9.92679e+61	
596	-1.25683e+62	3.63446e+60	-9.94612e+61	
597	-1.25761e+62	3.64939e+60	-9.93609e+61	
598	-1.26064e+62	3.60505e+60	-9.89783e+61	
599	-1.25917e+62	3.63825e+60	-9.91641e+61	
600	-1.25898e+62	3.62258e+60	-9.91887e+61	
601	-1.25939e+62	3.51216e+60	-9.91405e+61	
602	-1.25965e+62	3.58804e+60	-9.91053e+61	
603	-1.25852e+62	3.54849e+60	-9.92493e+61	
604	-1.25798e+62	3.66791e+60	-9.93138e+61	
605	-1.25865e+62	3.76438e+60	-9.92259e+61	
606	-1.25909e+62	3.57626e+60	-9.91768e+61	
607	-1.2586e+62	3.61833e+60	-9.92374e+61	
608	-1.25693e+62	3.66697e+60	-9.94465e+61	
609	-1.25763e+62	3.76013e+60	-9.93547e+61	
610	-1.25847e+62	3.72064e+60	-9.92495e+61	
611	-1.25992e+62	3.72915e+60	-9.90653e+61	
612	-1.25805e+62	3.69439e+60	-9.93046e+61	
613	-1.2571e+62	3.72243e+60	-9.94234e+61	
614	-1.25902e+62	3.55955e+60	-9.91862e+61	
615	-1.26053e+62	3.6654e+60	-9.89904e+61	
616	-1.25805e+62	3.66413e+60	-9.93048e+61	
617	-1.25819e+62	3.82702e+60	-9.92816e+61	
618	-1.25707e+62	3.73274e+60	-9.94268e+61	
619	-1.25941e+62	3.66943e+60	-9.91322e+61	
620	-1.25938e+62	3.72728e+60	-9.91347e+61	
621	-1.2603e+62	3.74133e+60	-9.90168e+61	
622	-1.25956e+62	3.52738e+60	-9.91184e+61	
623	-1.25911e+62	3.60023e+60	-9.91733e+61	
624	-1.26037e+62	3.61777e+60	-9.90121e+61	
625	-1.26043e+62	3.65637e+60	-9.90037e+61	
626	-1.25807e+62	3.59779e+60	-9.93052e+61	
627	-1.25932e+62	3.62651e+60	-9.91449e+61	
628	-1.25669e+62	3.60706e+60	-9.94798e+61	
629	-1.26024e+62	3.56078e+60	-9.90312e+61	
630	-1.26101e+62	3.601e+60	-9.89318e+61	
631	-1.25933e+62	3.62659e+60	-9.9144e+61	
632	-1.25483e+62	3.67933e+60	-9.97113e+61	
633	-1.26106e+62	3.62268e+60	-9.89241e+61	
634	-1.25704e+62	3.69704e+60	-9.94324e+61	
635	-1.26081e+62	3.57605e+60	-9.89577e+61	
636	-1.26112e+62	3.56945e+60	-9.8918e+61	
637	-1.25833e+62	3.68531e+60	-9.92687e+61	
638	-1.25825e+62	3.76122e+60	-9.92769e+61	
639	-1.25787e+62	3.73274e+60	-9.93252e+61	
640	-1.25889e+62	3.5774e+60	-9.92025e+61	
641	-1.25518e+62	3.73375e+60	-9.96653e+61	
642	-1.26019e+62	3.577e+60	-9.90366e+61	
643	-1.25872e+62	3.64208e+60	-9.92209e+61	
644	-1.26081e+62	3.66997e+60	-9.89544e+61	
645	-1.25972e+62	3.68589e+60	-9.90928e+61	
646	-1.25967e+62	3.69747e+60	-9.9098e+61	
647	-1.25977e+62	3.64188e+60	-9.9088e+61	
648	-1.25921e+62	3.61168e+60	-9.91605e+61	
649	-1.26064e+62	3.61806e+60	-9.8978e+61	
650	-1.25899e+62	3.722e+60	-9.91841e+61	
651	-1.25929e+62	3.72114e+60	-9.91459e+61	
652	-1.25932e+62	3.66033e+60	-9.91442e+61	
653	-1.26089e+62	3.66184e+60	-9.89449e+61	
654	-1.25794e+62	3.66588e+60	-9.93195e+61	
655	-1.26067e+62	3.7116e+60	-9.89706e+61	
656	-1.25888e+62	3.70217e+60	-9.9199e+61	
657	-1.25886e+62	3.57295e+60	-9.92057e+61	
658	-1.25556e+62	3.71501e+60	-9.96176e+61	
659	-1.25711e+62	3.70155e+60	-9.94231e+61	
660	-1.25785e+62	3.72573e+60	-9.93284e+61	
661	-1.25805e+62	3.60137e+60	-9.93081e+61	
662	-1.26006e+62	3.69239e+60	-9.90494e+61	
663	-1.25983e+62	3.65755e+60	-9.90794e+61	
664	-1.25936e+62	3.71317e+60	-9.91374e+61	
665	-1.25794e+62	3.66847e+60	-9.93189e+61	
666	-1.26033e+62	3.67024e+60	-9.90152e+61	
667	-1.25892e+62	3.66227e+60	-9.91953e+61	
668	-1.25876e+62	3.6877e+60	-9.92146e+61	
669	-1.26054e+62	3.58105e+60	-9.89922e+61	
670	-1.26022e+62	3.73311e+60	-9.90277e+61	
671	-1.25719e+62	3.63095e+60	-9.94155e+61	
672	-1.25642e+62	3.63598e+60	-9.95121e+61	
673	-1.25917e+62	3.54552e+60	-9.91672e+61	
674	-1.25727e+62	3.70755e+60	-9.94027e+61	
675	-1.25844e+62	3.60903e+60	-9.92578e+61	
676	-1.25663e+62	3.73343e+60	-9.94822e+61	
677	-1.2597e+62	3.75493e+60	-9.90929e+61	
678	-1.26146e+62	3.7077e+60	-9.88697e+61	
679	-1.26081e+62	3.65483e+60	-9.89544e+61	
680	-1.26008e+62	3.65428e+60	-9.90481e+61	
681	-1.25817e+62	3.63297e+60	-9.92916e+61	
682	-1.25935e+62	3.68081e+60	-9.91403e+61	
683	-1.25953e+62	3.61367e+60	-9.91198e+61	
684	-1.26077e+62	3.66715e+60	-9.89597e+61	
685	-1.25846e+62	3.64349e+60	-9.92546e+61	
686	-1.25894e+62	3.60911e+60	-9.9195e+61	
687	-1.25919e+62	3.64063e+60	-9.91611e+61	
688	-1.25722e+62	3.66097e+60	-9.94102e+61	
689	-1.25824e+62	3.66807e+60	-9.92805e+61	
690	-1.25766e+62	3.61957e+60	-9.93559e+61	
691	-1.25749e+62	3.66515e+60	-9.93759e+61	
692	-1.25829e+62	3.58618e+60	-9.92782e+61	
693	-1.2582e+62	3.61989e+60	-9.92882e+61	
694	-1.25645e+62	3.60604e+60	-9.95102e+61	
695	-1.25981e+62	3.71151e+60	-9.90806e+61	
696	-1.25776e+62	3.66693e+60	-9.93415e+61	
697	-1.2585e+62	3.63613e+60	-9.92487e+61	
698	-1.25932e+62	3.66693e+60	-9.9144e+61	
699	-1.25874e+62	3.59502e+60	-9.92207e+61	
700	-1.25843e+62	3.65315e+60	-9.92579e+61	
701	-1.26101e+62	3.62484e+60	-9.89308e+61	
702	-1.26023e+62	3.72306e+60	-9.90259e+61	
703	-1.25872e+62	3.67972e+60	-9.92197e+61	
704	-1.25855e+62	3.68517e+60	-9.92415e+61	
705	-1.25967e+62	3.64993e+60	-9.91002e+61	
706	-1.25878e+62	3.66339e+60	-9.92125e+61	
707	-1.25874e+62	3.77413e+60	-9.92136e+61	
708	-1.25795e+62	3.66206e+60	-9.9318e+61	
709	-1.2604e+62	3.56835e+60	-9.90104e+61	
710	-1.25793e+62	3.69847e+60	-9.93191e+61	
711	-1.26006e+62	3.59796e+60	-9.90529e+61	
712	-1.25881e+62	3.62895e+60	-9.92097e+61	
713	-1.25804e+62	3.66905e+60	-9.93058e+61	
714	-1.26168e+62	3.61624e+60	-9.88455e+61	
715	-1.25963e+62	3.67736e+60	-9.91038e+61	
716	-1.26009e+62	3.65505e+60	-9.90468e+61	
717	-1.25681e+62	3.67122e+60	-9.94613e+61	
718	-1.26032e+62	3.5871e+60	-9.902e+61	
719	-1.26115e+62	3.65063e+60	-9.89119e+61	
720	-1.2586e+62	3.63135e+60	-9.92368e+61	
721	-1.25787e+62	3.63775e+60	-9.93285e+61	
722	-1.25616e+62	3.5435e+60	-9.95489e+61	
723	-1.25703e+62	3.61106e+60	-9.94368e+61	
724	-1.25842e+62	3.6401e+60	-9.92592e+61	
725	-1.26079e+62	3.5451e+60	-9.89615e+61	
726	-1.25693e+62	3.70309e+60	-9.9445e+61	
727	-1.26136e+62	3.64851e+60	-9.88851e+61	
728	-1.26258e+62	3.68709e+60	-9.87284e+61	
729	-1.25946e+62	3.76577e+60	-9.91227e+61	
730	-1.25889e+62	3.53942e+60	-9.92032e+61	
731	-1.25957e+62	3.57883e+60	-9.91156e+61	
732	-1.2583e+62	3.50596e+60	-9.92798e+61	
733	-1.25921e+62	3.57689e+60	-9.91613e+61	
734	-1.25823e+62	3.71114e+60	-9.92813e+61	
735	-1.25993e+62	3.65538e+60	-9.90668e+61	
736	-1.25966e+62	3.66724e+60	-9.91012e+61	
737	-1.25892e+62	3.60033e+60	-9.91968e+61	
738	-1.25815e+62	3.59706e+60	-9.92947e+61	
739	-1.25792e+62	3.73333e+60	-9.93197e+61	
740	-1.2583e+62	3.61932e+60	-9.92747e+61	
741	-1.25748e+62	3.61901e+60	-9.93784e+61	
742	-1.25684e+62	3.55216e+60	-9.94619e+61	
743	-1.25867e+62	3.66035e+60	-9.92265e+61	
744	-1.25822e+62	3.49607e+60	-9.929e+61	
745	-1.25879e+62	3.6432e+60	-9.92119e+61	
746	-1.25824e+62	3.65759e+60	-9.92809e+61	
747	-1.25846e+62	3.58759e+60	-9.92561e+61	
748	-1.25952e+62	3.56976e+60	-9.91221e+61	
749	-1.259e+62	3.57393e+60	-9.91886e+61	
750	-1.25935e+62	3.63641e+60	-9.91416e+61	
751	-1.26027e+62	3.67193e+60	-9.90226e+61	
752	-1.25998e+62	3.68483e+60	-9.90589e+61	
753	-1.25923e+62	3.71297e+60	-9.91537e+61	
754	-1.25824e+62	3.63373e+60	-9.92817e+61	
755	-1.2597e+62	3.65719e+60	-9.90957e+61	
756	-1.25683e+62	3.57981e+60	-9.94633e+61	
757	-1.25941e+62	3.51303e+60	-9.91387e+61	
758	-1.26289e+62	3.69096e+60	-9.8688e+61	
759	-1.25848e+62	3.59265e+60	-9.92528e+61	
760	-1.25962e+62	3.61247e+60	-9.91082e+61	
761	-1.26109e+62	3.56274e+60	-9.89226e+61	
762	-1.26077e+62	3.65218e+60	-9.89595e+61	
763	-1.25837e+62	3.65627e+60	-9.92652e+61	
764	-1.25937e+62	3.68332e+60	-9.91366e+61	
765	-1.25519e+62	3.65632e+60	-9.96668e+61	
766	-1.2581e+62	3.62643e+60	-9.93009e+61	
767	-1.26118e+62	3.68723e+60	-9.89064e+61	
768	-1.26159e+62	3.6087e+60	-9.88577e+61	
769	-1.25997e+62	3.75537e+60	-9.90575e+61	
770	-1.25832e+62	3.63143e+60	-9.92726e+61	
771	-1.2599e+62	3.67377e+60	-9.907e+61	
772	-1.2612e+62	3.74174e+60	-9.89019e+61	
773	-1.25996e+62	3.60439e+60	-9.90646e+61	
774	-1.2583e+62	3.66248e+60	-9.92742e+61	
775	-1.25979e+62	3.72315e+60	-9.90819e+61	
776	-1.25818e+62	3.47286e+60	-9.92962e+61	
777	-1.25871e+62	3.55898e+60	-9.92259e+61	
778	-1.25959e+62	3.64974e+60	-9.91098e+61	
779	-1.2592e+62	3.59546e+60	-9.91623e+61	
780	-1.25547e+62	3.5928e+60	-9.96336e+61	
781	-1.26245e+62	3.60984e+60	-9.87468e+61	
782	-1.25733e+62	3.61536e+60	-9.93984e+61	
783	-1.25639e+62	3.60173e+60	-9.95176e+61	
784	-1.25921e+62	3.73319e+60	-9.91561e+61	
785	-1.26041e+62	3.75542e+60	-9.90026e+61	
786	-1.25651e+62	3.67586e+60	-9.9499e+61	
787	-1.25756e+62	3.6474e+60	-9.93682e+61	
788	-1.25758e+62	3.65752e+60	-9.9365e+61	
789	-1.25791e+62	3.64495e+60	-9.93237e+61	
790	-1.26013e+62	3.64604e+60	-9.90419e+61	
791	-1.26099e+62	3.67414e+60	-9.8931e+61	
792	-1.25928e+62	3.72336e+60	-9.91473e+61	
793	-1.25849e+62	3.54297e+60	-9.92533e+61	
794	-1.25781e+62	3.79184e+60	-9.9331e+61	
795	-1.25962e+62	3.68781e+60	-9.91052e+61	
796	-1.26228e+62	3.57472e+60	-9.87705e+61	
797	-1.25833e+62	3.69182e+60	-9.92688e+61	
798	-1.25702e+62	3.69344e+60	-9.94341e+61	
799	-1.26084e+62	3.69976e+60	-9.8949e+61	
800	-1.25899e+62	3.58678e+60	-9.91886e+61	
801	-1.25874e+62	3.6701e+60	-9.92176e+61	
802	-1.25872e+62	3.7012e+60	-9.92184e+61	
803	-1.2613e+62	3.59965e+60	-9.8895e+61	
804	-1.25932e+62	3.65574e+60	-9.91443e+61	
805	-1.25847e+62	3.65232e+60	-9.92524e+61	
806	-1.25746e+62	3.58629e+60	-9.93832e+61	
807	-1.26086e+62	3.62904e+60	-9.89499e+61	
808	-1.25946e+62	3.6615e+60	-9.91259e+61	
809	-1.25986e+62	3.62753e+60	-9.90766e+61	
810	-1.25869e+62	3.65735e+60	-9.92245e+61	
811	-1.25989e+62	3.58996e+60	-9.90748e+61	
812	-1.25793e+62	3.65903e+60	-9.93209e+61	
813	-1.25833e+62	3.63957e+60	-9.92704e+61	
814	-1.25767e+62	3.71451e+60	-9.93515e+61	
815	-1.25977e+62	3.59105e+60	-9.90901e+61	
816	-1.26085e+62	3.65706e+60	-9.89504e+61	
817	-1.25884e+62	3.59365e+60	-9.92072e+61	
818	-1.26144e+62	3.69588e+60	-9.88733e+61	
819	-1.25783e+62	3.64754e+60	-9.93342e+61	
820	-1.25843e+62	3.75882e+60	-9.92538e+61	
821	-1.26002e+62	3.63946e+60	-9.90566e+61	
822	-1.26065e+62	3.62371e+60	-9.89763e+61	
823	-1.25954e+62	3.72405e+60	-9.91143e+61	
824	-1.25658e+62	3.63881e+60	-9.9492e+61	
825	-1.25894e+62	3.60903e+60	-9.91949e+61	
826	-1.25917e+62	3.78455e+60	-9.9159e+61	
827	-1.25962e+62	3.81855e+60	-9.91008e+61	
828	-1.26007e+62	3.66042e+60	-9.90492e+61	
829	-1.25839e+62	3.69217e+60	-9.9261e+61	
830	-1.25884e+62	3.61839e+60	-9.92074e+61	
831	-1.25695e+62	3.63065e+60	-9.94459e+61	
832	-1.25839e+62	3.71195e+60	-9.92599e+61	
833	-1.26079e+62	3.64564e+60	-9.89583e+61	
834	-1.26027e+62	3.69818e+60	-9.90222e+61	
835	-1.25587e+62	3.69447e+60	-9.95792e+61	
836	-1.25744e+62	3.65741e+60	-9.9383e+61	
837	-1.25744e+62	3.59586e+60	-9.93849e+61	
838	-1.25841e+62	3.74853e+60	-9.92559e+61	
839	-1.25934e+62	3.63279e+60	-9.91431e+61	
840	-1.26231e+62	3.64571e+60	-9.87642e+61	
841	-1.25935e+62	3.68367e+60	-9.91392e+61	
842	-1.2579e+62	3.69784e+60	-9.93233e+61	
843	-1.25997e+62	3.6266e+60	-9.9063e+61	
844	-1.25926e+62	3.5368e+60	-9.91563e+61	
845	-1.25755e+62	3.64109e+60	-9.93698e+61	
846	-1.25901e+62	3.68639e+60	-9.91822e+61	
847	-1.25801e+62	3.7358e+60	-9.93071e+61	
848	-1.25993e+62	3.69429e+60	-9.90661e+61	
849	-1.25999e+62	3.58823e+60	-9.90622e+61	
850	-1.2568e+62	3.68451e+60	-9.94623e+61	
851	-1.25726e+62	3.72133e+60	-9.94037e+61	
852	-1.26092e+62	3.59315e+60	-9.89431e+61	
853	-1.25936e+62	3.65995e+60	-9.9139e+61	
854	-1.25832e+62	3.72398e+60	-9.92691e+61	
855	-1.25795e+62	3.6236e+60	-9.93193e+61	
856	-1.25919e+62	3.55589e+60	-9.91652e+61	
857	-1.25901e+62	3.62412e+60	-9.91847e+61	
858	-1.25898e+62	3.72024e+60	-9.91847e+61	
859	-1.25996e+62	3.68937e+60	-9.90617e+61	
860	-1.25908e+62	3.66851e+60	-9.91748e+61	
861	-1.25685e+62	3.70876e+60	-9.94556e+61	
862	-1.26041e+62	3.64928e+60	-9.90058e+61	
863	-1.25851e+62	3.6366e+60	-9.92479e+61	
864	-1.25946e+62	3.64005e+60	-9.91277e+61	
865	-1.26074e+62	3.63903e+60	-9.89647e+61	
866	-1.25788e+62	3.73035e+60	-9.93244e+61	
867	-1.26061e+62	3.65778e+60	-9.89804e+61	
868	-1.26052e+62	3.65643e+60	-9.89914e+61	
869	-1.25841e+62	3.64195e+60	-9.92599e+61	
870	-1.25871e+62	3.61443e+60	-9.92232e+61	
871	-1.25917e+62	3.67462e+60	-9.91633e+61	
872	-1.25946e+62	3.67039e+60	-9.91256e+61	
873	-1.25714e+62	3.69501e+60	-9.94187e+61	
874	-1.25814e+62	3.63927e+60	-9.92942e+61	
875	-1.26018e+62	3.63315e+60	-9.90356e+61	
876	-1.25899e+62	3.66107e+60	-9.91863e+61	
877	-1.25791e+62	3.78625e+60	-9.93179e+61	
878	-1.25903e+62	3.75448e+60	-9.91779e+61	
879	-1.2578e+62	3.71809e+60	-9.93347e+61	
880	-1.25988e+62	3.65696e+60	-9.90737e+61	
881	-1.26169e+62	3.67305e+60	-9.88422e+61	
882	-1.26046e+62	3.66014e+60	-9.89994e+61	
883	-1.2593e+62	3.79589e+60	-9.91414e+61	
884	-1.25961e+62	3.71342e+60	-9.91059e+61	
885	-1.2592e+62	3.65219e+60	-9.91594e+61	
886	-1.25941e+62	3.6339e+60	-9.91342e+61	
887	-1.25819e+62	3.66598e+60	-9.9287e+61	
888	-1.25804e+62	3.67161e+60	-9.93067e+61	
889	-1.26118e+62	3.6303e+60	-9.89088e+61	
890	-1.25947e+62	3.67991e+60	-9.91242e+61	
891	-1.26268e+62	3.58396e+60	-9.87189e+61	
892	-1.25859e+62	3.61191e+60	-9.92382e+61	
893	-1.25814e+62	3.64225e+60	-9.92952e+61	
894	-1.25807e+62	3.72145e+60	-9.93009e+61	
895	-1.25753e+62	3.81153e+60	-9.93655e+61	
896	-1.26076e+62	3.72854e+60	-9.89582e+61	
897	-1.2589e+62	3.70268e+60	-9.91961e+61	
898	-1.26174e+62	3.68201e+60	-9.88347e+61	
899	-1.26117e+62	3.70027e+60	-9.89075e+61	
900	-1.25948e+62	3.5881e+60	-9.91272e+61	
901	-1.25816e+62	3.56478e+60	-9.9295e+61	
902	-1.25886e+62	3.64983e+60	-9.9203e+61	
903	-1.25899e+62	3.6244e+60	-9.9188e+61	
904	-1.26159e+62	3.75295e+60	-9.88514e+61	
905	-1.26136e+62	3.62098e+60	-9.88862e+61	
906	-1.26005e+62	3.68902e+60	-9.90501e+61	
907	-1.2578e+62	3.71508e+60	-9.93353e+61	
908	-1.25951e+62	3.55092e+60	-9.91239e+61	
909	-1.25828e+62	3.8004e+60	-9.92707e+61	
910	-1.2619e+62	3.69139e+60	-9.8814e+61	
911	-1.2564e+62	3.72407e+60	-9.95115e+61	
912	-1.25856e+62	3.71382e+60	-9.92388e+61	
913	-1.2602e+62	3.72415e+60	-9.90297e+61	
914	-1.25825e+62	3.58612e+60	-9.9283e+61	
915	-1.26069e+62	3.60116e+60	-9.89718e+61	
916	-1.25677e+62	3.63589e+60	-9.94684e+61	
917	-1.25878e+62	3.69029e+60	-9.92122e+61	
918	-1.25969e+62	3.68027e+60	-9.90967e+61	
919	-1.26071e+62	3.71607e+60	-9.89656e+61	
920	-1.2605e+62	3.51846e+60	-9.89992e+61	
921	-1.25569e+62	3.58411e+60	-9.96058e+61	
922	-1.25999e+62	3.51977e+60	-9.90638e+61	
923	-1.25649e+62	3.77976e+60	-9.94989e+61	
924	-1.2583e+62	3.62513e+60	-9.9275e+61	
925	-1.25928e+62	3.6328e+60	-9.91505e+61	
926	-1.25749e+62	3.64641e+60	-9.93773e+61	
927	-1.26235e+62	3.60017e+60	-9.87604e+61	
928	-1.25913e+62	3.59511e+60	-9.91711e+61	
929	-1.26004e+62	3.64141e+60	-9.90529e+61	
930	-1.26087e+62	3.48103e+60	-9.89539e+61	
931	-1.26018e+62	3.55871e+60	-9.90389e+61	
932	-1.26112e+62	3.59867e+60	-9.89179e+61	
933	-1.25816e+62	3.64201e+60	-9.92924e+61	
934	-1.25859e+62	3.70558e+60	-9.92347e+61	
935	-1.25635e+62	3.70946e+60	-9.9519e+61	
936	-1.25915e+62	3.65417e+60	-9.91655e+61	
937	-1.25955e+62	3.6378e+60	-9.91156e+61	
938	-1.25724e+62	3.71928e+60	-9.94062e+61	
939	-1.25961e+62	3.59354e+60	-9.91103e+61	
940	-1.25969e+62	3.65794e+60	-9.90978e+61	
941	-1.26e+62	3.708e+60	-9.90566e+61	
942	-1.26045e+62	3.70441e+60	-9.8999e+61	
943	-1.25837e+62	3.70387e+60	-9.92631e+61	
944	-1.26082e+62	3.66586e+60	-9.89531e+61	
945	-1.25876e+62	3.68545e+60	-9.92151e+61	
946	-1.26016e+62	3.70282e+60	-9.9036e+61	
947	-1.2588e+62	3.69292e+60	-9.92087e+61	
948	-1.25882e+62	3.69549e+60	-9.92062e+61	
949	-1.25874e+62	3.64462e+60	-9.92191e+61	
950	-1.25947e+62	3.64021e+60	-9.91264e+61	
951	-1.26078e+62	3.58898e+60	-9.89614e+61	
952	-1.25977e+62	3.51067e+60	-9.9093e+61	
953	-1.25795e+62	3.73529e+60	-9.93149e+61	
954	-1.25983e+62	3.67717e+60	-9.90791e+61	
955	-1.2587e+62	3.62045e+60	-9.92241e+61	
956	-1.25847e+62	3.73243e+60	-9.92495e+61	
957	-1.25974e+62	3.68306e+60	-9.90899e+61	
958	-1.25841e+62	3.65375e+60	-9.92598e+61	
959	-1.25975e+62	3.68262e+60	-9.90892e+61	
960	-1.25778e+62	3.70057e+60	-9.9338e+61	
961	-1.26087e+62	3.7463e+60	-9.89436e+61	
962	-1.25768e+62	3.62903e+60	-9.9353e+61	
963	-1.25926e+62	3.61499e+60	-9.91536e+61	
964	-1.25888e+62	3.6157e+60	-9.92021e+61	
965	-1.26164e+62	3.58723e+60	-9.8852e+61	
966	-1.25948e+62	3.63849e+60	-9.91247e+61	
967	-1.25908e+62	3.60603e+60	-9.91764e+61	
968	-1.26161e+62	3.61871e+60	-9.88541e+61	
969	-1.26179e+62	3.63067e+60	-9.88305e+61	
970	-1.25873e+62	3.66188e+60	-9.92191e+61	
971	-1.25797e+62	3.71387e+60	-9.93136e+61	
972	-1.26155e+62	3.56434e+60	-9.88639e+61	
973	-1.25846e+62	3.71168e+60	-9.92516e+61	
974	-1.25837e+62	3.58874e+60	-9.92675e+61	
975	-1.25895e+62	3.74437e+60	-9.91878e+61	
976	-1.25974e+62	3.56182e+60	-9.9095e+61	
977	-1.25785e+62	3.71485e+60	-9.93286e+61	
978	-1.25812e+62	3.82989e+60	-9.92896e+61	
979	-1.2595e+62	3.65513e+60	-9.91211e+61	
980	-1.25596e+62	3.66934e+60	-9.95697e+61	
981	-1.26077e+62	3.69988e+60	-9.8958e+61	
982	-1.26042e+62	3.6507e+60	-9.90046e+61	
983	-1.26005e+62	3.67272e+60	-9.9051e+61	
984	-1.26015e+62	3.67481e+60	-9.90378e+61	
985	-1.25888e+62	3.61379e+60	-9.92016e+61	
986	-1.25638e+62	3.66052e+60	-9.9516e+61	
987	-1.25964e+62	3.63099e+60	-9.91053e+61	
988	-1.25985e+62	3.61842e+60	-9.90785e+61	
989	-1.26161e+62	3.70666e+60	-9.88516e+61	
990	-1.26014e+62	3.69094e+60	-9.90388e+61	
991	-1.25787e+62	3.63716e+60	-9.93287e+61	
992	-1.25952e+62	3.61988e+60	-9.91206e+61	
993	-1.25975e+62	3.59603e+60	-9.90923e+61	
994	-1.25981e+62	3.69749e+60	-9.90808e+61	
995	-1.26036e+62	3.63991e+60	-9.90131e+61	
996	-1.25917e+62	3.53159e+60	-9.91677e+61	
997	-1.26119e+62	3.71262e+60	-9.89038e+61	
998	-1.26046e+62	3.53641e+60	-9.90043e+61	
999	-1.25933e+62	3.62025e+60	-9.91439e+61	
1000	-1.26127e+62	3.63962e+60	-9.8897e+61	
