1	53.5982	298.664	954.534	
2	53.5987	298.665	954.519	
3	53.5572	298.692	954.961	
4	53.5835	298.681	954.772	
5	53.5973	298.68	954.773	
6	53.5937	298.666	954.564	
7	53.5997	298.669	954.654	
8	53.5995	298.669	954.619	
9	53.6029	298.665	954.569	
10	53.6075	298.679	954.802	
11	53.6061	298.665	954.587	
12	53.5888	298.676	954.703	
13	53.6112	298.662	954.563	
14	53.6012	298.663	954.547	
15	53.5723	298.668	954.561	
16	53.6199	298.662	954.541	
17	53.3962	298.691	954.601	
18	53.6317	298.658	954.468	
19	53.5902	298.663	954.514	
20	53.3845	298.681	954.37	
21	53.587	298.67	954.598	
22	53.3596	298.676	954.255	
23	53.6043	298.674	954.714	
24	53.5899	298.674	954.745	
25	53.5861	298.662	954.546	
26	53.3349	298.691	954.419	
27	53.6425	298.647	954.371	
28	53.618	298.658	954.516	
29	53.594	298.669	954.652	
30	53.6186	298.667	954.649	
31	53.4037	298.677	954.412	
32	53.6451	298.666	954.635	
33	53.5971	298.683	954.846	
34	53.3633	298.68	954.365	
35	53.6	298.648	954.373	
36	53.6181	298.663	954.581	
37	53.6321	298.654	954.459	
38	53.5899	298.658	954.511	
39	53.3173	298.691	954.462	
40	53.5987	298.666	954.582	
41	53.3503	298.69	954.482	
42	53.3501	298.701	954.711	
43	53.3658	298.683	954.403	
44	53.6439	298.648	954.348	
45	53.6292	298.653	954.466	
46	53.5993	298.662	954.53	
47	53.5887	298.663	954.54	
48	53.578	298.679	954.806	
49	53.6142	298.671	954.681	
50	53.6178	298.681	954.885	
51	53.5974	298.67	954.633	
52	53.5956	298.663	954.514	
53	53.6445	298.661	954.592	
54	53.5972	298.67	954.668	
55	53.3417	298.694	954.575	
56	53.4061	298.68	954.405	
57	53.5901	298.661	954.508	
58	53.6823	298.66	954.632	
59	53.6085	298.662	954.545	
60	53.6418	298.672	954.755	
61	53.5881	298.657	954.463	
62	53.3536	298.694	954.564	
63	53.6321	298.652	954.425	
64	53.5912	298.663	954.557	
65	53.5838	298.664	954.549	
66	53.3844	298.711	954.897	
67	53.647	298.672	954.787	
68	53.5882	298.669	954.657	
69	53.5651	298.67	954.662	
70	53.6196	298.668	954.68	
71	53.6469	298.671	954.754	
72	53.3817	298.696	954.642	
73	53.3734	298.694	954.614	
74	53.6043	298.668	954.676	
75	53.6085	298.664	954.603	
76	53.5814	298.672	954.698	
77	53.5904	298.666	954.574	
78	53.5974	298.663	954.545	
79	53.5937	298.662	954.559	
80	53.627	298.648	954.381	
81	53.615	298.658	954.489	
82	53.3694	298.687	954.508	
83	53.5955	298.658	954.498	
84	53.6168	298.653	954.443	
85	53.5539	298.68	954.773	
86	53.4174	298.682	954.417	
87	53.6149	298.663	954.558	
88	53.373	298.702	954.766	
89	53.5869	298.658	954.475	
90	53.6073	298.649	954.385	
91	53.3604	298.688	954.526	
92	53.5712	298.654	954.408	
93	53.3527	298.697	954.619	
94	53.5799	298.66	954.491	
95	53.5857	298.665	954.551	
96	53.5879	298.665	954.604	
97	53.5718	298.665	954.57	
98	53.3873	298.683	954.445	
99	53.6055	298.659	954.523	
100	53.6328	298.655	954.512	
101	53.5697	298.67	954.681	
102	53.5765	298.663	954.519	
103	53.5893	298.662	954.556	
104	53.3535	298.688	954.478	
105	53.6172	298.661	954.587	
106	53.6015	298.664	954.621	
107	53.5589	298.678	954.758	
108	53.3433	298.687	954.437	
109	53.6022	298.668	954.637	
110	53.6088	298.668	954.657	
111	53.6018	298.665	954.572	
112	53.5693	298.668	954.661	
113	53.6209	298.65	954.398	
114	53.6196	298.656	954.486	
115	53.6033	298.672	954.753	
116	53.617	298.646	954.305	
117	53.5999	298.661	954.611	
118	53.606	298.676	954.831	
119	53.5982	298.663	954.527	
120	53.588	298.681	954.917	
121	53.6258	298.658	954.538	
122	53.6014	298.66	954.581	
123	53.5743	298.672	954.68	
124	53.5856	298.662	954.599	
125	53.6342	298.655	954.51	
126	53.378	298.702	954.755	
127	53.6523	298.647	954.407	
128	53.5998	298.664	954.611	
129	53.5974	298.66	954.555	
130	53.6382	298.661	954.628	
131	53.3951	298.691	954.608	
132	53.6049	298.664	954.633	
133	53.6133	298.683	954.97	
134	53.5455	298.678	954.768	
135	53.55	298.672	954.67	
136	53.5918	298.659	954.482	
137	53.5664	298.664	954.563	
138	53.6094	298.655	954.453	
139	53.6329	298.659	954.587	
140	53.5964	298.659	954.522	
141	53.6027	298.66	954.553	
142	53.6357	298.663	954.647	
143	53.6317	298.667	954.702	
144	53.5847	298.676	954.779	
145	53.657	298.653	954.552	
146	53.6091	298.658	954.552	
147	53.3474	298.695	954.659	
148	53.583	298.669	954.648	
149	53.6023	298.658	954.527	
150	53.5914	298.672	954.74	
151	53.6451	298.657	954.546	
152	53.6594	298.661	954.662	
153	53.6163	298.647	954.371	
154	53.6134	298.662	954.607	
155	53.5937	298.661	954.527	
156	53.6052	298.662	954.59	
157	53.3247	298.683	954.419	
158	53.5869	298.657	954.552	
159	53.6199	298.655	954.49	
160	53.6382	298.646	954.413	
161	53.5929	298.667	954.711	
162	53.5959	298.658	954.486	
163	53.557	298.668	954.612	
164	53.6049	298.669	954.692	
165	53.6014	298.667	954.696	
166	53.3869	298.673	954.323	
167	53.5912	298.656	954.469	
168	53.3771	298.687	954.541	
169	53.5902	298.659	954.574	
170	53.595	298.662	954.575	
171	53.5718	298.678	954.83	
172	53.6154	298.651	954.443	
173	53.6102	298.672	954.735	
174	53.6346	298.663	954.695	
175	53.5699	298.663	954.575	
176	53.6238	298.649	954.394	
177	53.3824	298.678	954.39	
178	53.634	298.666	954.677	
179	53.6049	298.673	954.746	
180	53.57	298.671	954.721	
181	53.628	298.661	954.667	
182	53.628	298.665	954.704	
183	53.6026	298.668	954.681	
184	53.5828	298.662	954.568	
185	53.582	298.656	954.512	
186	53.6159	298.657	954.55	
187	53.3925	298.68	954.408	
188	53.5911	298.666	954.673	
189	53.5685	298.649	954.402	
190	53.5679	298.658	954.543	
191	53.6225	298.65	954.47	
192	53.5974	298.66	954.593	
193	53.598	298.659	954.602	
194	53.6094	298.649	954.399	
195	53.6105	298.665	954.665	
196	53.5695	298.648	954.387	
197	53.6154	298.65	954.446	
198	53.5759	298.675	954.788	
199	53.6055	298.65	954.478	
200	53.3891	298.686	954.524	
201	53.5799	298.671	954.632	
202	53.6247	298.654	954.567	
203	53.575	298.671	954.773	
204	53.59	298.667	954.719	
205	53.6191	298.659	954.585	
206	53.5788	298.646	954.335	
207	53.5656	298.665	954.612	
208	53.6148	298.658	954.546	
209	53.587	298.651	954.504	
210	53.5599	298.671	954.704	
211	53.6005	298.674	954.791	
212	53.5887	298.659	954.571	
213	53.6342	298.663	954.689	
214	53.6228	298.667	954.708	
215	53.5967	298.665	954.628	
216	53.5783	298.667	954.646	
217	53.5505	298.662	954.603	
218	53.6149	298.666	954.677	
219	53.6096	298.644	954.369	
220	53.612	298.665	954.626	
221	53.5817	298.662	954.598	
222	53.6255	298.658	954.581	
223	53.5927	298.65	954.416	
224	53.5547	298.666	954.608	
225	53.6123	298.649	954.485	
226	53.5957	298.652	954.504	
227	53.6373	298.657	954.572	
228	53.5895	298.66	954.565	
229	53.6326	298.644	954.389	
230	53.6258	298.655	954.579	
231	53.6135	298.662	954.631	
232	53.5752	298.673	954.746	
233	53.642	298.659	954.622	
234	53.628	298.651	954.471	
235	53.6037	298.656	954.519	
236	53.5714	298.665	954.623	
237	53.5708	298.662	954.562	
238	53.5856	298.673	954.772	
239	53.5785	298.657	954.487	
240	53.5665	298.666	954.662	
241	53.6016	298.668	954.733	
242	53.5979	298.662	954.647	
243	53.5998	298.647	954.384	
244	53.5968	298.669	954.727	
245	53.5989	298.65	954.39	
246	53.6075	298.666	954.713	
247	53.5919	298.659	954.553	
248	53.6051	298.663	954.631	
249	53.5789	298.672	954.781	
250	53.3577	298.691	954.619	
251	53.5502	298.666	954.587	
252	53.6069	298.656	954.516	
253	53.5925	298.65	954.453	
254	53.5797	298.668	954.684	
255	53.5517	298.662	954.595	
256	53.6242	298.659	954.601	
257	53.6238	298.643	954.336	
258	53.6282	298.661	954.645	
259	53.6062	298.658	954.553	
260	53.5818	298.645	954.361	
261	53.5893	298.671	954.777	
262	53.6208	298.667	954.731	
263	53.5995	298.672	954.77	
264	53.6002	298.652	954.519	
265	53.5811	298.665	954.652	
266	53.5927	298.668	954.686	
267	53.5602	298.661	954.546	
268	53.5747	298.663	954.622	
269	53.5822	298.658	954.581	
270	53.5927	298.644	954.293	
271	53.5986	298.651	954.481	
272	53.5993	298.663	954.657	
273	53.6082	298.657	954.588	
274	53.6227	298.667	954.78	
275	53.6022	298.669	954.752	
276	53.5921	298.66	954.584	
277	53.6144	298.66	954.6	
278	53.3565	298.693	954.698	
279	53.6092	298.653	954.526	
280	53.5453	298.674	954.743	
281	53.5947	298.651	954.467	
282	53.5596	298.66	954.533	
283	53.5672	298.666	954.667	
284	53.6171	298.653	954.559	
285	53.6386	298.639	954.358	
286	53.6495	298.658	954.653	
287	53.5582	298.662	954.587	
288	53.5866	298.658	954.547	
289	53.5913	298.658	954.542	
290	53.6216	298.659	954.617	
291	53.6183	298.662	954.681	
292	53.6103	298.653	954.532	
293	53.6081	298.661	954.599	
294	53.3417	298.686	954.544	
295	53.569	298.661	954.626	
296	53.6006	298.668	954.776	
297	53.3374	298.68	954.412	
298	53.621	298.674	954.855	
299	53.6061	298.663	954.689	
300	53.6147	298.657	954.572	
301	53.5626	298.666	954.664	
302	53.587	298.666	954.709	
303	53.603	298.662	954.646	
304	53.573	298.659	954.565	
305	53.5867	298.662	954.619	
306	53.6114	298.659	954.648	
307	53.6123	298.657	954.607	
308	53.5821	298.673	954.82	
309	53.6095	298.678	954.885	
310	53.6004	298.655	954.534	
311	53.6111	298.668	954.74	
312	53.5801	298.646	954.379	
313	53.6321	298.642	954.376	
314	53.5927	298.656	954.537	
315	53.5882	298.64	954.283	
316	53.5628	298.672	954.747	
317	53.5831	298.666	954.708	
318	53.61	298.659	954.617	
319	53.5788	298.67	954.769	
320	53.5981	298.655	954.535	
321	53.5773	298.672	954.788	
322	53.6164	298.66	954.647	
323	53.6027	298.652	954.448	
324	53.618	298.654	954.519	
325	53.6166	298.662	954.699	
326	53.5801	298.653	954.502	
327	53.3544	298.672	954.337	
328	53.5683	298.657	954.545	
329	53.4136	298.674	954.492	
330	53.6042	298.661	954.7	
331	53.5689	298.665	954.678	
332	53.5793	298.653	954.503	
333	53.6016	298.656	954.574	
334	53.6039	298.647	954.42	
335	53.5965	298.654	954.535	
336	53.5724	298.661	954.595	
337	53.5969	298.655	954.577	
338	53.3849	298.681	954.487	
339	53.5988	298.652	954.55	
340	53.5982	298.654	954.513	
341	53.6046	298.662	954.676	
342	53.6389	298.65	954.537	
343	53.6105	298.654	954.553	
344	53.62	298.656	954.601	
345	53.5896	298.649	954.441	
346	53.5901	298.667	954.698	
347	53.583	298.661	954.612	
348	53.589	298.65	954.462	
349	53.5814	298.658	954.577	
350	53.5533	298.679	954.885	
351	53.5742	298.666	954.67	
352	53.5771	298.651	954.43	
353	53.5618	298.656	954.5	
354	53.5798	298.655	954.533	
355	53.5949	298.672	954.8	
356	53.6125	298.655	954.572	
357	53.5841	298.656	954.535	
358	53.6226	298.662	954.718	
359	53.613	298.658	954.611	
360	53.6006	298.665	954.705	
361	53.5739	298.659	954.575	
362	53.6217	298.653	954.564	
363	53.5823	298.641	954.32	
364	53.6022	298.671	954.795	
365	53.5908	298.662	954.614	
366	53.5933	298.663	954.69	
367	53.5891	298.658	954.632	
368	53.3576	298.687	954.636	
369	53.5428	298.659	954.52	
370	53.6349	298.644	954.427	
371	53.5891	298.671	954.832	
372	53.5375	298.679	954.875	
373	53.5855	298.658	954.611	
374	53.5628	298.669	954.73	
375	53.6537	298.646	954.46	
376	53.3703	298.677	954.465	
377	53.597	298.651	954.522	
378	53.5788	298.672	954.811	
379	53.544	298.666	954.715	
380	53.5934	298.654	954.568	
381	53.6016	298.641	954.334	
382	53.6224	298.662	954.728	
383	53.6293	298.645	954.427	
384	53.5582	298.675	954.869	
385	53.5881	298.658	954.612	
386	53.6096	298.65	954.5	
387	53.5795	298.664	954.671	
388	53.6015	298.649	954.463	
389	53.3973	298.674	954.462	
390	53.5795	298.651	954.531	
391	53.6346	298.65	954.553	
392	53.6462	298.643	954.416	
393	53.5765	298.66	954.621	
394	53.5569	298.657	954.522	
395	53.5692	298.652	954.461	
396	53.5697	298.671	954.759	
397	53.5953	298.665	954.729	
398	53.6086	298.661	954.655	
399	53.618	298.642	954.329	
400	53.5988	298.648	954.467	
401	53.5893	298.656	954.553	
402	53.6045	298.659	954.634	
403	53.6424	298.648	954.516	
404	53.5953	298.649	954.46	
405	53.582	298.659	954.61	
406	53.5555	298.664	954.629	
407	53.6044	298.652	954.513	
408	53.6128	298.657	954.66	
409	53.5703	298.655	954.495	
410	53.5484	298.672	954.762	
411	53.5834	298.663	954.626	
412	53.5393	298.67	954.739	
413	53.6286	298.652	954.569	
414	53.6036	298.671	954.85	
415	53.3253	298.685	954.547	
416	53.6086	298.662	954.717	
417	53.6293	298.663	954.75	
418	53.5838	298.657	954.544	
419	53.6092	298.651	954.509	
420	53.5959	298.654	954.583	
421	53.5757	298.666	954.734	
422	53.5822	298.647	954.468	
423	53.5899	298.65	954.535	
424	53.5667	298.66	954.637	
425	53.6317	298.661	954.713	
426	53.5632	298.645	954.38	
427	53.566	298.652	954.508	
428	53.6288	298.649	954.504	
429	53.5699	298.655	954.508	
430	53.5765	298.663	954.678	
431	53.5745	298.665	954.673	
432	53.5714	298.67	954.781	
433	53.5617	298.663	954.646	
434	53.5978	298.653	954.569	
435	53.5831	298.651	954.474	
436	53.6044	298.665	954.738	
437	53.6082	298.664	954.735	
438	53.6018	298.649	954.494	
439	53.6127	298.655	954.61	
440	53.5467	298.655	954.565	
441	53.6238	298.648	954.577	
442	53.5996	298.663	954.73	
443	53.6019	298.658	954.64	
444	53.5798	298.649	954.465	
445	53.602	298.656	954.58	
446	53.5761	298.659	954.645	
447	53.6104	298.658	954.651	
448	53.5916	298.663	954.682	
449	53.5856	298.655	954.593	
450	53.5984	298.649	954.489	
451	53.6071	298.643	954.391	
452	53.5732	298.669	954.802	
453	53.5699	298.655	954.568	
454	53.6277	298.651	954.54	
455	53.5934	298.653	954.53	
456	53.5986	298.659	954.645	
457	53.5831	298.653	954.512	
458	53.5606	298.65	954.482	
459	53.6068	298.667	954.773	
460	53.6159	298.64	954.302	
461	53.5646	298.669	954.76	
462	53.6287	298.656	954.658	
463	53.5608	298.657	954.584	
464	53.3775	298.672	954.4	
465	53.5637	298.653	954.468	
466	53.6243	298.662	954.695	
467	53.5942	298.664	954.719	
468	53.5861	298.645	954.45	
469	53.6318	298.638	954.378	
470	53.6121	298.653	954.585	
471	53.6074	298.642	954.441	
472	53.5822	298.651	954.498	
473	53.5976	298.647	954.43	
474	53.5858	298.647	954.442	
475	53.6206	298.638	954.364	
476	53.5972	298.644	954.412	
477	53.5889	298.655	954.571	
478	53.5921	298.663	954.672	
479	53.5581	298.66	954.621	
480	53.5574	298.659	954.64	
481	53.5821	298.644	954.403	
482	53.605	298.65	954.481	
483	53.6033	298.67	954.858	
484	53.5949	298.651	954.482	
485	53.5432	298.659	954.586	
486	53.3384	298.691	954.623	
487	53.5855	298.672	954.812	
488	53.5818	298.65	954.452	
489	53.5853	298.649	954.428	
490	53.617	298.655	954.583	
491	53.6183	298.663	954.687	
492	53.5845	298.652	954.542	
493	53.5859	298.65	954.509	
494	53.605	298.647	954.403	
495	53.5998	298.651	954.518	
496	53.5808	298.659	954.611	
497	53.5952	298.646	954.413	
498	53.5987	298.647	954.433	
499	53.6278	298.646	954.368	
500	53.5656	298.65	954.42	
501	53.5758	298.664	954.661	
502	53.5821	298.661	954.595	
503	53.5915	298.653	954.572	
504	53.6057	298.649	954.543	
505	53.6114	298.639	954.365	
506	53.5796	298.655	954.54	
507	53.5903	298.651	954.487	
508	53.6451	298.65	954.563	
509	53.5778	298.66	954.615	
510	53.5958	298.626	954.096	
511	53.3559	298.681	954.431	
512	53.5612	298.65	954.401	
513	53.5692	298.646	954.421	
514	53.6475	298.654	954.623	
515	53.6381	298.65	954.621	
516	53.5916	298.658	954.724	
517	53.5915	298.64	954.437	
518	53.5912	298.639	954.382	
519	53.5796	298.651	954.53	
520	53.5846	298.659	954.695	
521	53.6263	298.657	954.704	
522	53.354	298.678	954.514	
523	53.5753	298.655	954.611	
524	53.5739	298.649	954.514	
525	53.5771	298.657	954.607	
526	53.6155	298.644	954.479	
527	53.5953	298.66	954.573	
528	53.5857	298.65	954.568	
529	53.5733	298.648	954.495	
530	53.5637	298.657	954.652	
531	53.5938	298.656	954.643	
532	53.5889	298.653	954.607	
533	53.5821	298.662	954.735	
534	53.5934	298.653	954.591	
535	53.575	298.66	954.67	
536	53.5991	298.665	954.793	
537	53.6281	298.639	954.374	
538	53.6232	298.656	954.677	
539	53.5891	298.663	954.721	
540	53.5946	298.638	954.316	
541	53.5993	298.656	954.61	
542	53.5723	298.649	954.464	
543	53.6193	298.66	954.676	
544	53.5819	298.664	954.745	
545	53.5515	298.679	954.926	
546	53.6151	298.655	954.624	
547	53.5954	298.654	954.534	
548	53.5702	298.655	954.615	
549	53.5576	298.665	954.636	
550	53.5519	298.651	954.466	
551	53.602	298.659	954.726	
552	53.6085	298.652	954.595	
553	53.5965	298.659	954.657	
554	53.5799	298.662	954.617	
555	53.5897	298.66	954.637	
556	53.6096	298.636	954.392	
557	53.5942	298.651	954.557	
558	53.578	298.655	954.531	
559	53.5789	298.662	954.727	
560	53.5845	298.658	954.589	
561	53.5788	298.652	954.644	
562	53.5424	298.661	954.493	
563	53.6019	298.651	954.609	
564	53.6144	298.661	954.677	
565	53.3918	298.668	954.49	
566	53.5991	298.651	954.507	
567	53.5935	298.655	954.635	
568	53.6201	298.641	954.474	
569	53.5452	298.639	954.461	
570	53.5935	298.627	954.34	
571	53.5901	298.645	954.485	
572	53.6013	298.633	954.449	
573	53.5893	298.645	954.544	
574	53.6029	298.683	954.676	
575	53.3675	298.667	954.403	
576	53.5748	298.662	954.668	
577	53.322	298.673	954.321	
578	53.579	298.651	954.512	
579	53.595	298.668	954.748	
580	53.5951	298.657	954.653	
581	53.5651	298.659	954.557	
582	53.6028	298.662	954.767	
583	53.6126	298.667	954.665	
584	53.5773	298.658	954.576	
585	53.3517	298.689	954.56	
586	53.5901	298.656	954.438	
587	53.6427	298.643	954.403	
588	53.3478	298.667	954.318	
589	53.5414	298.672	954.837	
590	53.5747	298.677	954.941	
591	53.593	298.646	954.533	
592	53.571	298.644	954.504	
593	53.5577	298.653	954.516	
594	53.5347	298.654	954.5	
595	53.5408	298.656	954.625	
596	53.587	298.653	954.515	
597	53.5955	298.655	954.564	
598	53.5498	298.649	954.518	
599	53.6438	298.654	954.725	
600	53.5914	298.638	954.302	
601	53.567	298.661	954.661	
602	53.5552	298.647	954.462	
603	53.6077	298.648	954.514	
604	53.6075	298.646	954.577	
605	53.5966	298.656	954.735	
606	53.5671	298.644	954.457	
607	53.5738	298.657	954.668	
608	53.5472	298.65	954.498	
609	53.5948	298.649	954.552	
610	53.6304	298.645	954.484	
611	53.5782	298.652	954.477	
612	53.6001	298.651	954.514	
613	53.5908	298.643	954.364	
614	53.5848	298.654	954.545	
615	53.2998	298.702	954.873	
616	53.5552	298.665	954.641	
617	53.5857	298.65	954.441	
618	53.5664	298.654	954.511	
619	53.5826	298.655	954.563	
620	53.5449	298.651	954.432	
621	53.5583	298.665	954.686	
622	53.5697	298.665	954.755	
623	53.5804	298.653	954.592	
624	53.6015	298.643	954.393	
625	53.6036	298.666	954.759	
626	53.5693	298.664	954.7	
627	53.5894	298.659	954.695	
628	53.6091	298.648	954.438	
629	53.6066	298.649	954.5	
630	53.6136	298.639	954.336	
631	53.5709	298.663	954.685	
632	53.5863	298.659	954.625	
633	53.5761	298.651	954.505	
634	53.591	298.658	954.593	
635	53.6064	298.633	954.277	
636	53.6188	298.641	954.407	
637	53.561	298.659	954.603	
638	53.6107	298.646	954.479	
639	53.6466	298.635	954.366	
640	53.5694	298.647	954.433	
641	53.5966	298.648	954.489	
642	53.597	298.641	954.309	
643	53.5912	298.652	954.579	
644	53.5793	298.646	954.482	
645	53.3564	298.671	954.308	
646	53.6028	298.644	954.463	
647	53.6091	298.644	954.416	
648	53.5994	298.646	954.446	
649	53.5547	298.646	954.481	
650	53.5924	298.655	954.608	
651	53.5499	298.668	954.762	
652	53.6091	298.655	954.581	
653	53.5949	298.666	954.705	
654	53.5483	298.667	954.739	
655	53.5413	298.658	954.579	
656	53.5688	298.656	954.541	
657	53.5805	298.656	954.648	
658	53.5531	298.659	954.628	
659	53.5588	298.661	954.608	
660	53.5937	298.643	954.386	
661	53.5674	298.671	954.845	
662	53.6074	298.653	954.575	
663	53.5832	298.648	954.469	
664	53.5764	298.649	954.446	
665	53.5685	298.661	954.676	
666	53.595	298.646	954.49	
667	53.5814	298.629	954.181	
668	53.5812	298.659	954.644	
669	53.5805	298.652	954.579	
670	53.625	298.66	954.7	
671	53.5567	298.648	954.403	
672	53.6186	298.651	954.566	
673	53.5628	298.656	954.62	
674	53.5978	298.646	954.459	
675	53.6029	298.659	954.709	
676	53.5911	298.646	954.396	
677	53.6284	298.655	954.711	
678	53.6314	298.647	954.533	
679	53.5728	298.655	954.602	
680	53.5891	298.649	954.535	
681	53.5844	298.653	954.586	
682	53.572	298.652	954.55	
683	53.3719	298.668	954.345	
684	53.6154	298.641	954.397	
685	53.5937	298.648	954.532	
686	53.5965	298.651	954.581	
687	53.5842	298.651	954.529	
688	53.578	298.652	954.564	
689	53.5791	298.659	954.722	
690	53.5891	298.66	954.676	
691	53.5722	298.645	954.413	
692	53.5712	298.634	954.265	
693	53.5782	298.656	954.646	
694	53.5618	298.646	954.451	
695	53.5852	298.666	954.851	
696	53.5778	298.644	954.477	
697	53.5618	298.64	954.448	
698	53.5919	298.651	954.6	
699	53.5904	298.655	954.618	
700	53.5887	298.645	954.469	
701	53.544	298.65	954.486	
702	53.5908	298.636	954.342	
703	53.5698	298.645	954.393	
704	53.5705	298.651	954.488	
705	53.5997	298.655	954.507	
706	53.578	298.669	954.727	
707	53.5693	298.663	954.688	
708	53.5715	298.649	954.485	
709	53.6132	298.652	954.585	
710	53.5775	298.652	954.598	
711	53.5527	298.661	954.67	
712	53.5667	298.657	954.689	
713	53.5735	298.645	954.443	
714	53.5675	298.667	954.881	
715	53.5698	298.655	954.628	
716	53.5944	298.664	954.834	
717	53.5918	298.635	954.356	
718	53.544	298.663	954.624	
719	53.5838	298.652	954.539	
720	53.6187	298.645	954.52	
721	53.5562	298.65	954.466	
722	53.5656	298.652	954.508	
723	53.6234	298.657	954.664	
724	53.5749	298.659	954.644	
725	53.6018	298.646	954.509	
726	53.5651	298.652	954.566	
727	53.5762	298.656	954.613	
728	53.566	298.66	954.72	
729	53.5903	298.659	954.692	
730	53.5787	298.665	954.802	
731	53.6331	298.628	954.248	
732	53.5814	298.641	954.409	
733	53.5578	298.652	954.559	
734	53.5825	298.65	954.533	
735	53.5774	298.652	954.621	
736	53.5711	298.645	954.454	
737	53.5656	298.639	954.418	
738	53.5532	298.649	954.444	
739	53.5733	298.668	954.81	
740	53.5435	298.667	954.68	
741	53.5701	298.66	954.654	
742	53.3488	298.669	954.316	
743	53.5995	298.641	954.459	
744	53.565	298.661	954.667	
745	53.591	298.643	954.444	
746	53.5561	298.643	954.38	
747	53.5652	298.67	954.786	
748	53.5953	298.642	954.395	
749	53.6197	298.645	954.55	
750	53.5874	298.646	954.537	
751	53.5899	298.646	954.527	
752	53.5429	298.644	954.495	
753	53.6178	298.66	954.662	
754	53.559	298.66	954.698	
755	53.5682	298.658	954.587	
756	53.5668	298.654	954.579	
757	53.5809	298.656	954.566	
758	53.5734	298.644	954.481	
759	53.5855	298.656	954.646	
760	53.5965	298.655	954.541	
761	53.589	298.658	954.64	
762	53.6287	298.64	954.405	
763	53.5607	298.641	954.389	
764	53.6498	298.647	954.59	
765	53.6078	298.654	954.57	
766	53.5907	298.659	954.759	
767	53.5813	298.668	954.665	
768	53.5835	298.661	954.714	
769	53.5945	298.653	954.523	
770	53.5982	298.646	954.482	
771	53.5866	298.653	954.545	
772	53.5948	298.658	954.756	
773	53.5659	298.649	954.535	
774	53.6209	298.642	954.409	
775	53.5997	298.65	954.554	
776	53.5884	298.648	954.393	
777	53.609	298.661	954.712	
778	53.6346	298.64	954.433	
779	53.5919	298.651	954.607	
780	53.5791	298.658	954.658	
781	53.5447	298.649	954.451	
782	53.5953	298.657	954.595	
783	53.5549	298.664	954.579	
784	53.5916	298.654	954.611	
785	53.6007	298.648	954.534	
786	53.5806	298.652	954.559	
787	53.556	298.66	954.605	
788	53.5596	298.652	954.544	
789	53.5824	298.657	954.635	
790	53.5476	298.647	954.457	
791	53.5831	298.659	954.638	
792	53.5435	298.664	954.754	
793	53.5809	298.656	954.62	
794	53.5839	298.648	954.507	
795	53.5878	298.643	954.403	
796	53.5842	298.661	954.723	
797	53.608	298.628	954.273	
798	53.5167	298.665	954.676	
799	53.5989	298.663	954.766	
800	53.5867	298.636	954.313	
801	53.5715	298.65	954.52	
802	53.5982	298.65	954.614	
803	53.5621	298.661	954.775	
804	53.61	298.642	954.47	
805	53.6057	298.655	954.689	
806	53.5962	298.647	954.511	
807	53.58	298.66	954.728	
808	53.5946	298.65	954.543	
809	53.5679	298.648	954.509	
810	53.5624	298.627	954.225	
811	53.5533	298.667	954.777	
812	53.601	298.659	954.679	
813	53.5889	298.655	954.556	
814	53.5928	298.652	954.596	
815	53.6082	298.66	954.663	
816	53.5761	298.666	954.741	
817	53.5869	298.654	954.605	
818	53.5771	298.656	954.573	
819	53.5955	298.67	954.861	
820	53.5921	298.647	954.502	
821	53.5898	298.654	954.646	
822	53.5771	298.654	954.514	
823	53.5663	298.639	954.398	
824	53.6021	298.651	954.688	
825	53.5936	298.658	954.761	
826	53.5575	298.663	954.727	
827	53.5165	298.652	954.555	
828	53.5854	298.658	954.607	
829	53.5516	298.661	954.553	
830	53.6237	298.654	954.619	
831	53.5795	298.646	954.48	
832	53.6036	298.656	954.727	
833	53.5809	298.637	954.493	
834	53.6623	298.631	954.447	
835	53.6526	298.632	954.329	
836	53.5588	298.663	954.797	
837	53.5795	298.664	954.733	
838	53.5973	298.654	954.557	
839	53.5434	298.666	954.677	
840	53.5907	298.66	954.702	
841	53.6045	298.638	954.379	
842	53.6003	298.63	954.285	
843	53.5633	298.64	954.358	
844	53.6107	298.643	954.442	
845	53.3749	298.656	954.237	
846	53.5743	298.642	954.341	
847	53.5869	298.649	954.566	
848	53.595	298.656	954.694	
849	53.5447	298.657	954.613	
850	53.5743	298.651	954.587	
851	53.5932	298.647	954.56	
852	53.6011	298.643	954.506	
853	53.6274	298.647	954.544	
854	53.5859	298.651	954.526	
855	53.5658	298.658	954.605	
856	53.599	298.665	954.771	
857	53.5715	298.662	954.743	
858	53.6037	298.646	954.531	
859	53.6013	298.652	954.682	
860	53.5769	298.647	954.496	
861	53.5713	298.651	954.56	
862	53.617	298.657	954.718	
863	53.5899	298.64	954.386	
864	53.5891	298.635	954.382	
865	53.6185	298.652	954.672	
866	53.596	298.643	954.515	
867	53.575	298.646	954.452	
868	53.5354	298.651	954.457	
869	53.5548	298.648	954.459	
870	53.5763	298.642	954.44	
871	53.5487	298.65	954.51	
872	53.5907	298.638	954.416	
873	53.5919	298.643	954.474	
874	53.5812	298.654	954.646	
875	53.6188	298.635	954.422	
876	53.5431	298.654	954.658	
877	53.5853	298.645	954.593	
878	53.6164	298.657	954.677	
879	53.5656	298.64	954.415	
880	53.5653	298.631	954.277	
881	53.6072	298.652	954.635	
882	53.5905	298.645	954.572	
883	53.5565	298.662	954.742	
884	53.5389	298.659	954.654	
885	53.5565	298.662	954.689	
886	53.6087	298.647	954.558	
887	53.5688	298.646	954.567	
888	53.5375	298.668	954.798	
889	53.5964	298.643	954.406	
890	53.594	298.65	954.534	
891	53.5625	298.659	954.666	
892	53.5775	298.663	954.782	
893	53.6195	298.643	954.47	
894	53.5838	298.644	954.464	
895	53.5474	298.657	954.578	
896	53.6331	298.645	954.494	
897	53.5244	298.666	954.656	
898	53.5838	298.639	954.276	
899	53.5724	298.655	954.545	
900	53.5908	298.654	954.57	
901	53.5971	298.664	954.729	
902	53.591	298.662	954.761	
903	53.5867	298.66	954.679	
904	53.5699	298.659	954.676	
905	53.6148	298.634	954.302	
906	53.564	298.649	954.445	
907	53.5496	298.651	954.46	
908	53.6142	298.66	954.7	
909	53.6075	298.656	954.647	
910	53.6048	298.651	954.522	
911	53.614	298.651	954.542	
912	53.5434	298.65	954.446	
913	53.5916	298.65	954.472	
914	53.5599	298.658	954.61	
915	53.5811	298.659	954.649	
916	53.5819	298.664	954.714	
917	53.5845	298.654	954.558	
918	53.5515	298.648	954.503	
919	53.6102	298.649	954.577	
920	53.5532	298.648	954.472	
921	53.5956	298.649	954.513	
922	53.5569	298.646	954.397	
923	53.6034	298.637	954.416	
924	53.572	298.654	954.619	
925	53.5747	298.645	954.474	
926	53.5747	298.649	954.499	
927	53.6013	298.65	954.56	
928	53.5654	298.648	954.616	
929	53.5873	298.652	954.601	
930	53.5771	298.662	954.783	
931	53.5691	298.663	954.828	
932	53.568	298.665	954.792	
933	53.6071	298.663	954.758	
934	53.5742	298.648	954.429	
935	53.5748	298.649	954.587	
936	53.6128	298.656	954.634	
937	53.5562	298.642	954.447	
938	53.5714	298.66	954.7	
939	53.585	298.656	954.655	
940	53.5681	298.658	954.707	
941	53.5814	298.639	954.385	
942	53.6212	298.645	954.508	
943	53.5861	298.658	954.656	
944	53.5726	298.653	954.645	
945	53.582	298.646	954.447	
946	53.5968	298.637	954.439	
947	53.5851	298.643	954.454	
948	53.6208	298.634	954.369	
949	53.6045	298.643	954.439	
950	53.5928	298.65	954.59	
951	53.5555	298.643	954.406	
952	53.5919	298.639	954.356	
953	53.5735	298.653	954.512	
954	53.5806	298.656	954.595	
955	53.6001	298.65	954.545	
956	53.5487	298.641	954.469	
957	53.6184	298.634	954.37	
958	53.6297	298.641	954.437	
959	53.5651	298.66	954.733	
960	53.5753	298.64	954.404	
961	53.5781	298.655	954.696	
962	53.5524	298.661	954.621	
963	53.5682	298.654	954.548	
964	53.6139	298.628	954.21	
965	53.5737	298.648	954.579	
966	53.571	298.643	954.528	
967	53.5454	298.662	954.72	
968	53.545	298.662	954.713	
969	53.5442	298.656	954.67	
970	53.5492	298.672	954.86	
971	53.5921	298.651	954.574	
972	53.5904	298.647	954.533	
973	53.5663	298.658	954.726	
974	53.584	298.657	954.733	
975	53.5677	298.65	954.546	
976	53.5999	298.656	954.645	
977	53.5672	298.647	954.504	
978	53.5752	298.643	954.464	
979	53.5757	298.652	954.608	
980	53.5662	298.662	954.754	
981	53.573	298.662	954.736	
982	53.6153	298.649	954.543	
983	53.5975	298.654	954.59	
984	53.5413	298.653	954.544	
985	53.5874	298.657	954.648	
986	53.5322	298.657	954.637	
987	53.5337	298.664	954.682	
988	53.5887	298.649	954.564	
989	53.5893	298.658	954.716	
990	53.552	298.658	954.561	
991	53.5938	298.646	954.55	
992	53.5764	298.654	954.668	
993	53.5575	298.652	954.569	
994	53.537	298.642	954.416	
995	53.5565	298.667	954.824	
996	53.6111	298.636	954.421	
997	53.5674	298.64	954.462	
998	53.5916	298.647	954.549	
999	53.5986	298.648	954.594	
1000	53.5629	298.641	954.435	
1	52.9395	300.118	955.145	
2	53.0456	300.032	953.49	
3	52.9978	300.03	953.643	
4	52.865	300.08	954.927	
5	52.8825	300.072	954.762	
6	52.8828	300.094	955.103	
7	52.9985	300.039	953.729	
8	53.0142	300.05	953.871	
9	53.0463	300.052	953.706	
10	53.0171	300.046	953.81	
11	52.9834	300.03	953.692	
12	53.0116	300.024	953.605	
13	53.024	300.026	953.463	
14	53.0145	300.019	953.438	
15	53.0123	300.031	953.618	
16	53.0046	300.022	953.507	
17	52.9776	300.005	953.395	
18	53.0084	300.033	953.609	
19	52.9849	300.016	953.513	
20	52.9548	300.002	953.606	
21	53.0263	300.025	953.582	
22	52.9716	300.018	953.697	
23	53.021	300.048	953.842	
24	52.9559	300.015	953.726	
25	52.9845	300.022	953.702	
26	52.8838	299.975	953.301	
27	53.015	300.043	953.713	
28	52.8247	300.06	954.876	
29	52.9399	300.015	953.621	
30	52.9542	299.998	953.426	
31	53.0246	300.039	953.649	
32	53.0056	300.038	953.728	
33	52.9464	300.014	953.641	
34	52.9197	300.007	953.648	
35	52.9621	299.996	953.311	
36	52.9765	300.017	953.533	
37	52.9569	300.011	953.516	
38	52.9823	300.008	953.368	
39	52.9135	300	953.594	
40	52.9762	300.016	953.554	
41	52.9714	300.012	953.485	
42	52.9143	300.004	953.593	
43	52.9765	300.03	953.688	
44	53.0003	300.018	953.468	
45	52.9258	300.001	953.477	
46	52.9265	299.994	953.449	
47	52.9597	300.02	953.665	
48	52.9952	300.041	953.737	
49	52.9455	299.997	953.45	
50	52.9882	299.997	953.249	
51	52.9457	299.986	953.307	
52	52.9165	299.974	953.209	
53	52.9407	300.002	953.506	
54	52.9767	300.022	953.612	
55	52.9881	300.032	953.695	
56	52.9568	300.006	953.476	
57	52.9603	300.011	953.556	
58	52.9534	299.998	953.339	
59	52.962	300.007	953.435	
60	52.9615	300.021	953.656	
61	52.978	300.015	953.572	
62	52.9859	300.027	953.636	
63	52.9437	299.988	953.294	
64	52.9029	299.988	953.521	
65	52.9761	300.016	953.546	
66	52.9567	300.014	953.582	
67	52.9855	300.016	953.559	
68	53	300.029	953.602	
69	52.9215	300.012	953.689	
70	52.9447	299.991	953.315	
71	52.9309	299.998	953.494	
72	52.9141	299.99	953.484	
73	52.9096	299.981	953.429	
74	53.0032	300.027	953.598	
75	52.927	299.994	953.523	
76	52.9193	299.986	953.399	
77	52.9737	300.013	953.519	
78	52.9463	299.99	953.341	
79	52.9612	299.994	953.346	
80	52.9779	300.026	953.705	
81	52.974	300	953.327	
82	52.9531	299.986	953.268	
83	52.8844	299.964	953.285	
84	52.9911	300.012	953.405	
85	52.9012	299.982	953.392	
86	52.9228	300.001	953.628	
87	53.0288	300.028	953.47	
88	52.9672	300.025	953.726	
89	52.9503	300.022	953.668	
90	52.9206	299.992	953.464	
91	52.9944	300.012	953.403	
92	52.897	299.982	953.486	
93	52.9384	299.981	953.268	
94	53.0776	300.127	954.537	
95	52.9059	299.997	953.584	
96	52.979	300.01	953.448	
97	52.9442	300.01	953.648	
98	52.9967	300.026	953.598	
99	52.9305	300.008	953.652	
100	52.9503	300.009	953.551	
101	52.9364	300.033	953.873	
102	52.9314	300.011	953.627	
103	52.9207	299.991	953.456	
104	52.8849	299.98	953.496	
105	52.8871	299.983	953.482	
106	52.9396	300.019	953.7	
107	52.9459	299.985	953.222	
108	52.9126	299.991	953.477	
109	52.8718	299.959	953.225	
110	52.9254	299.984	953.284	
111	52.9858	300.075	954.183	
112	53.0231	300.107	954.493	
113	52.8957	299.985	953.443	
114	52.9039	300.015	953.849	
115	53.0354	300.092	954.296	
116	52.9156	299.983	953.472	
117	52.9637	300.03	953.721	
118	52.9294	299.976	953.247	
119	52.9038	300.003	953.681	
120	52.9189	299.993	953.414	
121	52.9346	299.99	953.334	
122	52.898	299.965	953.258	
123	52.9271	300.054	954.2	
124	53.0488	300.117	954.489	
125	52.9041	300	953.572	
126	52.8808	299.947	953.071	
127	52.9126	299.982	953.361	
128	52.9531	300.01	953.62	
129	52.8962	299.974	953.348	
130	52.948	299.987	953.255	
131	52.9365	299.98	953.246	
132	52.9301	299.997	953.525	
133	52.9435	300.001	953.507	
134	53.0652	300.115	954.447	
135	53.0223	300.102	954.45	
136	52.9112	299.986	953.466	
137	52.9919	300.035	953.759	
138	52.943	299.999	953.468	
139	52.9238	299.997	953.509	
140	52.9056	299.979	953.395	
141	52.9775	300.004	953.415	
142	52.9988	300.077	954.285	
143	53.0109	300.084	954.28	
144	52.9133	299.987	953.429	
145	53	300.095	954.441	
146	52.992	300.09	954.42	
147	52.9274	300.018	953.671	
148	52.9476	300.004	953.493	
149	52.9529	300.004	953.476	
150	53.037	300.103	954.45	
151	52.9353	299.99	953.377	
152	52.9006	299.971	953.332	
153	52.9574	300.057	954.22	
154	52.9893	300.087	954.44	
155	53.0239	300.049	953.843	
156	53.0204	300.118	954.741	
157	52.9291	299.992	953.482	
158	52.9528	299.995	953.427	
159	52.9116	299.978	953.377	
160	53.0688	300.124	954.599	
161	52.9224	299.988	953.456	
162	53.0331	300.108	954.594	
163	53.0108	300.1	954.557	
164	52.8999	299.962	953.281	
165	52.9311	299.972	953.225	
166	53.0189	300.097	954.492	
167	52.9022	299.979	953.463	
168	53.0075	300.108	954.632	
169	52.9327	300.015	953.761	
170	52.9391	299.991	953.439	
171	52.9416	299.986	953.407	
172	52.9542	299.98	953.317	
173	53.0227	300.105	954.655	
174	52.9277	299.958	953.154	
175	52.9097	299.983	953.52	
176	52.9547	299.991	953.448	
177	52.9466	299.974	953.293	
178	53.0794	300.109	954.458	
179	52.9324	299.959	953.12	
180	52.9414	299.977	953.366	
181	53.0294	300.095	954.552	
182	52.9292	299.953	953.065	
183	52.9298	299.986	953.482	
184	52.9797	299.975	953.11	
185	53.0608	300.102	954.39	
186	52.9311	299.971	953.284	
187	53.0185	300.102	954.634	
188	53.034	300.107	954.573	
189	53.0557	300.104	954.514	
190	52.9513	299.987	953.442	
191	52.9756	300	953.498	
192	52.9516	299.978	953.311	
193	53.108	300.132	954.627	
194	53.0621	300.115	954.683	
195	52.9385	299.968	953.293	
196	53.0739	300.115	954.598	
197	53.0453	300.092	954.439	
198	53.037	300.097	954.507	
199	52.9352	299.969	953.269	
200	52.9306	299.975	953.341	
201	52.9282	299.965	953.321	
202	53.0193	300.098	954.688	
203	52.9334	299.988	953.485	
204	52.9966	300.003	953.471	
205	53.045	300.094	954.481	
206	53.075	300.12	954.698	
207	52.9911	300.072	954.443	
208	53.0631	300.114	954.639	
209	52.9196	299.965	953.289	
210	53.0704	300.107	954.513	
211	53.0518	300.108	954.646	
212	53.0559	300.09	954.324	
213	52.9259	299.956	953.224	
214	53.0557	300.103	954.617	
215	52.9413	299.955	953.25	
216	52.9658	299.963	953.121	
217	53.0124	300.081	954.49	
218	52.951	299.981	953.448	
219	53.0327	300.095	954.599	
220	53.0524	300.094	954.487	
221	53.061	300.099	954.527	
222	53.0637	300.086	954.35	
223	53.0422	300.11	954.761	
224	53.0929	300.123	954.677	
225	53.0463	300.08	954.324	
226	53.0667	300.118	954.811	
227	53.066	300.098	954.5	
228	53.0712	300.11	954.657	
229	53.0606	300.121	954.852	
230	53.0539	300.106	954.667	
231	53.0725	300.108	954.619	
232	53.0736	300.115	954.742	
233	52.8784	299.936	953.177	
234	53.0624	300.092	954.413	
235	53.0901	300.117	954.688	
236	53.0353	300.098	954.699	
237	53.082	300.095	954.405	
238	52.9795	299.978	953.325	
239	53.0815	300.11	954.623	
240	52.941	299.965	953.302	
241	53.0788	300.107	954.598	
242	53.0267	300.098	954.691	
243	53.0848	300.124	954.82	
244	53.0745	300.11	954.631	
245	53.0914	300.101	954.457	
246	53.0275	300.088	954.557	
247	52.9724	299.961	953.101	
248	52.9255	299.932	952.925	
249	53.128	300.148	954.886	
250	53.1368	300.143	954.839	
251	53.1161	300.131	954.778	
252	53.0893	300.118	954.631	
253	53.1121	300.131	954.706	
254	53.0449	300.104	954.715	
255	53.2123	300.158	954.438	
256	53.0742	300.129	954.947	
257	53.0686	300.116	954.738	
258	53.1057	300.122	954.658	
259	53.0616	300.119	954.903	
260	52.9612	299.951	953.095	
261	53.0743	300.109	954.682	
262	53.1013	300.126	954.727	
263	53.131	300.152	954.997	
264	53.0811	300.115	954.715	
265	52.9707	299.972	953.301	
266	53.0578	300.098	954.59	
267	53.0664	300.094	954.514	
268	53.0595	300.093	954.548	
269	53.122	300.132	954.756	
270	53.1003	300.108	954.51	
271	53.1124	300.131	954.775	
272	53.1392	300.155	955.073	
273	53.0724	300.113	954.735	
274	53.2043	300.153	954.567	
275	53.1001	300.114	954.644	
276	53.1065	300.124	954.719	
277	53.1038	300.127	954.778	
278	53.0842	300.12	954.799	
279	53.0999	300.112	954.619	
280	53.1504	300.158	954.979	
281	52.9846	299.982	953.407	
282	53.2121	300.132	954.21	
283	53.084	300.11	954.625	
284	53.1163	300.127	954.735	
285	53.0903	300.111	954.665	
286	53.1078	300.122	954.729	
287	53.1087	300.125	954.746	
288	53.078	300.1	954.578	
289	53.1194	300.137	954.895	
290	53.1419	300.135	954.746	
291	53.084	300.114	954.72	
292	53.1014	300.126	954.795	
293	53.1258	300.132	954.798	
294	53.0836	300.118	954.782	
295	53.1399	300.126	954.65	
296	53.0805	300.098	954.543	
297	53.0782	300.106	954.648	
298	53.1613	300.144	954.836	
299	53.1003	300.108	954.579	
300	53.0818	300.087	954.436	
301	53.1015	300.119	954.702	
302	53.0656	300.105	954.71	
303	53.0467	300.102	954.724	
304	52.9679	299.959	953.216	
305	52.9912	299.977	953.331	
306	53.1085	300.131	954.873	
307	53.2054	300.151	954.559	
308	53.0574	300.103	954.725	
309	53.0757	300.115	954.798	
310	53.0696	300.11	954.772	
311	53.1195	300.141	954.946	
312	53.1123	300.119	954.714	
313	53.1107	300.131	954.829	
314	53.1132	300.137	954.927	
315	53.0695	300.093	954.52	
316	53.1393	300.116	954.518	
317	53.1454	300.134	954.746	
318	53.0691	300.102	954.66	
319	53.1534	300.147	954.842	
320	53.1085	300.113	954.568	
321	53.0996	300.131	954.89	
322	53.0664	300.103	954.665	
323	53.2435	300.15	954.33	
324	53.0714	300.11	954.725	
325	53.0958	300.114	954.708	
326	53.1808	300.133	954.384	
327	53.0607	300.092	954.55	
328	53.09	300.123	954.842	
329	53.0566	300.09	954.53	
330	53.1184	300.146	955.001	
331	53.1159	300.119	954.632	
332	53.0628	300.102	954.659	
333	53.105	300.122	954.773	
334	53.086	300.105	954.638	
335	53.1405	300.144	954.877	
336	53.2125	300.136	954.309	
337	53.1156	300.109	954.529	
338	53.0842	300.113	954.782	
339	53.1235	300.134	954.842	
340	53.0733	300.096	954.564	
341	53.1201	300.124	954.726	
342	53.1532	300.145	954.873	
343	53.0579	300.092	954.527	
344	53.0863	300.115	954.794	
345	53.1039	300.109	954.564	
346	53.2545	300.157	954.409	
347	53.1247	300.135	954.835	
348	53.054	300.094	954.605	
349	53.0836	300.12	954.922	
350	53.0894	300.107	954.688	
351	53.0945	300.121	954.847	
352	53.2064	300.143	954.397	
353	53.0974	300.113	954.735	
354	53.0973	300.114	954.713	
355	53.0572	300.097	954.645	
356	53.1444	300.139	954.859	
357	53.1357	300.11	954.474	
358	53.1006	300.124	954.837	
359	53.0551	300.105	954.778	
360	53.0705	300.102	954.67	
361	53.1131	300.105	954.509	
362	53.2379	300.178	954.748	
363	53.0187	300.087	954.714	
364	53.0611	300.095	954.614	
365	53.0748	300.105	954.729	
366	53.1415	300.131	954.742	
367	53.0789	300.088	954.431	
368	53.122	300.115	954.621	
369	53.0903	300.117	954.785	
370	53.0864	300.101	954.573	
371	53.1375	300.125	954.704	
372	53.0848	300.106	954.687	
373	53.1497	300.137	954.799	
374	53.0811	300.1	954.645	
375	53.1942	300.141	954.451	
376	53.0742	300.094	954.543	
377	53.0676	300.092	954.551	
378	53.1345	300.109	954.495	
379	53.2227	300.155	954.603	
380	53.0714	300.098	954.654	
381	53.1022	300.115	954.733	
382	53.1322	300.116	954.622	
383	53.0867	300.112	954.772	
384	53.1514	300.142	954.919	
385	53.0755	300.103	954.703	
386	53.1205	300.115	954.677	
387	53.0547	300.102	954.785	
388	53.1109	300.117	954.731	
389	53.0592	300.088	954.588	
390	53.0972	300.113	954.743	
391	53.1126	300.127	954.86	
392	53.1136	300.112	954.642	
393	53.1233	300.119	954.711	
394	53.1235	300.117	954.661	
395	53.0715	300.091	954.564	
396	53.1283	300.108	954.498	
397	53.1021	300.11	954.708	
398	53.065	300.1	954.696	
399	53.1643	300.139	954.803	
400	53.1081	300.103	954.567	
401	52.9361	299.928	953.012	
402	53.0675	300.091	954.591	
403	53.0814	300.099	954.642	
404	53.083	300.103	954.679	
405	53.1072	300.116	954.748	
406	53.0762	300.1	954.687	
407	52.9534	299.966	953.429	
408	53.0932	300.119	954.852	
409	53.152	300.125	954.642	
410	53.0893	300.102	954.628	
411	53.1363	300.117	954.613	
412	53.0573	300.088	954.616	
413	53.0858	300.098	954.582	
414	53.0949	300.114	954.761	
415	53.0769	300.1	954.661	
416	53.2017	300.125	954.253	
417	53.1269	300.125	954.786	
418	53.0879	300.115	954.832	
419	53.0767	300.105	954.746	
420	52.9501	299.937	953.072	
421	53.1745	300.123	954.348	
422	53.1267	300.135	954.932	
423	53.1122	300.13	954.901	
424	53.2046	300.138	954.421	
425	53.1188	300.137	954.985	
426	52.9146	299.917	952.991	
427	53.1227	300.107	954.563	
428	53.0912	300.092	954.519	
429	53.1164	300.116	954.765	
430	52.9566	299.93	952.971	
431	53.0782	300.094	954.582	
432	53.0763	300.099	954.705	
433	53.1038	300.127	954.933	
434	53.086	300.102	954.67	
435	53.2288	300.15	954.495	
436	53.1014	300.101	954.602	
437	53.1052	300.102	954.589	
438	53.0741	300.1	954.732	
439	53.0818	300.099	954.665	
440	53.0767	300.099	954.692	
441	53.0785	300.104	954.676	
442	53.1363	300.122	954.708	
443	53.1178	300.125	954.9	
444	53.111	300.124	954.888	
445	53.2431	300.164	954.645	
446	53.1406	300.126	954.764	
447	53.0982	300.123	954.915	
448	53.066	300.097	954.684	
449	52.8741	299.899	952.966	
450	53.0819	300.091	954.552	
451	53.2008	300.129	954.356	
452	53.1429	300.121	954.695	
453	53.1223	300.126	954.83	
454	53.0678	300.095	954.672	
455	52.9751	299.956	953.238	
456	53.2399	300.158	954.602	
457	53.1092	300.117	954.825	
458	53.1057	300.114	954.824	
459	53.1191	300.116	954.773	
460	53.0887	300.082	954.441	
461	53.1037	300.107	954.663	
462	53.2157	300.123	954.213	
463	53.0932	300.114	954.792	
464	53.1381	300.126	954.806	
465	53.0656	300.099	954.805	
466	53.0766	300.086	954.57	
467	53.1339	300.129	954.876	
468	53.0296	300.081	954.678	
469	53.1155	300.116	954.769	
470	53.1215	300.132	954.976	
471	53.1163	300.123	954.892	
472	53.0763	300.11	954.923	
473	53.1181	300.107	954.616	
474	53.2549	300.148	954.377	
475	53.1094	300.107	954.679	
476	53.0995	300.105	954.675	
477	53.0906	300.107	954.757	
478	53.0989	300.093	954.548	
479	53.1182	300.118	954.793	
480	53.1527	300.127	954.742	
481	53.1024	300.121	954.937	
482	53.0605	300.076	954.483	
483	53.131	300.116	954.745	
484	53.0915	300.105	954.752	
485	53.0903	300.099	954.667	
486	53.103	300.118	954.877	
487	53.1508	300.123	954.729	
488	53.0841	300.078	954.435	
489	53.1019	300.092	954.547	
490	53.0889	300.106	954.783	
491	53.2162	300.119	954.219	
492	53.1002	300.115	954.872	
493	53.1195	300.092	954.451	
494	53.1107	300.1	954.6	
495	53.1138	300.115	954.808	
496	53.1263	300.114	954.695	
497	53.0932	300.103	954.712	
498	53.2353	300.134	954.317	
499	53.119	300.105	954.628	
500	53.0688	300.112	954.966	
501	53.0926	300.092	954.565	
502	53.115	300.11	954.717	
503	53.1065	300.108	954.749	
504	53.1001	300.096	954.596	
505	53.1068	300.1	954.632	
506	53.0718	300.084	954.577	
507	53.0744	300.09	954.623	
508	53.0879	300.099	954.706	
509	53.0723	300.083	954.562	
510	53.1341	300.132	954.946	
511	53.122	300.111	954.723	
512	53.1765	300.114	954.352	
513	53.1032	300.109	954.766	
514	53.0701	300.079	954.501	
515	53.1081	300.095	954.552	
516	53.0946	300.102	954.722	
517	53.2129	300.137	954.461	
518	53.1994	300.138	954.582	
519	53.1293	300.123	954.859	
520	53.1709	300.131	954.766	
521	53.126	300.114	954.721	
522	53.1049	300.102	954.696	
523	53.1157	300.12	954.855	
524	53.1332	300.106	954.617	
525	53.0544	300.088	954.69	
526	53.1169	300.119	954.834	
527	53.1033	300.101	954.641	
528	53.0801	300.081	954.527	
529	53.111	300.112	954.819	
530	53.0861	300.09	954.595	
531	53.1609	300.131	954.819	
532	53.2492	300.153	954.513	
533	53.1131	300.099	954.606	
534	53.1265	300.112	954.714	
535	53.0778	300.086	954.595	
536	53.0721	300.092	954.68	
537	53.1323	300.123	954.839	
538	53.0821	300.075	954.438	
539	53.2356	300.151	954.554	
540	53.0976	300.095	954.631	
541	53.0962	300.095	954.68	
542	52.9435	299.93	953.096	
543	52.9614	299.937	953.152	
544	53.2075	300.114	954.233	
545	53.1092	300.092	954.525	
546	53.0903	300.101	954.751	
547	53.1139	300.1	954.625	
548	53.1543	300.118	954.709	
549	53.0813	300.09	954.648	
550	52.9502	299.948	953.301	
551	53.0728	300.077	954.52	
552	53.1017	300.104	954.714	
553	52.9641	299.943	953.2	
554	53.0963	300.092	954.589	
555	52.9745	299.948	953.258	
556	53.2003	300.11	954.198	
557	53.1347	300.122	954.859	
558	53.2785	300.157	954.466	
559	53.216	300.139	954.533	
560	53.0863	300.101	954.735	
561	53.1194	300.111	954.83	
562	53.2266	300.139	954.474	
563	53.1322	300.114	954.765	
564	53.101	300.105	954.78	
565	53.159	300.122	954.758	
566	53.1167	300.105	954.698	
567	53.1112	300.099	954.676	
568	53.1297	300.111	954.723	
569	53.0702	300.09	954.711	
570	53.2723	300.159	954.542	
571	53.1492	300.125	954.897	
572	53.147	300.109	954.637	
573	53.1339	300.106	954.634	
574	53.1913	300.132	954.756	
575	53.0985	300.087	954.518	
576	53.1051	300.094	954.648	
577	53.1153	300.092	954.551	
578	53.1079	300.108	954.808	
579	53.0709	300.086	954.644	
580	53.0982	300.117	954.985	
581	53.0932	300.092	954.618	
582	53.0805	300.075	954.457	
583	53.1007	300.094	954.637	
584	53.1458	300.123	954.854	
585	53.0891	300.1	954.81	
586	53.1148	300.095	954.594	
587	53.1043	300.096	954.633	
588	53.1333	300.11	954.724	
589	53.1217	300.098	954.574	
590	53.1015	300.097	954.658	
591	53.1607	300.129	954.855	
592	52.9669	299.935	953.12	
593	53.0875	300.086	954.622	
594	53.1181	300.115	954.866	
595	53.249	300.147	954.489	
596	53.1097	300.102	954.737	
597	53.1343	300.109	954.72	
598	53.133	300.092	954.478	
599	53.1399	300.131	954.98	
600	53.1182	300.11	954.797	
601	53.1138	300.1	954.676	
602	53.0915	300.113	954.985	
603	53.1011	300.089	954.577	
604	53.1025	300.095	954.702	
605	53.0867	300.082	954.605	
606	53.1412	300.119	954.831	
607	53.1086	300.092	954.601	
608	53.1067	300.104	954.748	
609	53.1453	300.122	954.872	
610	53.2323	300.139	954.454	
611	53.1267	300.112	954.792	
612	53.0891	300.089	954.659	
613	53.0538	300.084	954.748	
614	53.2457	300.143	954.509	
615	53.0983	300.112	954.905	
616	53.2678	300.163	954.656	
617	53.0776	300.074	954.529	
618	53.1443	300.107	954.662	
619	53.1072	300.098	954.712	
620	52.9343	299.919	953.066	
621	53.082	300.083	954.625	
622	53.0715	300.075	954.512	
623	53.1286	300.098	954.609	
624	53.1001	300.103	954.814	
625	53.1597	300.126	954.826	
626	53.0817	300.086	954.654	
627	53.1123	300.1	954.72	
628	53.2312	300.134	954.433	
629	53.1519	300.129	954.901	
630	53.1063	300.086	954.559	
631	53.0892	300.083	954.56	
632	53.2211	300.124	954.369	
633	53.0698	300.081	954.663	
634	53.1367	300.109	954.71	
635	53.0945	300.102	954.814	
636	53.0816	300.068	954.365	
637	53.1254	300.108	954.761	
638	53.095	300.079	954.521	
639	53.134	300.112	954.771	
640	53.0748	300.092	954.792	
641	53.1293	300.106	954.698	
642	53.0801	300.094	954.794	
643	53.0538	300.073	954.627	
644	53.1181	300.103	954.763	
645	53.1173	300.1	954.684	
646	53.0946	300.099	954.808	
647	53.132	300.107	954.727	
648	52.931	299.935	953.349	
649	53.0793	300.058	954.316	
650	53.1257	300.101	954.7	
651	53.126	300.122	954.996	
652	53.1169	300.111	954.873	
653	53.1018	300.107	954.874	
654	52.9494	299.923	953.129	
655	53.1684	300.109	954.62	
656	53.2645	300.141	954.402	
657	53.1222	300.102	954.747	
658	53.1138	300.089	954.589	
659	52.9852	299.952	953.328	
660	53.1266	300.099	954.677	
661	53.1	300.096	954.759	
662	53.0839	300.079	954.609	
663	53.122	300.087	954.518	
664	53.0989	300.068	954.377	
665	53.1126	300.082	954.469	
666	53.1155	300.103	954.8	
667	53.1361	300.117	954.871	
668	52.9932	299.945	953.211	
669	53.0922	300.08	954.563	
670	53.141	300.108	954.714	
671	53.0968	300.096	954.784	
672	53.0099	299.954	953.26	
673	53.1077	300.094	954.71	
674	53.133	300.092	954.57	
675	52.9982	299.941	953.125	
676	53.1576	300.121	954.817	
677	52.9601	299.939	953.289	
678	53.0648	300.074	954.617	
679	53.1147	300.086	954.576	
680	53.1226	300.08	954.43	
681	53.1382	300.111	954.791	
682	53.0988	300.078	954.514	
683	53.1265	300.082	954.431	
684	53.1412	300.104	954.658	
685	53.1254	300.093	954.608	
686	53.1026	300.089	954.659	
687	53.1067	300.091	954.688	
688	53.1405	300.109	954.735	
689	53.0949	300.086	954.661	
690	53.1102	300.108	954.893	
691	53.1216	300.098	954.666	
692	52.9632	299.946	953.361	
693	53.0006	299.951	953.249	
694	53.1015	300.102	954.907	
695	53.1348	300.106	954.721	
696	53.0035	299.966	953.486	
697	53.1292	300.109	954.827	
698	53.1083	300.1	954.779	
699	53.094	300.079	954.566	
700	53.1036	300.107	954.844	
701	53.1544	300.107	954.677	
702	52.966	299.923	953.071	
703	53.141	300.096	954.614	
704	52.9562	299.924	953.128	
705	53.1338	300.1	954.69	
706	52.9822	299.952	953.339	
707	52.9474	299.901	952.893	
708	52.9908	299.95	953.301	
709	53.1627	300.108	954.633	
710	53.1529	300.103	954.634	
711	53.1793	300.123	954.819	
712	53.1385	300.092	954.572	
713	53.2058	300.117	954.36	
714	53.2113	300.12	954.455	
715	53.0969	300.077	954.545	
716	53.1263	300.104	954.784	
717	53.1814	300.122	954.749	
718	53.1209	300.084	954.563	
719	53.1667	300.129	954.938	
720	53.1615	300.095	954.467	
721	52.9734	299.911	952.881	
722	53.086	300.079	954.606	
723	53.112	300.103	954.809	
724	53.1417	300.114	954.822	
725	53.13	300.108	954.807	
726	53.1504	300.094	954.528	
727	53.1447	300.108	954.762	
728	53.1339	300.118	954.917	
729	53.1058	300.099	954.808	
730	53.1477	300.093	954.574	
731	52.9726	299.938	953.254	
732	53.1509	300.116	954.847	
733	53.1095	300.084	954.598	
734	53.1136	300.091	954.635	
735	53.16	300.117	954.794	
736	53.1273	300.101	954.723	
737	53.1443	300.116	954.857	
738	53.1099	300.095	954.677	
739	53.1764	300.118	954.711	
740	53.1096	300.083	954.593	
741	53.1247	300.099	954.705	
742	52.9976	299.936	953.17	
743	53.1485	300.105	954.719	
744	53.09	300.076	954.586	
745	53.1545	300.115	954.801	
746	53.1945	300.127	954.8	
747	53.2473	300.126	954.373	
748	52.9945	299.929	953.022	
749	53.1284	300.101	954.764	
750	53.2496	300.139	954.502	
751	53.2643	300.143	954.487	
752	52.9671	299.928	953.185	
753	53.1609	300.109	954.684	
754	52.922	299.909	953.108	
755	53.2532	300.135	954.435	
756	52.9996	299.931	953.078	
757	52.9711	299.927	953.165	
758	53.0552	299.959	953.23	
759	53.0967	300.072	954.506	
760	53.1684	300.118	954.816	
761	53.1207	300.105	954.823	
762	53.1249	300.106	954.79	
763	52.9622	299.925	953.085	
764	53.1154	300.094	954.603	
765	53.1355	300.09	954.531	
766	53.0973	300.106	954.925	
767	53.1012	300.084	954.679	
768	53.0634	300.085	954.778	
769	52.992	299.925	953.037	
770	53.2358	300.13	954.477	
771	52.9834	299.925	953.008	
772	53.2162	300.129	954.466	
773	53.1567	300.12	954.836	
774	53.1334	300.095	954.593	
775	53.1418	300.102	954.735	
776	53.1094	300.08	954.549	
777	53.137	300.099	954.67	
778	53.1309	300.1	954.691	
779	53.1315	300.109	954.819	
780	53.1294	300.107	954.889	
781	53.1037	300.097	954.926	
782	53.0651	299.969	953.34	
783	53.1292	300.081	954.498	
784	53.1515	300.115	954.779	
785	53.1813	300.132	954.966	
786	53.0867	300.062	954.409	
787	53.1149	300.088	954.669	
788	53.0631	300.064	954.536	
789	53.2456	300.126	954.308	
790	53.1014	300.084	954.624	
791	53.1438	300.107	954.8	
792	53.162	300.1	954.628	
793	53.1808	300.123	954.839	
794	53.1454	300.102	954.73	
795	53.0344	299.943	953.094	
796	53.1528	300.111	954.831	
797	53.1211	300.103	954.861	
798	52.9832	299.926	953.087	
799	53.1058	300.09	954.692	
800	53.114	300.102	954.782	
801	53.102	300.095	954.751	
802	53.1804	300.116	954.67	
803	53.15	300.109	954.734	
804	53.1998	300.135	954.884	
805	53.2577	300.139	954.53	
806	53.0122	299.935	953.113	
807	53.2633	300.115	954.122	
808	53.1365	300.1	954.603	
809	53.0681	299.932	952.644	
810	53.1701	300.114	954.719	
811	53.0796	300.078	954.633	
812	53.1236	300.098	954.68	
813	53.2731	300.154	954.591	
814	53.1488	300.103	954.686	
815	53.1396	300.085	954.44	
816	53.0964	300.085	954.681	
817	53.1481	300.12	954.912	
818	52.9489	299.924	953.21	
819	53.1305	300.084	954.52	
820	53.2646	300.135	954.383	
821	53.0051	299.938	953.138	
822	53.14	300.084	954.452	
823	53.1408	300.096	954.601	
824	52.9639	299.922	953.083	
825	53.1325	300.094	954.636	
826	53.1136	300.091	954.702	
827	53.2726	300.128	954.308	
828	53.1648	300.105	954.713	
829	52.9898	299.937	953.218	
830	53.1333	300.091	954.597	
831	53.2673	300.14	954.466	
832	53.114	300.077	954.532	
833	53.2259	300.136	954.603	
834	53.1871	300.117	954.684	
835	53.2901	300.163	954.62	
836	53.1749	300.102	954.516	
837	53.0907	300.078	954.617	
838	52.982	299.927	953.118	
839	53.1088	300.079	954.528	
840	53.1363	300.098	954.671	
841	53.1729	300.114	954.746	
842	53.0797	300.081	954.712	
843	53.1329	300.092	954.593	
844	53.1161	300.078	954.447	
845	53.2144	300.101	954.144	
846	53.1281	300.106	954.795	
847	53.1518	300.102	954.669	
848	53.0723	300.075	954.611	
849	53.1632	300.113	954.769	
850	53.1362	300.095	954.637	
851	53.1242	300.078	954.505	
852	53.1196	300.081	954.559	
853	53.1544	300.089	954.462	
854	53.1638	300.108	954.712	
855	52.9882	299.936	953.247	
856	53.1046	300.09	954.763	
857	53.0942	300.057	954.369	
858	53.1543	300.11	954.776	
859	53.1946	300.132	954.878	
860	53.0954	300.077	954.571	
861	53.1074	300.087	954.644	
862	53.1084	300.091	954.709	
863	53.1394	300.104	954.736	
864	53.1305	300.091	954.591	
865	52.952	299.897	952.881	
866	52.906	299.888	952.953	
867	53.1485	300.107	954.805	
868	53.0521	300.047	954.383	
869	53.1372	300.09	954.629	
870	52.9757	299.931	953.18	
871	53.0567	300.067	954.637	
872	53.1489	300.111	954.779	
873	53.1283	300.093	954.614	
874	53.1293	300.107	954.817	
875	53.0374	299.962	953.316	
876	53.1009	300.083	954.62	
877	53.0692	300.053	954.391	
878	52.9828	299.936	953.157	
879	53.1077	300.084	954.594	
880	53.1361	300.113	954.889	
881	53.1563	300.103	954.647	
882	53.1539	300.111	954.777	
883	53.2694	300.136	954.418	
884	53.1652	300.114	954.792	
885	52.976	299.943	953.326	
886	53.1356	300.097	954.7	
887	53.1712	300.117	954.761	
888	53.0571	299.954	953.159	
889	53.117	300.093	954.692	
890	53.1604	300.114	954.792	
891	53.1084	300.087	954.671	
892	53.1872	300.122	954.798	
893	52.9504	299.923	953.165	
894	53.1177	300.083	954.54	
895	53.1522	300.113	954.838	
896	53.1451	300.106	954.742	
897	53.1515	300.102	954.651	
898	53.1371	300.092	954.584	
899	53.2385	300.12	954.294	
900	52.97	299.93	953.172	
901	52.9535	299.914	953.044	
902	53.168	300.108	954.673	
903	52.998	299.926	953.029	
904	53.2669	300.137	954.422	
905	53.1415	300.091	954.54	
906	52.9749	299.919	953.006	
907	53.1409	300.102	954.716	
908	53.2782	300.144	954.476	
909	53.12	300.08	954.468	
910	53.1769	300.111	954.649	
911	53.2883	300.156	954.566	
912	53.3061	300.144	954.332	
913	53.1458	300.092	954.533	
914	53.2685	300.141	954.462	
915	53.216	300.142	954.905	
916	53.0916	300.08	954.656	
917	53.1381	300.107	954.771	
918	53.1217	300.094	954.76	
919	53.1571	300.096	954.523	
920	53.1684	300.128	954.909	
921	53.2431	300.117	954.245	
922	53.1315	300.082	954.477	
923	53.0981	300.074	954.529	
924	53.1091	300.089	954.661	
925	53.2316	300.114	954.263	
926	53.1389	300.087	954.468	
927	53.1488	300.091	954.53	
928	53.298	300.148	954.473	
929	53.2694	300.151	954.575	
930	53.1109	300.078	954.5	
931	53.0171	299.945	953.133	
932	53.1393	300.092	954.565	
933	53.1216	300.091	954.641	
934	53.1334	300.099	954.681	
935	53.1862	300.116	954.676	
936	53.239	300.124	954.374	
937	53.1578	300.108	954.705	
938	53.1283	300.084	954.509	
939	53.1656	300.123	954.853	
940	53.1519	300.098	954.606	
941	53.3321	300.172	954.573	
942	53.1842	300.113	954.673	
943	53.2388	300.138	954.576	
944	53.2457	300.107	954.127	
945	53.1426	300.113	954.88	
946	53.2552	300.136	954.478	
947	53.1403	300.11	954.761	
948	53.1599	300.117	954.739	
949	53.263	300.128	954.341	
950	53.0744	300.056	954.42	
951	53.2163	300.121	954.37	
952	53.19	300.109	954.549	
953	53.1188	300.089	954.648	
954	52.9955	299.938	953.174	
955	53.1337	300.087	954.533	
956	53.2624	300.131	954.369	
957	53.1669	300.111	954.714	
958	53.1843	300.118	954.728	
959	53.1326	300.083	954.455	
960	53.1228	300.083	954.505	
961	53.1816	300.119	954.731	
962	53.1573	300.117	954.828	
963	53.2876	300.127	954.198	
964	53.1278	300.083	954.556	
965	53.1807	300.124	954.828	
966	53.1594	300.115	954.784	
967	53.1355	300.094	954.598	
968	53.2662	300.128	954.27	
969	53.0051	299.949	953.332	
970	53.1014	299.96	952.846	
971	53.097	300.074	954.515	
972	53.2624	300.142	954.471	
973	53.1529	300.113	954.81	
974	53.132	300.099	954.726	
975	53.1529	300.098	954.578	
976	53.1296	300.103	954.753	
977	53.121	300.091	954.621	
978	53.2422	300.124	954.304	
979	53.1498	300.113	954.77	
980	53.1265	300.097	954.699	
981	53.1532	300.108	954.744	
982	53.0257	299.951	953.243	
983	53.153	300.11	954.778	
984	53.1555	300.1	954.643	
985	53.2888	300.146	954.497	
986	53.107	300.098	954.833	
987	53.0836	299.928	952.516	
988	52.9196	299.889	952.877	
989	53.1921	300.104	954.446	
990	53.1428	300.099	954.647	
991	52.9968	299.934	953.13	
992	53.2394	300.113	954.221	
993	53.1434	300.084	954.431	
994	53.1679	300.111	954.723	
995	52.9799	299.914	952.908	
996	53.1238	300.079	954.469	
997	53.2229	300.096	954.063	
998	53.1946	300.117	954.678	
999	53.259	300.111	954.12	
1000	53.237	300.128	954.466	
