p1 [584.3228149414063, 557.1199951171875, 535.413818359375, 558.2946166992188;
 540.0551147460938, 561.3280029296875, 506.75, 500.7053527832031]
p2 [737.584716796875, 710.5213623046875, 687.81982421875, 710.7941284179688;
 562.7796630859375, 584.5469970703125, 530.4414672851563, 523.9509887695313]
p1 [584.3228149414063, 557.1199951171875, 535.365234375, 558.2946166992188;
 540.0551147460938, 561.3280029296875, 506.7304382324219, 500.7053527832031]
p2 [737.5811767578125, 710.5213623046875, 687.8392944335938, 710.7941284179688;
 562.7265014648438, 584.5469970703125, 530.3928833007813, 523.9509887695313]
p1 [584.3228149414063, 557.1199951171875, 535.365234375, 558.2946166992188;
 540.0551147460938, 561.3280029296875, 506.7304382324219, 500.7053527832031]
p2 [737.5811767578125, 710.5213623046875, 687.81982421875, 710.7941284179688;
 562.7265014648438, 584.5469970703125, 530.4414672851563, 523.9509887695313]
p1 [584.3125, 557.1451416015625, 535.365234375, 558.2946166992188;
 540.0078125, 561.3709716796875, 506.7304382324219, 500.7053527832031]
p2 [737.5811767578125, 710.5213623046875, 687.8392944335938, 710.7941284179688;
 562.7265014648438, 584.5469970703125, 530.3928833007813, 523.9509887695313]
p1 [584.3729858398438, 557.1451416015625, 535.365234375, 558.2946166992188;
 540.047607421875, 561.3709716796875, 506.7304382324219, 500.7053527832031]
p2 [737.584716796875, 710.5213623046875, 687.8392944335938, 710.7941284179688;
 562.7796630859375, 584.5469970703125, 530.3928833007813, 523.9509887695313]
p1 [584.3228149414063, 557.1199951171875, 535.365234375, 558.3274536132813;
 540.0551147460938, 561.3280029296875, 506.7304382324219, 500.6637268066406]
p2 [737.584716796875, 710.5213623046875, 687.81982421875, 710.7941284179688;
 562.7796630859375, 584.5469970703125, 530.4414672851563, 523.9509887695313]
p1 [584.3228149414063, 557.1451416015625, 535.365234375, 558.368408203125;
 540.0551147460938, 561.3709716796875, 506.7304382324219, 500.631591796875]
p2 [737.584716796875, 710.5213623046875, 687.81982421875, 710.7941284179688;
 562.7796630859375, 584.5469970703125, 530.4414672851563, 523.9509887695313]
p1 [584.3228149414063, 557.1199951171875, 535.365234375, 558.3421020507813;
 540.0551147460938, 561.3280029296875, 506.7304382324219, 500.6140441894531]
p2 [737.5897216796875, 710.5213623046875, 687.81982421875, 710.7941284179688;
 562.8290405273438, 584.5469970703125, 530.4414672851563, 523.9509887695313]
p1 [584.3125, 557.1370849609375, 535.413818359375, 558.2946166992188;
 540.0078125, 561.2822875976563, 506.75, 500.7053527832031]
p2 [737.584716796875, 710.5213623046875, 687.8392944335938, 710.7941284179688;
 562.7796630859375, 584.5469970703125, 530.3928833007813, 523.9509887695313]
p1 [584.3228149414063, 557.1199951171875, 535.365234375, 558.3274536132813;
 540.0551147460938, 561.3280029296875, 506.7304382324219, 500.6637268066406]
p2 [737.5811767578125, 710.5213623046875, 687.8392944335938, 710.7941284179688;
 562.7265014648438, 584.5469970703125, 530.3928833007813, 523.9509887695313]
p1 [584.3228149414063, 557.1199951171875, 535.365234375, 558.3274536132813;
 540.0551147460938, 561.3280029296875, 506.7304382324219, 500.6637268066406]
p2 [737.584716796875, 710.5213623046875, 687.81982421875, 710.7941284179688;
 562.7796630859375, 584.5469970703125, 530.4414672851563, 523.9509887695313]
p1 [584.3125, 557.1199951171875, 535.365234375, 558.3097534179688;
 540.0078125, 561.3280029296875, 506.7304382324219, 500.6548767089844]
p2 [737.584716796875, 710.5213623046875, 687.81982421875, 710.7941284179688;
 562.7796630859375, 584.5469970703125, 530.4414672851563, 523.9509887695313]
p1 [584.3228149414063, 557.1199951171875, 535.365234375, 558.3274536132813;
 540.0551147460938, 561.3280029296875, 506.7304382324219, 500.6637268066406]
p2 [737.5811767578125, 710.5213623046875, 687.81982421875, 710.7941284179688;
 562.7265014648438, 584.5469970703125, 530.4414672851563, 523.9509887695313]
p1 [584.3729858398438, 557.0968017578125, 535.413818359375, 558.2946166992188;
 540.047607421875, 561.3709716796875, 506.75, 500.7053527832031]
p2 [737.586181640625, 710.5213623046875, 687.81982421875, 710.7941284179688;
 562.77587890625, 584.5469970703125, 530.4414672851563, 523.9509887695313]
p1 [584.3228149414063, 557.16259765625, 535.365234375, 558.3274536132813;
 540.0551147460938, 561.3251953125, 506.7304382324219, 500.6637268066406]
p2 [737.5811767578125, 710.5213623046875, 687.81982421875, 710.7941284179688;
 562.7265014648438, 584.5469970703125, 530.4414672851563, 523.9509887695313]
p1 [584.3228149414063, 557.1199951171875, 535.365234375, 558.3274536132813;
 540.0551147460938, 561.3280029296875, 506.7304382324219, 500.6637268066406]
p2 [737.584716796875, 710.559326171875, 687.81982421875, 710.7941284179688;
 562.7796630859375, 584.584716796875, 530.4414672851563, 523.9509887695313]
p1 [584.3228149414063, 557.0975341796875, 535.365234375, 558.368408203125;
 540.0551147460938, 561.3902587890625, 506.7304382324219, 500.631591796875]
p2 [737.5811767578125, 710.5213623046875, 687.81982421875, 710.7941284179688;
 562.7265014648438, 584.5469970703125, 530.4414672851563, 523.9509887695313]
p1 [584.3729858398438, 557.1199951171875, 535.365234375, 558.2946166992188;
 540.047607421875, 561.3280029296875, 506.7304382324219, 500.7053527832031]
p2 [737.5811767578125, 710.5213623046875, 687.81982421875, 710.7941284179688;
 562.7265014648438, 584.5469970703125, 530.4414672851563, 523.9509887695313]
p1 [584.3228149414063, 557.0725708007813, 535.365234375, 558.3274536132813;
 540.0551147460938, 561.3468017578125, 506.7304382324219, 500.6637268066406]
p2 [737.5811767578125, 710.5213623046875, 687.81982421875, 710.7941284179688;
 562.7265014648438, 584.5469970703125, 530.4414672851563, 523.9509887695313]
p1 [584.3228149414063, 557.1199951171875, 535.413818359375, 558.2946166992188;
 540.0551147460938, 561.3280029296875, 506.75, 500.7053527832031]
p2 [737.5897216796875, 710.5213623046875, 687.81982421875, 710.7941284179688;
 562.8290405273438, 584.5469970703125, 530.4414672851563, 523.9509887695313]
p1 [584.3228149414063, 557.0975341796875, 535.365234375, 558.2946166992188;
 540.0551147460938, 561.3902587890625, 506.7304382324219, 500.7053527832031]
p2 [737.5897216796875, 710.5213623046875, 687.8392944335938, 710.7941284179688;
 562.8290405273438, 584.5469970703125, 530.3928833007813, 523.9509887695313]
p1 [584.2734375, 557.1199951171875, 535.413818359375, 558.2946166992188;
 540.046875, 561.3280029296875, 506.75, 500.7053527832031]
p2 [737.584716796875, 710.5213623046875, 687.81982421875, 710.7941284179688;
 562.7796630859375, 584.5469970703125, 530.4414672851563, 523.9509887695313]
p1 [584.3228149414063, 557.1451416015625, 535.413818359375, 558.2946166992188;
 540.0551147460938, 561.3709716796875, 506.75, 500.7053527832031]
p2 [737.584716796875, 710.5213623046875, 687.8392944335938, 710.7941284179688;
 562.7796630859375, 584.5469970703125, 530.3928833007813, 523.9509887695313]
p1 [584.2734375, 557.1199951171875, 535.365234375, 558.2946166992188;
 540.046875, 561.3280029296875, 506.7304382324219, 500.7053527832031]
p2 [737.584716796875, 710.559326171875, 687.81982421875, 710.7941284179688;
 562.7796630859375, 584.584716796875, 530.4414672851563, 523.9509887695313]
p1 [584.3228149414063, 557.1451416015625, 535.413818359375, 558.3274536132813;
 540.0551147460938, 561.3709716796875, 506.75, 500.6637268066406]
p2 [737.584716796875, 710.5213623046875, 687.81982421875, 710.7941284179688;
 562.7796630859375, 584.5469970703125, 530.4414672851563, 523.9509887695313]
p1 [584.3228149414063, 557.1451416015625, 535.365234375, 558.2946166992188;
 540.0551147460938, 561.3709716796875, 506.7304382324219, 500.7053527832031]
p2 [737.584716796875, 710.5213623046875, 687.81982421875, 710.7941284179688;
 562.7796630859375, 584.5469970703125, 530.4414672851563, 523.9509887695313]
p1 [584.3228149414063, 557.1199951171875, 535.365234375, 558.2946166992188;
 540.0551147460938, 561.3280029296875, 506.7304382324219, 500.7053527832031]
p2 [737.5811767578125, 710.5213623046875, 687.7636108398438, 710.7941284179688;
 562.7265014648438, 584.5469970703125, 530.4454345703125, 523.9509887695313]
p1 [584.3671875, 557.1451416015625, 535.365234375, 558.2946166992188;
 540.03125, 561.3709716796875, 506.7304382324219, 500.7053527832031]
p2 [737.584716796875, 710.5213623046875, 687.81982421875, 710.7941284179688;
 562.7796630859375, 584.5469970703125, 530.4414672851563, 523.9509887695313]
p1 [584.3125, 557.1199951171875, 535.365234375, 558.3274536132813;
 540.0078125, 561.3280029296875, 506.7304382324219, 500.6637268066406]
p2 [737.584716796875, 710.5213623046875, 687.7636108398438, 710.7941284179688;
 562.7796630859375, 584.5469970703125, 530.4454345703125, 523.9509887695313]
p1 [584.3228149414063, 557.0975341796875, 535.413818359375, 558.2946166992188;
 540.0551147460938, 561.3902587890625, 506.75, 500.7053527832031]
p2 [737.584716796875, 710.5213623046875, 687.81982421875, 710.7941284179688;
 562.7796630859375, 584.5469970703125, 530.4414672851563, 523.9509887695313]
p1 [584.3228149414063, 557.1199951171875, 535.365234375, 558.2946166992188;
 540.0551147460938, 561.3280029296875, 506.7304382324219, 500.7053527832031]
p2 [737.5897216796875, 710.5213623046875, 687.7636108398438, 710.7941284179688;
 562.8290405273438, 584.5469970703125, 530.4454345703125, 523.9509887695313]
p1 [584.3228149414063, 557.1199951171875, 535.413818359375, 558.2946166992188;
 540.0551147460938, 561.3280029296875, 506.75, 500.7053527832031]
p2 [737.584716796875, 710.5213623046875, 687.81982421875, 710.7941284179688;
 562.7796630859375, 584.5469970703125, 530.4414672851563, 523.9509887695313]
p1 [584.3228149414063, 557.1199951171875, 535.413818359375, 558.3274536132813;
 540.0551147460938, 561.3280029296875, 506.75, 500.6637268066406]
p2 [737.5811767578125, 710.5213623046875, 687.81982421875, 710.7941284179688;
 562.7265014648438, 584.5469970703125, 530.4414672851563, 523.9509887695313]
p1 [584.3228149414063, 557.0975341796875, 535.365234375, 558.3274536132813;
 540.0551147460938, 561.3902587890625, 506.7304382324219, 500.6637268066406]
p2 [737.584716796875, 710.5213623046875, 687.81982421875, 710.7941284179688;
 562.7796630859375, 584.5469970703125, 530.4414672851563, 523.9509887695313]
p1 [584.3729858398438, 557.1451416015625, 535.413818359375, 558.2946166992188;
 540.047607421875, 561.3709716796875, 506.75, 500.7053527832031]
p2 [737.584716796875, 710.5213623046875, 687.81982421875, 710.7941284179688;
 562.7796630859375, 584.5469970703125, 530.4414672851563, 523.9509887695313]
p1 [584.3729858398438, 557.1199951171875, 535.413818359375, 558.2946166992188;
 540.047607421875, 561.3280029296875, 506.75, 500.7053527832031]
p2 [737.5897216796875, 710.5213623046875, 687.81982421875, 710.7941284179688;
 562.8290405273438, 584.5469970703125, 530.4414672851563, 523.9509887695313]
p1 [584.3228149414063, 557.1199951171875, 535.413818359375, 558.2946166992188;
 540.0551147460938, 561.3280029296875, 506.75, 500.7053527832031]
p2 [737.584716796875, 710.5213623046875, 687.81982421875, 710.7941284179688;
 562.7796630859375, 584.5469970703125, 530.4414672851563, 523.9509887695313]
p1 [584.3228149414063, 557.1199951171875, 535.365234375, 558.2946166992188;
 540.0551147460938, 561.3280029296875, 506.7304382324219, 500.7053527832031]
p2 [737.584716796875, 710.5213623046875, 687.81982421875, 710.7941284179688;
 562.7796630859375, 584.5469970703125, 530.4414672851563, 523.9509887695313]
p1 [584.3729858398438, 557.1199951171875, 535.365234375, 558.3274536132813;
 540.047607421875, 561.3280029296875, 506.7304382324219, 500.6637268066406]
p2 [737.584716796875, 710.5213623046875, 687.7636108398438, 710.7941284179688;
 562.7796630859375, 584.5469970703125, 530.4454345703125, 523.9509887695313]
p1 [584.3228149414063, 557.1199951171875, 535.365234375, 558.2946166992188;
 540.0551147460938, 561.3280029296875, 506.7304382324219, 500.7053527832031]
p2 [737.5811767578125, 710.559326171875, 687.81982421875, 710.7941284179688;
 562.7265014648438, 584.584716796875, 530.4414672851563, 523.9509887695313]
p1 [584.3729858398438, 557.0725708007813, 535.365234375, 558.3274536132813;
 540.047607421875, 561.3468017578125, 506.7304382324219, 500.6637268066406]
p2 [737.5811767578125, 710.5213623046875, 68