	[-204.568513689024, 217.039175421877, 1033.479757083923]
	[-204.9127206792329, 217.0611668699577, 1033.366424559123]
	[-204.6928477976455, 218.0422746401595, 1031.856134605533]
	[-205.2177334317067, 217.8916444568802, 1031.977609741191]
	[-205.5200649237806, 218.2068481971741, 1031.311367881568]
	[-205.0265871936265, 217.8789005606964, 1031.90405827043]
	[-205.2690116321669, 218.023618176053, 1031.662597407942]
	[-204.5753775631294, 217.8374558543872, 1032.043126590356]
	[-205.1834619335998, 218.1108150900134, 1031.483046715295]
	[-205.2392726142172, 218.1491220390363, 1031.470522485146]
	[-204.6203296486252, 217.4139064133515, 1032.759377469809]
	[-204.8582314894474, 217.4574897466584, 1032.66563004982]
	[-204.8982639972035, 217.422327788149, 1032.697272421231]
	[-204.985543329834, 218.1439321794473, 1031.519956249764]
	[-204.8514621419078, 217.674632370517, 1032.276864681783]
	[-205.0645735697022, 217.6769761500468, 1032.270079590445]
	[-205.0710275526029, 218.0212384113974, 1031.659630116624]
	[-204.5659306993092, 217.199374410115, 1033.197180610782]
	[-205.2502043677719, 217.9314681890651, 1031.828785553889]
	[-203.8370346477112, 218.7559417001802, 1030.399564137126]
	[-204.8074511375569, 217.4012361402327, 1032.743039313175]
	[-204.7273807041179, 217.8760805367057, 1032.022155586254]
	[-204.9768992292629, 218.1138563411942, 1031.498375634355]
	[-204.8564379807471, 217.6703958279894, 1032.270659092912]
	[-204.8165989456307, 217.6355266189071, 1032.408646706507]
	[-204.6619258639274, 218.0259207413344, 1031.738735483785]
	[-204.6997039798528, 217.8280046794216, 1032.111641465887]
	[-204.2685921021492, 217.7916123554954, 1032.22427464263]
	[-204.600324837223, 217.1982254653255, 1033.154728017537]
	[-204.5422770057633, 217.575749321431, 1032.606401206878]
	[-204.7255265748767, 217.9207452902027, 1031.910977026041]
	[-204.6789253455454, 217.7735028171977, 1032.251772421637]
	[-204.633323039837, 217.703095480107, 1032.296296267233]
	[-204.8750043541154, 217.8542557914118, 1032.039078004967]
	[-204.5838600141506, 217.2042684463227, 1033.171939307076]
	[-204.6850463152254, 217.6064846406981, 1032.448003582755]
	[-204.9072269932608, 217.8605526099051, 1032.013649736092]
	[-204.4655063551023, 217.6165583502571, 1032.517754518215]
	[-204.8861717805639, 217.9265084346144, 1031.994793434125]
	[-204.7012718388132, 217.8724317333068, 1032.048728766319]
	[-204.4672706195384, 217.4049167841923, 1032.911240680002]
	[-204.9844678115188, 218.0946935540005, 1031.575565175289]
	[-204.6411135945943, 218.0708670433799, 1031.702273617555]
	[-204.7499933748751, 217.8850567908364, 1032.001831949299]
	[-204.6973731711764, 218.0352061163767, 1031.726406128711]
	[-204.5842153005134, 217.8545099251677, 1032.068945104311]
	[-204.9678320549672, 218.0750742629683, 1031.567203088215]
	[-204.842718297203, 217.8420842870359, 1032.065804433108]
	[-204.5573839883823, 217.4076633592872, 1032.798632369188]
	[-204.7508361548288, 217.6523135551618, 1032.365876592359]
	[-204.9678320549672, 218.0750742629683, 1031.567203088215]
	[-204.7903778419092, 217.64997456645, 1032.324272236002]
	[-204.7513245304653, 217.880597652069, 1032.003267336022]
	[-204.6083878830527, 217.8539314276868, 1032.125313194702]
	[-204.6426762962589, 217.4829809945861, 1032.656081166187]
	[-204.7864514702639, 217.8651826553435, 1031.944090963575]
	[-204.4719205477409, 217.5993651427623, 1032.482062297322]
	[-204.7960338392705, 217.9279008492542, 1031.946520599345]
	[-204.4203552194607, 217.5927732871895, 1032.526926701806]
	[-204.5237053287318, 217.4813389134794, 1032.670152267452]
	[-204.4802238830118, 217.9578924169218, 1031.963863808772]
	[-204.5602096529777, 218.0083112855473, 1031.835704240714]
	[-204.4878614086969, 218.0377471483849, 1031.830590996392]
	[-204.5529587676937, 217.6035731355237, 1032.423516530655]
	[-204.4662907947495, 217.9244853855358, 1032.08051792521]
	[-204.6556607637764, 218.2469011741892, 1031.466423869638]
	[-204.6709682255805, 218.206705267478, 1031.594679116583]
	[-204.8309422280067, 217.8783652173225, 1032.078415990504]
	[-204.363206053011, 217.7431033252249, 1032.43127802461]
	[-204.4098810872496, 217.6969403715825, 1032.445655332034]
	[-204.4081693245435, 217.9213455580402, 1032.042049419482]
	[-204.3050939608413, 217.5260634531356, 1032.756217233581]
	[-204.4518824321773, 217.6131740105811, 1032.539071697538]
	[-204.3123613556863, 217.4803707219315, 1032.753888761344]
	[-204.5750005180235, 218.0571386541297, 1031.761302593822]
	[-204.4931165703902, 218.0448356715033, 1031.828060317598]
	[-204.6450032192123, 217.8863587064492, 1032.077022014347]
	[-204.3332747924238, 217.2385036596776, 1033.106786848909]
	[-204.6122747090011, 217.4077345890778, 1032.763420467356]
	[-204.6112811373208, 217.9261805549046, 1032.037751523218]
	[-204.5452431997115, 218.0673139438446, 1031.815484179111]
	[-204.4130888888702, 217.6992821585642, 1032.399444138903]
	[-204.224440941308, 217.6177521563899, 1032.627267598257]
	[-204.5683933777777, 218.3480137674823, 1031.412164741128]
	[-204.9747837144117, 217.4096056824411, 1032.84711335478]
	[-204.5128557963181, 217.6014961084295, 1032.458868682444]
	[-204.5436560276764, 217.6281354256415, 1032.543076647366]
	[-204.5670845034902, 217.629584000088, 1032.522597163927]
	[-204.3542752026713, 217.66521966794, 1032.533994648343]
	[-204.547287394162, 218.212028864868, 1031.526236453401]
	[-204.6676245791975, 218.0295730752271, 1031.751869787473]
	[-204.7112719146634, 217.6611170125385, 1032.445382847108]
	[-204.7630052221289, 217.8829307969275, 1031.991623153662]
	[-205.0935552935614, 217.6870506852681, 1032.257161412676]
	[-204.8118923867703, 217.6025933004996, 1032.511274719974]
	[-204.9946626884228, 217.6576836522776, 1032.327781164369]
	[-204.696799895263, 217.8450190671593, 1032.018020473472]
	[-204.4080284736312, 217.1961298033556, 1033.175113016371]
	[-205.0980551567165, 218.1108871055042, 1031.566007708984]
	[-204.5468087854134, 217.4520883426931, 1032.719672843792]
	[-204.7066202185363, 217.855383890641, 1032.040443329003]
	[-205.0217328396695, 217.901552098566, 1031.821882342843]
	[-204.4294917430538, 216.9463395457202, 1033.546667650877]
	[-204.2682224741366, 217.0305681653445, 1033.651099485443]
	[-204.2990732384584, 217.6582384034982, 1032.57527340305]
	[-204.6401691292125, 218.3475205941026, 1031.249219803308]
	[-204.256238406181, 217.9448870986297, 1032.061791671502]
	[-204.7487430588654, 217.8206688858921, 1032.044085744214]
	[-204.6769916265601, 217.8700906805113, 1032.008677042634]
	[-204.6878191406188, 217.7605125132058, 1032.23535118311]
	[-204.4760283826182, 217.4541713279953, 1032.820862570928]
	[-204.5848308335044, 218.0604393945019, 1031.778456972095]
	[-204.1635665824075, 217.3070997651888, 1033.094115780054]
	[-204.4162439466822, 217.8968253936388, 1032.22803500884]
	[-204.7801795277347, 217.9488354254691, 1031.834913729384]
	[-204.5717610687615, 217.9016894862329, 1032.069994908112]
	[-204.3641270274861, 217.8721492146399, 1032.166280102143]
	[-204.4724488357992, 217.855033540164, 1032.30785912903]
	[-204.6594321831587, 217.3946984940728, 1032.815646522013]
	[-204.9011917961343, 217.6803073723113, 1032.394513421573]
	[-204.999341572647, 218.2032958345985, 1031.356807404082]
	[-204.6506168941009, 217.9356965068212, 1032.03543769155]
	[-205.0012714763166, 218.1297744616261, 1031.444110114946]
	[-204.3565779529183, 217.7081953082355, 1032.409590065535]
	[-204.53605886618, 217.5221231680408, 1032.648088091663]
	[-204.4776282416478, 217.8702740024569, 1032.105939739929]
	[-204.6213733506074, 217.7951060638028, 1032.225816840976]
	[-204.7255432907521, 217.9462451995504, 1031.970280804082]
	[-204.651166398185, 217.9753953887307, 1031.979380722775]
	[-204.8060459039204, 218.0481001977261, 1031.733838462103]
	[-204.67980281607, 217.8511363686754, 1032.035451724256]
	[-204.584127707237, 218.1604975369952, 1031.748896008059]
	[-204.6702546812354, 217.8731823531538, 1032.053464086756]
	[-204.7249288281376, 217.6641297979717, 1032.303662741717]
	[-204.5845724589254, 217.6563470307782, 1032.51888197178]
	[-204.3716651180256, 217.7095675826532, 1032.38560526793]
	[-204.5306403752895, 218.0705578671639, 1031.862594591934]
	[-204.6951542846942, 217.4934902092888, 1032.744487571642]
	[-204.5981591049912, 217.9502093469834, 1031.970174709183]
	[-204.4482595390161, 217.9782672081859, 1031.90071846072]
	[-204.2591719127269, 217.5672704966457, 1032.693316892463]
	[-204.5650003194637, 217.7693841738468, 1032.163070830707]
	[-204.829018351192, 217.9999454215042, 1031.725705992842]
	[-205.0038506021281, 218.3440293127427, 1031.185515337443]
	[-204.8169010492749, 218.4065449021582, 1031.1522474336]
	[-204.3023835806954, 217.9472814256386, 1032.019749728313]
	[-204.3757237922011, 217.4263150623362, 1032.86175922705]
	[-204.0118425638416, 217.5930835566583, 1032.726406072676]
	[-204.5334890493891, 217.8017830841389, 1032.268270199077]
	[-204.18417067327, 217.873804021933, 1032.20941765931]
	[-204.3617080118036, 217.6688954934094, 1032.561798730729]
	[-204.8397030380987, 218.436734104011, 1031.051184917201]
	[-204.7243086242588, 217.6096472940081, 1032.484715924589]
	[-204.371925576137, 217.6939127795754, 1032.444778008473]
	[-204.1571509791335, 217.1655010288396, 1033.430535910285]
	[-204.3777579257641, 217.6051489994769, 1032.634704665703]
	[-204.5283224055544, 217.8947066302015, 1032.022935123223]
	[-204.5449471557739, 217.6836387460155, 1032.444377216838]
	[-204.7160221282456, 217.9018409909038, 1032.045647609312]
	[-204.7674377612587, 217.9562248927433, 1031.949736420447]
	[-204.6037414580819, 217.6542258101865, 1032.500775191277]
	[-204.3451663638318, 217.8734439488336, 1032.183856294824]
	[-204.4542244043078, 217.6818280034771, 1032.48400629627]
	[-204.4049214164458, 217.5420267157309, 1032.756941347957]
	[-204.5490920801932, 218.2680245720199, 1031.506168352568]
	[-204.7424809118435, 217.8899912753949, 1031.996343900184]
	[-204.736954965666, 217.9017571671902, 1032.074911302812]
	[-204.5792725739586, 217.5656149802802, 1032.531204290291]
	[-204.733402794541, 217.4083022928414, 1032.754746131076]
	[-204.5825687564416, 217.3815557443332, 1032.890508650047]
	[-204.778140519388, 218.0425736218812, 1031.726481728829]
	[-204.7199251581746, 217.6423483588762, 1032.465315525517]
	[-204.7936300085104, 217.8868557611985, 1031.908126364425]
	[-204.8625093828126, 217.7831275863947, 1032.107959597203]
	[-205.0697687582573, 217.9609560399549, 1031.803043535029]
	[-204.6485214127614, 217.6549618634574, 1032.337389420627]
	[-205.0419150478932, 217.9365835174744, 1031.793135786886]
	[-204.9811839942076, 217.9460596206442, 1031.880231565304]
	[-205.0045691035666, 218.0227306834669, 1031.642095581025]
	[-204.6607077093772, 217.5273538077538, 1032.584904121169]
	[-205.0079628444946, 218.1551170750627, 1031.461096786495]
	[-204.8471835561396, 217.6833339373825, 1032.245668713147]
	[-205.0219032322054, 217.7316139852599, 1032.205786962448]
	[-204.6344010295395, 217.6954772450089, 1032.284292784593]
	[-204.5177374864923, 217.5553785129912, 1032.615320086277]
	[-205.072069016289, 217.9015239159252, 1031.913947651748]
	[-204.6451676523792, 217.4342029689093, 1032.778928480309]
	[-204.6143780929978, 217.4903580458144, 1032.695185574874]
	[-204.7761227385268, 217.9873460531947, 1031.765469913204]
	[-204.8455391496157, 217.5193884741715, 1032.627851122468]
	[-204.7402332637279, 217.9806637609606, 1031.795936282718]
	[-204.8514864837826, 218.2203988281646, 1031.412736106779]
	[-204.813370832947, 217.9012452728699, 1031.9163526582]
	[-204.9965504720788, 217.9330400879583, 1031.833525708136]
	[-204.8773776432166, 217.9843946019655, 1031.758846343655]
	[-204.8492940400197, 217.9079313544022, 1031.885868213015]
	[-205.0438892676325, 218.1621002266374, 1031.429953772262]
	[-204.6431293402843, 217.8749264367205, 1032.060866098167]
	[-204.7610628247704, 217.6874756716621, 1032.332256130156]
	[-204.9606269598026, 218.0333219105193, 1031.713806084795]
	[-204.8273911271181, 217.97926115637, 1031.766775029411]
	[-204.4896606472225, 217.6218949340103, 1032.488362484917]
	[-204.7493212564733, 217.7572578823423, 1032.17160720895]
	[-204.7901866289007, 217.9851996478154, 1031.788985909905]
	[-204.6684165638519, 218.0079842415559, 1031.825958750458]
	[-204.970542420696, 218.2413831827733, 1031.309349376911]
	[-204.3171031461268, 217.7414542818892, 1032.36805246011]
	[-205.0800056557529, 217.8259777334142, 1032.007625342516]
	[-204.7555929971982, 217.686292832414, 1032.359282875439]
	[-204.4769514676856, 217.5399508208291, 1032.625958579004]
	[-204.9285176259961, 218.0236024559234, 1031.777498646253]
	[-205.0079628444946, 218.1551170750627, 1031.461096786495]
	[-204.8186224965749, 217.6641923258512, 1032.318191574572]
	[-204.8876083705957, 217.8555979137254, 1031.96541446651]
	[-204.8094191504604, 217.681610346485, 1032.359658258584]
	[-204.742068039035, 217.4303148762548, 1032.663480360573]
	[-204.3439464223585, 217.7498859068822, 1032.336894335527]
	[-204.7083884535355, 217.6496283700064, 1032.333602447484]
	[-204.953540669381, 217.9771871337753, 1031.834362928117]
	[-204.5973028983921, 217.7814153008831, 1032.134144732142]
	[-204.4137073175633, 217.6247620456539, 1032.474539944088]
	[-204.7797262755176, 217.938089797349, 1031.878061204615]
	[-205.0776860309875, 217.9433119851062, 1031.762523909751]
	[-204.900535277946, 217.8998261317011, 1031.887179449676]
	[-204.7436770355826, 217.9656209993116, 1031.838423448252]
	[-204.9871924833914, 217.9462911876398, 1031.874752838445]
	[-204.7421407759847, 217.9781157781881, 1031.830431153749]
	[-204.7717133139436, 217.7020915753702, 1032.252968310393]
	[-205.026622547391, 217.8977533951424, 1031.954733446297]
	[-204.6359462235496, 217.4553506781293, 1032.725552612739]
	[-204.7938824305182, 217.8168618676294, 1032.1650693319]
	[-204.8145016602072, 217.9350715194658, 1031.845028772091]
	[-204.4852344865131, 217.8871541580252, 1032.123770300276]
	[-205.0090358704611, 218.1890833591183, 1031.389299501501]
	[-204.9648453886807, 218.0885816955122, 1031.611569321372]
	[-204.8492940400197, 217.9079313544022, 1031.885868213015]
	[-204.6827485005171, 217.4904313593081, 1032.723310917015]
	[-204.7570324206895, 217.6859873895016, 1032.357857555038]
	[-204.8159870851302, 217.7758155263537, 1032.147771662392]
	[-204.6116233251775, 217.5224452602294, 1032.716140191794]
	[-204.4062436617621, 217.5701861741245, 1032.592853880358]
	[-204.6627788708489, 217.9105594822768, 1032.010109426632]
	[-204.6948160778305, 217.977155096695, 1031.836155923562]
	[-204.8605084554551, 218.3909341342673, 1031.151072803611]
	[-204.8925788215767, 218.1717350926897, 1031.491351128429]
	[-204.3982007998034, 217.5334027177107, 1032.667792890932]
	[-204.7917984335748, 217.5003200585698, 1032.617470130695]
	[-204.6686677295131, 217.706750501574, 1032.362978440848]
	[-204.8399983742335, 217.7335112638224, 1032.217355937475]
	[-204.6525718784163, 217.9117015701557, 1031.983684486132]
	[-204.6616267253923, 217.7885478449812, 1032.15777849593]
	[-204.8038810726451, 217.8420436685612, 1032.036877907631]
	[-204.4735623545966, 217.706864037258, 1032.349685537014]
	[-204.498718808358, 217.5049487577578, 1032.72110465213]
	[-204.8578921068648, 217.5575993365813, 1032.508198049697]
	[-204.7333211188575, 217.9249722960645, 1031.915513941479]
	[-204.6785863902953, 217.8290551114831, 1032.086089832686]
	[-205.0090358704611, 218.1890833591183, 1031.389299501501]
	[-204.3908983515604, 217.6948162971609, 1032.417871374288]
	[-204.498176315881, 217.9796276858144, 1031.986745937652]
	[-204.9277413828803, 218.1784037310911, 1031.46116295448]
	[-204.4231284744577, 217.6658880029456, 1032.454382709591]
	[-204.9701099910826, 218.0711420392518, 1031.692009300625]
	[-204.697182299002, 217.9148763416744, 1031.944520663727]
	[-204.6557103730316, 217.7851735972868, 1032.161779229048]
	[-204.6779350808268, 217.7100598938526, 1032.355925450916]
	[-204.8488312866168, 218.0469485084069, 1031.795862839955]
	[-204.9277413828803, 218.1784037310911, 1031.46116295448]
	[-204.7522810260568, 217.7235237255043, 1032.282602293768]
	[-204.532634955632, 217.6727535157858, 1032.365487483497]
	[-204.8530021299151, 217.777797925711, 1032.139200768953]
	[-204.5752025203925, 217.6801312955209, 1032.420433093434]
	[-204.8232884831657, 218.0288347968545, 1031.746117791756]
	[-204.5930906913407, 217.8163664251155, 1032.15820896079]
	[-204.5432604719687, 217.7627233673169, 1032.22916579646]
	[-205.0348597276339, 217.9879083281002, 1031.762564534738]
	[-205.0515203675089, 218.0821132293777, 1031.619680271879]
	[-204.2912043261203, 217.552690159754, 1032.686108700466]
	[-204.4448040622858, 217.4729923585536, 1032.668263455413]
	[-204.9277413828803, 218.1784037310911, 1031.46116295448]
	[-204.6828399004557, 217.6910318502942, 1032.389406995208]
	[-205.025575183416, 218.2832398616505, 1031.245971667627]
	[-204.9277413828803, 218.1784037310911, 1031.46116295448]
	[-204.7488789323054, 218.0181230626361, 1031.774675127697]
	[-204.645794178048, 218.0431453598978, 1031.795151466754]
	[-204.5533494640464, 218.2124359197615, 1031.580540272257]
	[-204.4939438515661, 217.5053083310006, 1032.725529180323]
	[-204.8524323949003, 218.017824957787, 1031.824077424368]
	[-204.3400962396202, 217.8582961560026, 1032.104943967434]
	[-205.0989468716052, 218.2039285522767, 1031.366670576429]
	[-204.9641837700921, 218.0675824292267, 1031.696352010148]
	[-204.5105347148059, 217.3767816874358, 1032.897181069992]
	[-204.9561039997488, 218.139783005544, 1031.502429515585]
	[-204.691717139777, 218.0099769175361, 1031.79522015067]
	[-204.8748840177888, 217.9693293266636, 1031.794471550674]
	[-204.5623071512873, 217.2525942038224, 1033.08160258011]
	[-204.8697135362685, 217.8717483546125, 1031.997382965669]
	[-204.7333211188575, 217.9249722960645, 1031.915513941479]
	[-204.6166057854621, 217.9086161633163, 1032.014920662658]
	[-204.6862179356668, 217.6934691526612, 1032.314849739725]
	[-204.7332255035812, 217.903783769436, 1032.091831006202]
	[-204.7333211188575, 217.9249722960645, 1031.915513941479]
	[-204.3273889901505, 217.5970485140029, 1032.614638777351]
	[-204.7627499705277, 217.7197695712039, 1032.293928327476]
	[-205.0435145894519, 217.9688232660114, 1031.724123257286]
	[-204.7715526316875, 217.9315296191182, 1031.926193259662]
	[-204.6999943753371, 217.565983812277, 1032.49376341732]
	[-204.8145016602072, 217.9350715194658, 1031.845028772091]
	[-204.9561039997488, 218.139783005544, 1031.502429515585]
	[-204.7553534155356, 217.4945189162397, 1032.647860471189]
	[-204.8311197950358, 218.02894604849, 1031.702946884244]
	[-204.5754523729892, 217.8799296310811, 1032.086421964911]
	[-204.628739016019, 217.8568856322654, 1031.99557696422]
	[-204.7074654107675, 217.6766400065731, 1032.395278018568]
	[-204.7587929395434, 217.7233725120974, 1032.287777534387]
	[-204.7916449698172, 218.247649947981, 1031.450857657606]
	[-204.8115495926935, 217.9354465536222, 1031.998415046338]
	[-204.9004623420568, 217.9277015239178, 1031.947351915074]
	[-204.542813114919, 217.8594158320509, 1032.11495741433]
	[-204.6512464378026, 217.9120268717116, 1031.985010486936]
	[-204.7538286709558, 218.0150115417375, 1031.780108976833]
	[-204.4676917603493, 217.4549407469591, 1032.810323176056]
	[-204.6897892448987, 217.5826291751147, 1032.536474195017]
	[-204.6882008718881, 217.5796778985172, 1032.536693502585]
	[-204.9441892660626, 218.2723108242706, 1031.318366748954]
	[-204.6617965507902, 217.6478572262398, 1032.38005271835]
	[-204.6935314846712, 217.8065815213421, 1032.217449499917]
	[-204.8839096764625, 217.8338644567212, 1032.089058910715]
	[-204.8770567061914, 218.2769754862612, 1031.340895240449]
	[-204.7754360024672, 217.8170422986604, 1032.146665391033]
	[-204.9790623786582, 218.0541192063685, 1031.650322502802]
	[-204.6918799254307, 217.9343621982626, 1031.89790328778]
	[-204.5263184124769, 217.765924446911, 1032.255724042875]
	[-204.5371432053171, 217.8598949393112, 1032.146681885486]
	[-204.3313043683437, 217.6346497599825, 1032.544811758246]
	[-204.5845722362816, 218.2009725298342, 1031.4928239321]
	[-204.7071896144226, 218.0089153273137, 1031.802193191523]
	[-204.6005867584834, 217.8823318059691, 1032.041170901096]
	[-204.4648222794915, 218.1777867916248, 1031.597353036442]
	[-204.7267289773401, 217.7088267966139, 1032.352880844747]
	[-204.8339372719032, 217.519775283968, 1032.655230905541]
	[-204.4647847677372, 217.8509908554397, 1032.122110690731]
	[-204.6949658780479, 217.922429988336, 1031.945275137851]
	[-204.730922729884, 218.1091813515639, 1031.698997551553]
	[-204.7214407523192, 218.1066800494323, 1031.620059819325]
	[-204.7847425814539, 217.6135245321696, 1032.469541765438]
	[-204.5549786901859, 218.1354811533365, 1031.721774319805]
	[-204.8877903380593, 218.0572247490978, 1031.763518426988]
	[-204.7899670689775, 217.5160542942805, 1032.617487230191]
	[-204.5913917362249, 217.4801052893544, 1032.732669607878]
	[-205.0459834822275, 218.1309647485623, 1031.57302352203]
	[-204.4605218177892, 217.4881172125521, 1032.722459883824]
	[-204.8364205038779, 217.8934779898589, 1032.065704851098]
	[-204.6362707403931, 217.7694746341046, 1032.25467466415]
	[-204.7296453581119, 218.1239274323075, 1031.694922836551]
	[-204.7551794916461, 218.4670215159503, 1031.033448162389]
	[-204.4905145582694, 217.6392796848077, 1032.634977500598]
	[-204.6232421918959, 217.8152299488245, 1032.232988126499]
	[-204.7572878175956, 218.2035312393488, 1031.550171801321]
	[-204.8319393583702, 218.0440738737134, 1031.871147046995]
	[-204.5845722362816, 218.2009725298342, 1031.4928239321]
	[-204.6960109761077, 217.7827626734701, 1032.212774037893]
	[-204.7997029433996, 218.3387404087176, 1031.211927082144]
	[-204.8256375453914, 218.1375242828197, 1031.585877842188]
	[-204.5287162880009, 218.1888535974798, 1031.569385489745]
	[-204.9260313778996, 218.2083391158654, 1031.424387410211]
	[-204.561495517292, 218.0096937646462, 1031.908128247159]
	[-204.6904554133669, 217.9140020704174, 1031.981245552405]
	[-204.5973090927259, 217.8831329520248, 1032.079067587821]
	[-204.4618541953614, 218.0455437561178, 1031.813106983992]
	[-204.7135935204001, 218.1938959783634, 1031.579066973061]
	[-204.6536278230894, 217.8347930659218, 1032.194149243874]
	[-204.6303553189614, 217.8073215503659, 1032.199600858024]
	[-204.9445102122726, 218.0848564707907, 1031.687184824316]
	[-204.6005867584834, 217.8823318059691, 1032.041170901096]
	[-204.8120212280141, 218.0951590840652, 1031.744042329554]
	[-204.5395842443567, 218.2557563317203, 1031.468875842566]
	[-204.8897116301298, 217.5452382995571, 1032.577661817731]
	[-204.649478497355, 217.811599062459, 1032.080846571411]
	[-204.866572068152, 218.1190955908562, 1031.617300089387]
	[-204.5585600860298, 217.5633463103559, 1032.546316136084]
	[-204.5515897875975, 217.6417114889032, 1032.581673018416]
	[-204.5624715704108, 217.619750217954, 1032.561873041179]
	[-204.779741751214, 218.115119328491, 1031.596128354403]
	[-204.52652462253, 217.8660396589679, 1032.294920979365]
	[-204.8165927983347, 218.1208707692811, 1031.59492798616]
	[-204.4776538169496, 218.1384499240644, 1031.672647873557]
	[-204.740517312063, 217.8831221856541, 1032.083941951371]
	[-204.559137714625, 217.6094464555425, 1032.610812370044]
	[-204.8562090545695, 218.0819816073735, 1031.704797543648]
	[-204.6592255478627, 218.1303103161878, 1031.750441339545]
	[-204.8424548975676, 218.1939272113991, 1031.497552164886]
	[-205.0771017673866, 217.8704917107683, 1032.083913202391]
	[-204.4677739152152, 218.1846844882303, 1031.592278952529]
	[-204.7265361843602, 218.2685113221735, 1031.374344823511]
	[-204.7528146879179, 218.4634707741681, 1031.034526106429]
	[-204.7177161468799, 217.5224060648577, 1032.724487630323]
	[-204.3584360031469, 218.0522922378818, 1031.874610725985]
	[-204.9161412057104, 218.1677539959574, 1031.479469621862]
	[-204.9450768565208, 218.0535608682186, 1031.712662125069]
	[-204.6036602543873, 218.0503631662772, 1031.816001927056]
	[-204.8712677501183, 218.1066639940958, 1031.716550421133]
	[-204.9395714003556, 218.2713353672537, 1031.377513376705]
	[-205.0176940194979, 217.7899753851417, 1032.187424649274]
	[-204.5483227431983, 217.7469818280453, 1032.373676160249]
	[-204.6136490127555, 218.1397025937102, 1031.60033810377]
	[-204.8126504685485, 218.1949486169587, 1031.547570125037]
	[-204.7566964543784, 218.0965956593073, 1031.723941246537]
	[-204.6589233777489, 217.9606299151207, 1031.941821988412]
	[-204.6238830870305, 217.8695051980611, 1032.04474396684]
	[-204.86517398867, 217.7840681199257, 1032.093590592962]
	[-204.5189308497438, 217.5915246193659, 1032.522988066747]
	[-204.9203880552441, 217.8218766443734, 1032.107852613747]
	[-204.4945963098027, 217.7006248849915, 1032.49269710047]
	[-204.2682126668414, 217.7300559718169, 1032.423325609898]
	[-204.610391062683, 217.9372604093131, 1032.112292246684]
	[-204.5612568053535, 218.2137018414268, 1031.489372256572]
	[-204.1546208514308, 217.7999568669905, 1032.320243451279]
	[-204.5128494613426, 217.8466657852907, 1032.201986567888]
	[-204.5790820433692, 217.7130053240042, 1032.421900813878]
	[-204.5682606395992, 217.4357583568727, 1032.892317456888]
	[-204.4460661367271, 217.4653975558236, 1032.855128354135]
	[-204.7847417836255, 218.1084766902071, 1031.688616790191]
	[-204.5988245223031, 217.715151965403, 1032.333078439329]
	[-204.623268247776, 217.9663571849883, 1032.008572532762]
	[-204.7097187318527, 217.6695898213991, 1032.479765611389]
	[-204.9894628525135, 217.9564953136204, 1031.864538627487]
	[-204.5602981410144, 218.2132289688448, 1031.490082423953]
	[-204.9314600865022, 218.1539556418053, 1031.49690711969]
	[-204.7941811365416, 217.4704479915946, 1032.798856779399]
	[-204.9167048031205, 217.8059306597976, 1032.119963072968]
	[-204.3604683534084, 217.980842625886, 1032.055655539792]
	[-204.7444800730053, 218.1268541615563, 1031.65746557433]
	[-205.0319821138355, 217.9728012965775, 1031.830987019435]
	[-204.7710181131657, 217.9066470941154, 1031.941471073943]
	[-204.6860796533126, 218.3241594438663, 1031.289302877419]
	[-204.6193578138137, 218.0160953203981, 1031.857427057426]
	[-204.4667928538552, 217.6489265270458, 1032.534320915518]
	[-204.5276636119737, 217.8562277335567, 1032.067856552693]
	[-204.0330145971723, 217.6131624438408, 1032.609499945745]
	[-204.2402482759474, 217.5372537309473, 1032.689307593931]
	[-204.9573893707096, 217.9245189466025, 1031.932371485234]
	[-204.7609568668298, 217.6709766155155, 1032.424145644716]
	[-204.3486510404562, 217.8861802910782, 1032.215461056584]
	[-204.7557232262058, 217.9204930292174, 1031.924013791749]
	[-204.6995560794479, 218.2550919111516, 1031.479666888918]
	[-204.7886425664814, 217.6867387544943, 1032.325022078904]
	[-204.7403213177722, 218.2758467306957, 1031.438116276857]
	[-204.7444800730053, 218.1268541615563, 1031.65746557433]
	[-204.7469361333593, 217.9052375791869, 1031.993049495459]
	[-204.8738782835637, 218.1286662911314, 1031.574841076349]
	[-204.3147809585961, 217.6466737267959, 1032.415407595081]
	[-204.7120803506568, 218.1229580132878, 1031.663054055246]
	[-204.4664526557112, 217.9886344932455, 1031.967754803854]
	[-204.5761917963874, 217.6414186654657, 1032.443733366629]
	[-204.6424420778214, 218.2240028035015, 1031.418475903019]
	[-204.7574200753458, 218.0365479965589, 1031.763065744532]
	[-204.8860940376586, 218.2643780484308, 1031.338652750684]
	[-204.8957292715472, 218.3178975426274, 1031.276635111302]
	[-204.9417490941575, 217.6041737953591, 1032.491911831503]
	[-204.4057201399237, 217.8031709255682, 1032.231522640956]
	[-204.894886132525, 218.2469126370684, 1031.297844110515]
	[-205.0036103964807, 218.0612935368409, 1031.72961743372]
	[-205.1432412379857, 217.8777462194932, 1032.02530679422]
	[-204.5136487588453, 217.9195851478894, 1031.950588834598]
	[-204.4543663113421, 217.3856537689372, 1032.881476572622]
	[-204.2208606818063, 217.8051177936287, 1032.263890511314]
	[-204.7910597098782, 217.8487717611932, 1032.108134199969]
	[-204.2360320807949, 217.7852094507656, 1032.364854389369]
	[-204.3177654675055, 217.5476491068256, 1032.699813006411]
	[-204.6836429207475, 217.2103344267202, 1033.096880020366]
	[-204.7858916481056, 218.1368553832492, 1031.625327682457]
	[-204.4573869181246, 217.9924851935309, 1031.995800533036]
	[-204.4987715973343, 217.6320879354975, 1032.455336710011]
	[-204.9327026482291, 217.8875177073938, 1031.956788629105]
	[-204.7489243028237, 217.9903299285244, 1031.83660686036]
	[-204.6366640621676, 218.3145692281603, 1031.354305804197]
	[-204.9853470500717, 218.0293098557936, 1031.771871355016]
	[-204.7099120860625, 218.0466676410927, 1031.750821897354]
	[-204.9441892660626, 218.2723108242706, 1031.318366748954]
	[-204.6424401995122, 217.6291259102866, 1032.493711469999]
	[-204.7252134099574, 218.0328474357115, 1031.768280966865]
	[-204.7386887716787, 217.9028092139202, 1031.946933443778]
	[-204.7683020921258, 218.1326822384971, 1031.639966373503]
	[-204.6382049870823, 217.3167539287053, 1032.96386600199]
	[-204.7252134099574, 218.0328474357115, 1031.768280966865]
	[-204.7783017464147, 217.9422766353411, 1031.994877433414]
	[-204.9161412057104, 218.1677539959574, 1031.479469621862]
	[-204.5262168641696, 218.0777173414418, 1031.733025957403]
	[-204.8627974887538, 218.2770204096309, 1031.33538959783]
	[-204.7679150706724, 217.7058515516138, 1032.246528427665]
	[-204.891984163891, 217.6998670563247, 1032.305286145609]
	[-204.6366640621676, 218.3145692281603, 1031.354305804197]
	[-205.1131787382879, 217.9182951240876, 1031.939508913763]
	[-203.9756166339383, 217.6114265129485, 1032.658862455425]
	[-204.8826500154918, 218.1472492630614, 1031.562877341303]
	[-204.5039036178221, 218.18743372961, 1031.561492175307]
	[-204.4757295632968, 218.2005469929695, 1031.562469648947]
	[-204.8008218788842, 218.1365304323292, 1031.634412376503]
	[-204.7174376483291, 217.8036771187655, 1032.217533582114]
	[-204.8489669558555, 218.1248026233506, 1031.589254351519]
	[-204.4636397592519, 218.0179836324902, 1031.7884888719]
	[-204.8345460130001, 218.0595575509876, 1031.728368233194]
	[-204.3620117140952, 217.3985568576094, 1032.893340601491]
	[-204.9441892660626, 218.2723108242706, 1031.318366748954]
	[-204.6542035833959, 217.6674037294783, 1032.462565829901]
	[-204.6821631676695, 217.8784625868861, 1032.022969309936]
	[-204.8646240909006, 217.7470500209043, 1032.206036797884]
	[-204.7212325501696, 218.0364287104993, 1031.762136155793]
	[-204.6452180531239, 217.6991502556801, 1032.422069276556]
	[-204.7633152391014, 217.8885225079199, 1031.952649036141]
	[-204.6890494054744, 217.9190038305241, 1031.949368137073]
	[-204.8752778113288, 218.0751133880233, 1031.747922682663]
	[-204.6796813062344, 217.8750214999105, 1032.02390159727]
	[-204.7107816636752, 217.4029943707255, 1032.77215698803]
	[-204.4621506700141, 217.8461560128747, 1032.182867306994]
	[-204.3226317384372, 217.7614501757543, 1032.244463993699]
	[-204.4210696025589, 217.8678605800287, 1032.035806716392]
	[-204.7094233344704, 218.3114694073169, 1031.292669936862]
	[-204.7252134099574, 218.0328474357115, 1031.768280966865]
	[-204.6072328374514, 218.0877720500102, 1031.662738647805]
	[-204.4058141393231, 217.9953571869, 1031.861841141665]
	[-204.8016108386128, 217.7308863932238, 1032.247223656768]
	[-204.957126323721, 217.9526177048358, 1031.87012862438]
	[-204.6218396912328, 217.6637199253386, 1032.467720273425]
	[-204.8652546703973, 217.8107088676463, 1032.033591428465]
	[-204.5876583281309, 218.1278165249379, 1031.590369329734]
	[-204.5745054858482, 217.5641635522708, 1032.596930681396]
	[-204.7843144783262, 217.8008677656924, 1032.103521115242]
	[-204.8738783582509, 218.1253235509884, 1031.573718482807]
	[-204.7498436844376, 218.0185969309065, 1031.773960505767]
	[-204.7679150706724, 217.7058515516138, 1032.246528427665]
	[-204.4023014336189, 217.8032045034549, 1032.234632964033]
	[-204.613700538828, 217.6822649049066, 1032.296383059758]
	[-204.8145016602072, 217.9350715194658, 1031.845028772091]
	[-204.9441892660626, 218.2723108242706, 1031.318366748954]
	[-205.0515203675089, 218.0821132293777, 1031.619680271879]
	[-204.6679734726996, 218.0081761772352, 1031.844804286472]
	[-203.9525653446985, 217.1578764359347, 1033.395688408855]
	[-204.5099554080061, 217.6449491418563, 1032.5603509071]
	[-205.0157796304294, 217.7197398862408, 1032.206525192514]
	[-204.953540669381, 217.9771871337753, 1031.834362928117]
	[-204.8311197950358, 218.02894604849, 1031.702946884244]
	[-204.7884292084585, 218.1595244209039, 1031.553558893748]
	[-204.8743660953932, 217.8768182927372, 1032.041466054848]
	[-204.5944075005301, 217.6639754980293, 1032.366983517763]
	[-204.7227330828316, 218.0293748306991, 1031.76926514672]
	[-204.7785089176805, 218.4544043914238, 1031.036700853244]
	[-204.650671453601, 217.9110926069811, 1031.985170674558]
	[-204.624622401829, 217.6564263958597, 1032.473392664828]
	[-204.7633152391014, 217.8885225079199, 1031.952649036141]
	[-204.8839096764625, 217.8338644567212, 1032.089058910715]
	[-204.9616238019684, 217.9548831273214, 1031.794403324765]
	[-204.5504712517898, 217.723161090199, 1032.276597293349]
	[-204.5152138782838, 217.5979229090111, 1032.581878261766]
	[-204.6685362355927, 217.8181375705098, 1032.210858921312]
	[-204.6655799406876, 217.7849573946293, 1032.163912160322]
	[-204.9561039997488, 218.139783005544, 1031.502429515585]
	[-204.9277413828803, 218.1784037310911, 1031.46116295448]
	[-204.6821631676695, 217.8784625868861, 1032.022969309936]
	[-204.8047894513753, 218.2534187529046, 1031.410939886968]
	[-205.025575183416, 218.2832398616505, 1031.245971667627]
	[-204.4022225452801, 217.6160981660702, 1032.53466108781]
	[-204.7074654107675, 217.6766400065731, 1032.395278018568]
	[-204.7940643515861, 218.1152765022082, 1031.643560454252]
	[-204.66115719933, 217.6461537484508, 1032.431511977761]
	[-204.9223539565106, 217.8655023982939, 1031.994579624823]
	[-204.7498436844376, 218.0185969309065, 1031.773960505767]
	[-204.9395784568273, 218.045742351357, 1031.645109073235]
	[-204.627800321455, 217.8659198473845, 1032.050882406367]
	[-204.9008361991548, 217.9931620134047, 1031.739307893481]
	[-204.8165927983347, 218.1208707692811, 1031.59492798616]
	[-204.8903688130677, 217.6089566363573, 1032.405597242388]
	[-204.8530021299151, 217.777797925711, 1032.139200768953]
	[-204.4310789406549, 217.5183840846015, 1032.648400315183]
	[-204.6821631676695, 217.8784625868861, 1032.022969309936]
	[-204.8295622050646, 217.8041995925369, 1032.063686321256]
	[-204.8567368849913, 217.8274315202297, 1032.075716337054]
	[-204.9429875595241, 218.0817888285309, 1031.687576509738]
	[-205.0688313108307, 217.7674048883873, 1032.096618480676]
	[-204.7633152391014, 217.8885225079199, 1031.952649036141]
	[-204.8184702007246, 217.9314809902511, 1031.851180177872]
	[-204.8456048371754, 218.1648081234848, 1031.532130875166]
	[-204.9906335393491, 217.9213847290121, 1031.833986037028]
	[-204.8559765498325, 218.0318692492118, 1031.717260864289]
	[-204.6821631676695, 217.8784625868861, 1032.022969309936]
	[-204.8397076828458, 218.0352702772638, 1031.742584094333]
	[-204.8393800916906, 217.7674345854194, 1032.205878523332]
	[-204.6195961321095, 217.4676020642907, 1032.643413728303]
	[-204.7777182591954, 218.0217621319297, 1031.785142680629]
	[-204.9790623786582, 218.0541192063685, 1031.650322502802]
	[-204.504410154328, 218.2502545105298, 1031.528273023476]
	[-204.7562405670905, 217.7199216089093, 1032.288751735266]
	[-204.7014897232577, 217.6732213885868, 1032.399370801813]
	[-204.5858802519855, 217.6850878828681, 1032.316217442346]
	[-204.8932056826077, 217.8159105959167, 1032.048498656305]
	[-204.74663407852, 217.7947671483741, 1032.094118817163]
	[-204.7754360024672, 217.8170422986604, 1032.146665391033]
	[-204.8758189187235, 217.9419790993007, 1031.941673145251]
	[-204.6393905878841, 217.9094624467137, 1031.967454371029]
	[-204.8399983742335, 217.7335112638224, 1032.217355937475]
	[-204.5961459876246, 217.8691468335113, 1032.086164299576]
	[-204.6022495894345, 217.7413008817291, 1032.352906884662]
	[-204.9701099910826, 218.0711420392518, 1031.692009300625]
	[-204.8145016602072, 217.9350715194658, 1031.845028772091]
	[-204.9004623420568, 217.9277015239178, 1031.947351915074]
	[-204.9651073898344, 217.8442907026033, 1032.017969033278]
	[-205.0090358704611, 218.1890833591183, 1031.389299501501]
	[-205.0090358704611, 218.1890833591183, 1031.389299501501]
	[-204.4709962683934, 217.4548754894435, 1032.807345887655]
	[-204.9641837700921, 218.0675824292267, 1031.696352010148]
	[-204.6773923700525, 217.620855972248, 1032.444592474149]
	[-204.9567283578184, 217.9552157489545, 1031.798996025221]
	[-204.6238830870305, 217.8695051980611, 1032.04474396684]
	[-204.7562405670905, 217.7199216089093, 1032.288751735266]
	[-204.6493319112435, 218.1174967730337, 1031.564200769463]
	[-204.7633152391014, 217.8885225079199, 1031.952649036141]
	[-204.5682590692535, 218.1074077420991, 1031.634642055612]
	[-204.7886425664814, 217.6867387544943, 1032.325022078904]
	[-204.6512464378026, 217.9120268717116, 1031.985010486936]
	[-204.953540669381, 217.9771871337753, 1031.834362928117]
	[-204.6393480451151, 217.8686824586423, 1032.051320708104]
	[-204.80311372947, 217.8202274731352, 1032.157914135903]
	[-204.6394974813737, 217.707342938236, 1032.385875345307]
	[-204.669328552441, 217.5100100847388, 1032.543457445203]
	[-204.7333211188575, 217.9249722960645, 1031.915513941479]
	[-204.9004623420568, 217.9277015239178, 1031.947351915074]
	[-204.7843144783262, 217.8008677656924, 1032.103521115242]
	[-204.7574738279119, 217.7241166218045, 1032.333643460665]
	[-204.7528175581725, 217.7199471353116, 1032.291886472039]
	[-204.6676784926206, 218.0053743290905, 1031.844026070558]
	[-204.9277413828803, 218.1784037310911, 1031.46116295448]
	[-204.7074654107675, 217.6766400065731, 1032.395278018568]
	[-204.7886425664814, 217.6867387544943, 1032.325022078904]
	[-204.5544505450678, 217.7555240270793, 1032.238321166968]
	[-204.8979682482741, 217.9241782499643, 1031.948432149921]
	[-204.648142424182, 217.9080462056671, 1031.986262805954]
	[-204.6779350808268, 217.7100598938526, 1032.355925450916]
	[-204.8145016602072, 217.9350715194658, 1031.845028772091]
	[-204.8054026967465, 217.3732203686619, 1032.796216598985]
	[-204.7498436844376, 218.0185969309065, 1031.773960505767]
	[-204.9395784568273, 218.045742351357, 1031.645109073235]
	[-204.8584056265294, 218.0353563665552, 1031.716263772074]
	[-204.8839096764625, 217.8338644567212, 1032.089058910715]
	[-205.0348597276339, 217.9879083281002, 1031.762564534738]
	[-204.5858802519855, 217.6850878828681, 1032.316217442346]
	[-205.0090358704611, 218.1890833591183, 1031.389299501501]
	[-204.7754360024672, 217.8170422986604, 1032.146665391033]
	[-204.596157876491, 217.6109596595983, 1032.514388095286]
	[-205.0175595934694, 217.9279795956992, 1031.893015793937]
	[-204.7498436844376, 218.0185969309065, 1031.773960505767]
	[-204.9817538874186, 217.9383780897488, 1031.875732939507]
	[-205.0515203675089, 218.0821132293777, 1031.619680271879]
	[-204.8399983742335, 217.7335112638224, 1032.217355937475]
	[-204.8311197950358, 218.02894604849, 1031.702946884244]
	[-204.8567368849913, 217.8274315202297, 1032.075716337054]
	[-204.9701099910826, 218.0711420392518, 1031.692009300625]
	[-204.8737448042511, 217.5136421533791, 1032.5486900445]
	[-204.8399983742335, 217.7335112638224, 1032.217355937475]
	[-204.7754360024672, 217.8170422986604, 1032.146665391033]
	[-204.4856270667809, 217.5789197970771, 1032.526096046478]
	[-204.7308412143124, 217.9215256824463, 1031.916455740991]
	[-204.74663407852, 217.7947671483741, 1032.094118817163]
	[-204.4573466687919, 217.8465037893785, 1032.187336320029]
	[-204.6512464378026, 217.9120268717116, 1031.985010486936]
	[-204.7656480330116, 217.7442404354368, 1032.287843090515]
	[-204.7074654107675, 217.6766400065731, 1032.395278018568]
	[-204.7983010768869, 217.820565646355, 1032.162417421645]
	[-204.9431378852935, 217.8858187071106, 1031.969691376764]
	[-204.6977940263446, 218.4402182045628, 1031.10683259585]
	[-204.8748372215609, 218.1291472818507, 1031.574114307991]
	[-204.626116530213, 217.998942716218, 1031.872359394716]
	[-204.7785089176805, 218.4544043914238, 1031.036700853244]
	[-204.9395784568273, 218.045742351357, 1031.645109073235]
	[-204.9817538874186, 217.9383780897488, 1031.875732939507]
	[-204.3357295433724, 217.6507375311735, 1032.52522895113]
	[-204.6858732178314, 217.6050207453505, 1032.400976353398]
	[-204.8584056265294, 218.0353563665552, 1031.716263772074]
	[-204.6821631676695, 217.8784625868861, 1032.022969309936]
	[-204.953540669381, 217.9771871337753, 1031.834362928117]
	[-204.8932056826077, 217.8159105959167, 1032.048498656305]
	[-204.8145016602072, 217.9350715194658, 1031.845028772091]
	[-204.7898851195532, 217.9493312457738, 1031.839356845698]
	[-204.771841471153, 217.5929392413269, 1032.466049705181]
	[-204.8434584807237, 218.3712270210656, 1031.107942051596]
	[-204.8652546703973, 217.8107088676463, 1032.033591428465]
	[-204.7135927036935, 217.8658700618493, 1032.127945795037]
	[-205.0381208307445, 217.7647615350792, 1032.138230094226]
	[-204.472428752653, 217.4545730925277, 1032.805938626672]
	[-204.511409842552, 217.7796089285347, 1032.370783962377]
	[-204.7633152391014, 217.8885225079199, 1031.952649036141]
	[-204.5221099647014, 217.8789327246868, 1032.035266898346]
	[-204.9395784568273, 218.045742351357, 1031.645109073235]
	[-204.6414643814042, 217.6143247904423, 1032.47465995148]
	[-204.9476121285556, 217.9736665298492, 1031.838637175694]
	[-204.5682590692535, 218.1074077420991, 1031.634642055612]
	[-204.854326276488, 218.1817988711169, 1031.452597240133]
	[-204.843982026406, 218.0731653326019, 1031.624515031309]
	[-204.8145016602072, 217.9350715194658, 1031.845028772091]
	[-204.8516587932768, 217.7685717074228, 1032.209176517825]
	[-204.6821631676695, 217.8784625868861, 1032.022969309936]
	[-204.6589676748899, 218.1361795766012, 1031.656681734067]
	[-204.6530305890327, 218.019564436431, 1031.833157204389]
	[-204.6115559378437, 218.2072892453894, 1031.506025422231]
	[-204.4062267860593, 217.4541631217605, 1032.853663773071]
	[-204.5981973354742, 218.0711101161883, 1031.671772881547]
	[-204.4411137143853, 217.4568058749157, 1032.829012359711]
	[-204.7972640002714, 217.6704279297564, 1032.282136268628]
	[-204.63676209001, 217.9135693739865, 1031.96689289664]
	[-204.7929785888377, 218.1184328980582, 1031.645639547377]
	[-204.5990924969581, 217.5923702795648, 1032.473627811177]
	[-204.9892116581806, 218.1019428255906, 1031.651587593005]
	[-204.6821631676695, 217.8784625868861, 1032.022969309936]
	[-204.8584056265294, 218.0353563665552, 1031.716263772074]
	[-204.6087110012124, 217.5704275582768, 1032.604507394872]
	[-204.8652546703973, 217.8107088676463, 1032.033591428465]
	[-204.7361603226737, 218.3412823415943, 1031.247523628035]
	[-204.7412529035241, 217.4588217158406, 1032.722920460834]
	[-204.6762512402273, 217.8750493382676, 1032.027037296617]
	[-204.7094233344704, 218.3114694073169, 1031.292669936862]
	[-205.1254371466702, 217.8081211277502, 1032.035544039999]
	[-204.8877903380593, 218.0572247490978, 1031.763518426988]
	[-204.7666029345677, 217.9346545472847, 1031.920748272051]
	[-204.816860370371, 217.8555472073155, 1032.052606428358]
	[-204.8527871008706, 217.8310340088472, 1032.069552933601]
	[-204.7094233344704, 218.3114694073169, 1031.292669936862]
	[-204.5719622620255, 217.8799537047301, 1032.089574864123]
	[-204.6657409977605, 218.2113109575357, 1031.421853738675]
	[-204.271820755565, 217.5585571600302, 1032.57082687802]
	[-204.9117956471803, 217.9552628383816, 1031.912117590092]
	[-204.8501774192293, 218.1433578097156, 1031.568517272104]
	[-204.5070955903178, 217.749908652663, 1032.301157564814]
	[-204.5805857245433, 217.5849397329762, 1032.601616903784]
	[-204.5403132046654, 217.8559698498907, 1032.115900027217]
	[-204.8089577310165, 217.7216811821098, 1032.283595916075]
	[-204.6200406878573, 218.2082870790456, 1031.532743174068]
	[-204.6828399004557, 217.6910318502942, 1032.389406995208]
	[-204.634552425033, 217.8640916530629, 1032.13069567014]
	[-204.6860796533126, 218.3241594438663, 1031.289302877419]
	[-204.5629098094417, 218.2430296783063, 1031.472327466464]
	[-204.4349777886897, 217.961161587299, 1031.940057476476]
	[-204.7411042167209, 218.0364734877465, 1031.755060549065]
	[-204.452746363847, 217.8505496595253, 1032.218235259267]
	[-204.995827532664, 217.9239133110684, 1031.923688900762]
	[-204.8417904480179, 217.4757314869935, 1032.736591676942]
	[-204.9301749919244, 218.0991467787631, 1031.669015337466]
	[-204.5981973354742, 218.0711101161883, 1031.671772881547]
	[-204.4869990159511, 217.2414251318929, 1033.107663595058]
	[-204.3752242842373, 217.4489058970011, 1032.798203342819]
	[-204.745883425385, 217.8305408692551, 1032.079041519388]
	[-204.5777144873307, 217.4839802050239, 1032.724336551943]
	[-204.7074654107675, 217.6766400065731, 1032.395278018568]
	[-204.5324021225545, 217.1074775493982, 1033.317374636653]
	[-204.5612795511427, 217.6994619337488, 1032.31034741461]
	[-204.7935889415175, 217.9284328736459, 1032.012341808191]
	[-204.4872724325878, 217.5764790826208, 1032.515091033899]
	[-204.6031095607499, 218.0160243052029, 1031.849384492669]
	[-204.466066754166, 218.1817907929652, 1031.54592444947]
	[-204.6973145710031, 217.705207225834, 1032.367659477663]
	[-204.6480918891847, 217.7270156369751, 1032.290005963655]
	[-204.8030362007202, 217.8324777317106, 1032.037833967087]
	[-204.472057086399, 217.5630476645602, 1032.606836018067]
	[-204.54522561879, 218.1171273009395, 1031.623262968744]
	[-204.7220186039875, 217.8225172076779, 1032.1079370676]
	[-204.6828399004557, 217.6910318502942, 1032.389406995208]
	[-204.36299203759, 217.6530003103844, 1032.47788266138]
	[-204.9894628525135, 217.9564953136204, 1031.864538627487]
	[-204.6253212199525, 217.6636980808982, 1032.464572417323]
	[-204.5450801943929, 218.0142084046884, 1031.818735022769]
	[-204.3400962396202, 217.8582961560026, 1032.104943967434]
	[-204.5156789986082, 217.4291160917125, 1032.834483437158]
	[-204.9073284826298, 218.1330319016475, 1031.568474277158]
	[-204.5432604719687, 217.7627233673169, 1032.22916579646]
	[-204.542813114919, 217.8594158320509, 1032.11495741433]
	[-204.5710215698813, 217.2756809385605, 1033.069276924276]
	[-204.704226212523, 217.6751966901144, 1032.390201252975]
	[-204.660210684834, 217.6745865182158, 1032.393319964325]
	[-204.6763640224368, 217.665850865575, 1032.466718434724]
	[-204.6472704514089, 217.5220992096213, 1032.632565833324]
	[-204.6676784926206, 218.0053743290905, 1031.844026070558]
	[-204.6404188108531, 217.8124926190622, 1032.177857110489]
	[-204.8208982524811, 217.6905137690265, 1032.319692976187]
	[-204.3528410649729, 217.5948723805928, 1032.513920004318]
	[-204.7124061005464, 218.0094994753819, 1031.756577817321]
	[-204.3610518300988, 217.961566186878, 1031.940934567993]
	[-204.5837290678304, 217.9303443703233, 1031.985599246464]
	[-204.7325039900878, 217.9606649842304, 1031.900498374335]
	[-204.4151874928215, 217.2803661663766, 1033.086559841933]
	[-204.6898948292921, 217.8965831563541, 1032.011800651373]
	[-204.89023169922, 217.7317030414043, 1032.213326963566]
	[-204.3511428330199, 217.3666344466499, 1032.960481199448]
	[-204.8278054355356, 217.9153584034721, 1031.922631002976]
	[-204.5092323770321, 217.467956032032, 1032.800393620126]
	[-204.7341772375866, 217.7377371596834, 1032.281950241737]
	[-204.70327627404, 218.3820681532861, 1031.245472199957]
	[-204.5953000975113, 217.711804622535, 1032.429208349947]
	[-204.4649168154426, 217.7038080145611, 1032.36197273239]
	[-204.6093324796736, 217.8661880170266, 1031.998058628393]
	[-204.5748843718877, 218.0838737402646, 1031.668283314201]
	[-204.74663407852, 217.7947671483741, 1032.094118817163]
	[-204.5221864232129, 217.3637447762658, 1032.853165944258]
	[-204.6326966347689, 217.8532974803801, 1032.001712300648]
	[-204.8597883104335, 218.465321185375, 1030.964348540368]
	[-204.4248641496842, 217.8642999270634, 1032.041931975002]
	[-204.7927280632384, 218.1156016076941, 1031.644895353745]
	[-204.6103639228278, 217.6657623614088, 1032.414392482313]
	[-204.8371903199448, 217.4280590849107, 1032.7304532857]
	[-204.3688700764389, 218.0425341644915, 1031.868805275398]
	[-204.9445278933428, 217.2605215255923, 1032.977749571947]
	[-204.4361990321569, 218.0406272237318, 1031.818637158257]
	[-204.6147304463506, 217.8829924715764, 1032.045544105498]
	[-204.7878757219361, 217.9556364298052, 1031.869380820695]
	[-204.7912015198805, 218.0569694379659, 1031.679902700296]
	[-204.6168226263371, 217.9170062009456, 1031.993587694711]
	[-204.7120803506568, 218.1229580132878, 1031.663054055246]
	[-204.7886425664814, 217.6867387544943, 1032.325022078904]
	[-204.5748843718877, 218.0838737402646, 1031.668283314201]
	[-204.6689365590087, 218.2266876399244, 1031.431174123815]
	[-204.7785089176805, 218.4544043914238, 1031.036700853244]
	[-204.5449400926828, 218.1201833626473, 1031.631121794584]
	[-204.6896840898391, 217.8037903037439, 1032.219873227068]
	[-204.5195004387606, 217.8722800233154, 1032.111310778745]
	[-204.6005867584834, 217.8823318059691, 1032.041170901096]
	[-204.691717139777, 218.0099769175361, 1031.79522015067]
	[-204.7233971400924, 217.9166500366699, 1031.929480913855]
	[-204.8193233116488, 218.0566590605976, 1031.63958328691]
	[-204.6310736253363, 217.4870468673462, 1032.646946108044]
	[-204.8724155680315, 218.1256285807044, 1031.575161897534]
	[-205.1087073748623, 217.7815921793059, 1032.136480323845]
	[-204.7633152391014, 217.8885225079199, 1031.952649036141]
	[-204.6326966347689, 217.8532974803801, 1032.001712300648]
	[-204.5131849199615, 218.0646321489397, 1031.735917158091]
	[-204.630385250543, 217.7758476757036, 1032.155550113553]
	[-204.6684346468412, 218.0227316090338, 1031.791758492651]
	[-204.5252794567851, 217.7842770841942, 1032.126924116513]
	[-204.3167902363066, 217.8711825745073, 1032.101223402907]
	[-204.7004259829154, 217.9933585853324, 1031.752949201242]
	[-204.8311197950358, 218.02894604849, 1031.702946884244]
	[-204.9817538874186, 217.9383780897488, 1031.875732939507]
	[-204.4983454043428, 217.9642032600997, 1031.884117154924]
	[-204.4197302421441, 217.2825801660661, 1032.989057040071]
	[-204.8278054355356, 217.9153584034721, 1031.922631002976]
	[-204.8889336406391, 217.6608061076944, 1032.259869380753]
	[-204.692807455902, 218.1436964687531, 1031.580930382606]
	[-204.6571517266014, 218.0733417800117, 1031.733439048048]
	[-204.6160190518536, 217.464148259672, 1032.740904973103]
	[-204.7049109393198, 217.6731947159651, 1032.396242574983]
	[-204.6907621235054, 217.5830912311363, 1032.535779711485]
	[-204.5745054858482, 217.5641635522708, 1032.596930681396]
	[-204.1622134552659, 217.4021366305307, 1032.874552543771]
	[-204.5788210493542, 218.0803066669982, 1031.674411325905]
	[-204.7807006250023, 217.5752813747529, 1032.425055918267]
	[-204.690827026701, 218.2142515192533, 1031.436059607497]
	[-204.6821631676695, 217.8784625868861, 1032.022969309936]
	[-204.7633152391014, 217.8885225079199, 1031.952649036141]
	[-204.8321388213914, 217.8417111645569, 1032.070029757579]
	[-204.4741127803878, 217.5284490544314, 1032.619747546078]
	[-204.5981973354742, 218.0711101161883, 1031.671772881547]
	[-204.7094233344704, 218.3114694073169, 1031.292669936862]
	[-204.8724155680315, 218.1256285807044, 1031.575161897534]
	[-204.6821631676695, 217.8784625868861, 1032.022969309936]
	[-204.6072902266042, 217.7757635652055, 1032.186036988546]
	[-204.7633152391014, 217.8885225079199, 1031.952649036141]
	[-204.7260584912358, 217.3569215497128, 1032.871790752216]
	[-204.8903688130677, 217.6089566363573, 1032.405597242388]
	[-204.9740409664612, 217.8257856210611, 1031.978435673301]
	[-204.7633152391014, 217.8885225079199, 1031.952649036141]
	[-204.7274093661288, 217.9215523958462, 1031.919597932786]
	[-204.4245911413147, 217.6190237435591, 1032.490846297195]
	[-204.3331854935885, 217.9968655092673, 1031.907067886736]
	[-204.7672436363104, 217.8849369142613, 1031.9587853968]
	[-204.3889833404546, 217.4383225429037, 1032.754339701222]
	[-204.6617564469115, 218.2148827783585, 1031.415703190201]
	[-204.9790623786582, 218.0541192063685, 1031.650322502802]
	[-204.5940884483318, 217.9059868543343, 1032.007503614654]
	[-204.7818727074296, 217.7974499873432, 1032.104406243107]
	[-204.8903688130677, 217.6089566363573, 1032.405597242388]
	[-204.7402866444696, 217.4583652329497, 1032.723603651352]
	[-204.9817538874186, 217.9383780897488, 1031.875732939507]
	[-204.5795718471049, 217.5177079116595, 1032.654175909821]
	[-204.7886425664814, 217.6867387544943, 1032.325022078904]
	[-204.8065053298011, 218.043158676919, 1031.697341838549]
	[-204.7285573416571, 217.9985785487436, 1031.767774623837]
	[-204.7927280632384, 218.1156016076941, 1031.644895353745]
	[-204.9004623420568, 217.9277015239178, 1031.947351915074]
	[-204.8145016602072, 217.9350715194658, 1031.845028772091]
	[-204.9004623420568, 217.9277015239178, 1031.947351915074]
	[-204.6821631676695, 217.8784625868861, 1032.022969309936]
	[-204.8311197950358, 218.02894604849, 1031.702946884244]
	[-204.7042696561814, 218.0077133077819, 1031.763598394096]
	[-204.3318065237607, 217.4289490984165, 1032.858999588632]
	[-204.8814081468219, 217.8303729170381, 1032.09008853277]
	[-204.5858802519855, 217.6850878828681, 1032.316217442346]
	[-204.6821631676695, 217.8784625868861, 1032.022969309936]
	[-204.9277413828803, 218.1784037310911, 1031.46116295448]
	[-204.5562167360612, 217.5479291688495, 1032.533368191734]
	[-204.8860940376586, 218.2643780484308, 1031.338652750684]
	[-204.7754360024672, 217.8170422986604, 1032.146665391033]
	[-204.4705586940491, 217.9118053357072, 1031.933042775716]
	[-204.7180674836968, 217.8126907802695, 1032.082198165994]
	[-204.5817251614216, 217.9774138880581, 1031.813507917829]
	[-204.5569807169091, 217.7589225633513, 1032.23744800515]
	[-204.630385250543, 217.7758476757036, 1032.155550113553]
	[-204.74663407852, 217.7947671483741, 1032.094118817163]
	[-204.6655799406876, 217.7849573946293, 1032.163912160322]
	[-204.8779782895794, 217.8303904641975, 1032.093247081405]
	[-204.6557103730316, 217.7851735972868, 1032.161779229048]
	[-204.7380940769852, 218.4091510233629, 1031.160711327789]
	[-204.7333211188575, 217.9249722960645, 1031.915513941479]
	[-204.9740409664612, 217.8257856210611, 1031.978435673301]
	[-204.7808010151357, 217.7499373724633, 1032.168807324227]
	[-204.7322930273579, 217.9212200375217, 1031.915022432771]
	[-204.8740511360405, 218.2620825673273, 1031.379956516546]
	[-204.678206687217, 217.8820501478089, 1032.016831474966]
	[-204.8027829556657, 217.9934954180411, 1031.761138441944]
	[-204.8584056265294, 218.0353563665552, 1031.716263772074]
	[-204.9625515022938, 217.9586542519351, 1031.794891238333]
	[-204.75768164478, 217.7196162111225, 1032.287324866649]
	[-204.6640296086524, 217.9560395924134, 1031.907178092337]
	[-204.6238830870305, 217.8695051980611, 1032.04474396684]
	[-204.6131082776607, 217.7934253254074, 1032.285136120714]
	[-204.9510494548275, 217.9736576611557, 1031.835453734111]
	[-204.7633152391014, 217.8885225079199, 1031.952649036141]
	[-204.74663407852, 217.7947671483741, 1032.094118817163]
	[-204.472428752653, 217.4545730925277, 1032.805938626672]
	[-204.8220887019659, 217.4684101428503, 1032.653744576308]
	[-204.5378480117948, 217.6622193073198, 1032.378566995911]
	[-204.6195961321095, 217.4676020642907, 1032.643413728303]
	[-204.8311197950358, 218.02894604849, 1031.702946884244]
	[-204.7633152391014, 217.8885225079199, 1031.952649036141]
	[-204.5886872047882, 217.8127484333689, 1032.160702015745]
	[-204.7498436844376, 218.0185969309065, 1031.773960505767]
	[-204.6388916693597, 217.4803374783218, 1032.667756107201]
	[-204.6636053957636, 217.7779982518396, 1032.174033889674]
	[-204.8597883104335, 218.465321185375, 1030.964348540368]
	[-204.7505575852277, 217.7911791689842, 1032.1002500825]
	[-204.6655799406876, 217.7849573946293, 1032.163912160322]
	[-204.7858148681357, 217.8577816913435, 1032.069578878806]
	[-204.3965262582122, 217.4311672624022, 1032.766538955362]
	[-204.9395784568273, 218.045742351357, 1031.645109073235]
	[-204.6655799406876, 217.7849573946293, 1032.163912160322]
	[-204.9038746531105, 217.9078243778287, 1031.908673258328]
	[-204.5505489266027, 217.7660667021924, 1032.259719848993]
	[-204.7175809049473, 217.7135747560199, 1032.321411793148]
	[-204.8005586401854, 217.802356007893, 1032.103368908109]
	[-204.74663407852, 217.7947671483741, 1032.094118817163]
	[-204.7763851201115, 218.0220876279098, 1031.786474232542]
	[-204.7386887716787, 217.9028092139202, 1031.946933443778]
	[-204.500902410613, 217.6790967284855, 1032.379286508368]
	[-204.5801425426249, 217.7723647146074, 1032.235806339172]
	[-204.613700538828, 217.6822649049066, 1032.296383059758]
	[-204.6913544806742, 217.6893855422915, 1032.319960317908]
	[-204.571596374682, 217.6309770479072, 1032.411414276647]
	[-204.6420191927355, 217.5119225777834, 1032.576774812515]
	[-204.4068971945358, 217.8138548252698, 1032.131064920922]
	[-204.6731370350382, 217.7104057396729, 1032.360399526048]
	[-204.6655799406876, 217.7849573946293, 1032.163912160322]
	[-204.6655799406876, 217.7849573946293, 1032.163912160322]
	[-204.8748372215609, 218.1291472818507, 1031.574114307991]
	[-204.7850142884389, 217.6372174080445, 1032.388123330232]
	[-204.5517654759131, 217.7162039077947, 1032.283579700009]
	[-204.7333211188575, 217.9249722960645, 1031.915513941479]
	[-204.8597883104335, 218.465321185375, 1030.964348540368]
	[-204.8145016602072, 217.9350715194658, 1031.845028772091]
	[-204.8652546703973, 217.8107088676463, 1032.033591428465]
	[-205.0515203675089, 218.0821132293777, 1031.619680271879]
	[-204.7633152391014, 217.8885225079199, 1031.952649036141]
	[-204.7407633983854, 217.925914526179, 1031.964580435651]
	[-204.6605823216947, 217.7848323302316, 1032.157233639266]
	[-204.6633876797282, 217.566764461307, 1032.539662583467]
	[-204.8145016602072, 217.9350715194658, 1031.845028772091]
	[-204.4870638884466, 217.578613268935, 1032.524678802331]
	[-204.7527746397217, 217.6801021142864, 1032.355308342904]
	[-204.7498436844376, 218.0185969309065, 1031.773960505767]
	[-204.6796813062344, 217.8750214999105, 1032.02390159727]
	[-204.7776252595233, 218.4505433188217, 1031.036334481394]
	[-204.8278052799309, 218.2586809804988, 1031.37669308705]
	[-204.9162012638166, 217.9589909737976, 1031.909422826051]
	[-204.4929313695083, 217.322914294587, 1032.994541316091]
	[-204.8016108386128, 217.7308863932238, 1032.247223656768]
	[-204.953540669381, 217.9771871337753, 1031.834362928117]
	[-204.7108618238145, 217.7882766703119, 1032.124154254706]
	[-205.0090358704611, 218.1890833591183, 1031.389299501501]
	[-204.6821631676695, 217.8784625868861, 1032.022969309936]
	[-204.5858802519855, 217.6850878828681, 1032.316217442346]
	[-204.8584056265294, 218.0353563665552, 1031.716263772074]
	[-204.6087110012124, 217.5704275582768, 1032.604507394872]
	[-204.6655799406876, 217.7849573946293, 1032.163912160322]
	[-204.6596669454875, 217.7815833283636, 1032.167911743954]
	[-204.771173954762, 218.2444248247102, 1031.468469718679]
	[-204.5543064288455, 217.7195831274675, 1032.282735307957]
	[-204.7439334428349, 218.0151379634025, 1031.778112898367]
	[-204.9878431064458, 217.757196003669, 1032.16732243967]
	[-204.7633152391014, 217.8885225079199, 1031.952649036141]
	[-204.920289870049, 218.1328710454169, 1031.533373011149]
	[-204.8724155680315, 218.1256285807044, 1031.575161897534]
	[-204.7333211188575, 217.9249722960645, 1031.915513941479]
	[-204.7333211188575, 217.9249722960645, 1031.915513941479]
	[-204.5047983426026, 217.6755149078914, 1032.385398809351]
	[-204.6655799406876, 217.7849573946293, 1032.163912160322]
