null
null
	[-233.7490045056506, 196.8555164706999, 1053.254872051988]
	[-233.8002320959361, 196.3692009396825, 1054.20230908735]
	[-233.842440034186, 197.0065026718442, 1052.987845402108]
	[-233.7627060060669, 196.5852909708175, 1053.757183916109]
	[-233.9789315310576, 196.7279078957484, 1053.396493598731]
	[-233.8244168585446, 196.6577966170022, 1053.583741473239]
	[-233.7682278540914, 196.7820842912678, 1053.379083851858]
	[-234.1579620732318, 196.5678289036631, 1053.622693323476]
	[-233.8978739732556, 197.0387765107848, 1052.814064967498]
	[-234.0600603944713, 196.790106180947, 1053.219118525429]
	[-234.094587240008, 196.5696434940016, 1053.544755231451]
	[-234.1650684470105, 196.9422845645796, 1052.937269833927]
	[-234.0803724680721, 196.785322910442, 1053.202585457358]
	[-234.1186626326487, 196.7830124674399, 1053.177986165731]
	[-233.8625592522818, 196.7926761995427, 1053.446700186267]
	[-233.9947015750235, 196.7979974778471, 1053.250164388539]
	[-233.8389065116316, 196.5802112484138, 1053.708258567183]
	[-233.687885551085, 196.5879840948726, 1053.803482368059]
	[-234.0022985726717, 196.793657641463, 1053.256661803463]
	[-233.9215282541066, 196.7944451508794, 1053.306935715339]
	[-233.7551900874261, 196.455019738489, 1054.101274527318]
	[-233.7627060060669, 196.5852909708175, 1053.757183916109]
	[-234.0173760770199, 196.5754654038582, 1053.715336133593]
	[-233.7622476897183, 196.6575260925289, 1053.621146665137]
	[-233.9400996936303, 196.7932047374807, 1053.294623574227]
	[-233.9603270194004, 196.7291328756549, 1053.408860567784]
	[-233.7627060060669, 196.5852909708175, 1053.757183916109]
	[-233.9215282541066, 196.7944451508794, 1053.306935715339]
	[-233.898301395268, 196.7288013667233, 1053.446432021775]
	[-233.9158005995581, 196.8143800929255, 1053.307485313683]
	[-233.6869523544101, 196.5199435189277, 1053.907680164053]
	[-233.9417755549857, 196.8026322689576, 1053.284352789545]
	[-233.9571199743075, 196.8792804402743, 1053.154838098614]
	[-234.0600603944713, 196.790106180947, 1053.219118525429]
	[-234.0424976039336, 196.6512574872328, 1053.564561437899]
	[-234.2354106540764, 196.9325284894445, 1052.887107791883]
	[-234.2794784288665, 197.006932169504, 1052.722545368896]
	[-233.9400996936303, 196.7932047374807, 1053.294623574227]
	[-234.0022985726717, 196.793657641463, 1053.256661803463]
	[-234.0764860218064, 197.1750828979405, 1052.462070853756]
	[-234.1237320291193, 196.6507315000619, 1053.513445516867]
	[-233.7770287339692, 196.3666954191451, 1054.214696140798]
	[-234.0022985726717, 196.793657641463, 1053.256661803463]
	[-233.6657971898469, 196.6826804804314, 1053.693537268242]
	[-233.8002320959361, 196.3692009396825, 1054.20230908735]
	[-234.3185424332807, 196.7924850212416, 1053.16844003222]
	[-233.9400996936303, 196.7932047374807, 1053.294623574227]
	[-233.6509295471727, 196.8121183440708, 1053.479733049845]
	[-234.0002437999713, 196.6607813685562, 1053.670808837054]
	[-233.7103685596426, 196.5969985041575, 1053.795497970719]
	[-234.199776720328, 196.7257232436747, 1053.383402890909]
	[-234.393212496744, 196.9412909933777, 1052.897668635955]
	[-234.3556108089544, 196.5941957953716, 1053.511024458118]
	[-234.1783011051534, 197.0087059024881, 1052.786238726421]
	[-234.2441979328293, 196.8003579765201, 1053.2191012341]
	[-233.8002320959361, 196.3692009396825, 1054.20230908735]
	[-233.7812240655678, 196.5839005423852, 1053.745237336466]
	[-233.7502075707902, 196.6736014092301, 1053.637902950492]
	[-233.7872456455709, 196.3785371778644, 1054.21564064031]
	[-233.7103685596426, 196.5969985041575, 1053.795497970719]
	[-233.9508469004796, 196.5923436699727, 1053.76578454241]
	[-233.981717208271, 196.518008830016, 1053.866933297083]
	[-234.0066676532479, 196.5933757575057, 1053.717324093512]
	[-234.2217082278832, 197.0103954298464, 1052.760527051763]
	[-233.8627085902852, 196.603748030048, 1053.826337840819]
	[-234.1155605323466, 196.9354512843456, 1052.963275103574]
	[-234.1964342706227, 196.9350172924543, 1052.911998513847]
	[-234.1964342706227, 196.9350172924543, 1052.911998513847]
	[-234.0208486741998, 196.5134836988778, 1053.84000007041]
	[-233.9165094825667, 196.5714234341918, 1053.655556180729]
	[-233.9381716201405, 196.5951431693214, 1053.775126917149]
	[-234.1341679971713, 197.0324448442764, 1052.827986974049]
	[-234.130341074044, 197.0278128020785, 1052.82716601037]
	[-233.8619538273948, 196.3646146284156, 1054.162282424078]
	[-234.122123450101, 196.5733482691483, 1053.648427522672]
	[-234.0115713072194, 196.6624729988605, 1053.58976094637]
	[-233.98566489462, 196.7981394288849, 1053.26927457111]
	[-233.7871400479044, 196.5879664058478, 1053.744122869324]
	[-234.2605960962287, 196.5778629610535, 1053.564899768731]
	[-234.0199831931032, 196.7288003437433, 1053.371715988639]
	[-233.7119893969546, 196.3810854385642, 1054.261970034703]
	[-234.4250728491285, 196.7122449560656, 1053.234664650215]
	[-233.971216914708, 196.8012806920428, 1053.280992657907]
	[-234.0421319209252, 196.5877373737807, 1053.692135607329]
	[-233.9982504873062, 196.5135652272949, 1053.85436888227]
	[-234.1466635797727, 197.0235266273136, 1052.80340430738]
	[-233.9598245920392, 196.4323541238798, 1053.963641755909]
	[-234.0872502850789, 196.8691258822816, 1053.067721781042]
	[-234.3367042742608, 197.1617023027456, 1052.464404151705]
	[-233.9050927511164, 196.7803428793232, 1053.307555854324]
	[-234.1833057487102, 196.655264785454, 1053.478422715364]
	[-234.2163324112315, 196.7212207065888, 1053.370849718405]
	[-234.0614468670323, 196.6501126476061, 1053.551824647444]
	[-234.2405656810149, 197.0094296585563, 1052.747441441071]
	[-234.0953996937919, 196.5671067940134, 1053.661415581597]
	[-233.8392035332356, 196.5763237164579, 1053.705671094526]
	[-233.9578375302682, 196.7283582892167, 1053.409638951252]
	[-233.9508469004796, 196.5923436699727, 1053.76578454241]
	[-233.8861107455744, 196.6534153602171, 1053.543265270232]
	[-233.8064769051089, 196.3732064906666, 1054.201081071574]
	[-234.1893502634445, 196.8084846862328, 1053.258531486303]
	[-234.179752970721, 196.9395523237619, 1052.924602938263]
	[-233.9748271837137, 196.8809699382916, 1053.144225027542]
	[-234.1807786373227, 196.7917480812254, 1053.145289214674]
	[-233.6114931855383, 196.5771137622131, 1053.842993469284]
	[-234.4312122373038, 196.9367872252343, 1052.868938638784]
	[-233.8078218972225, 196.6622297206473, 1053.59636267769]
	[-233.9430309108131, 196.5834647428909, 1053.76529741383]
	[-234.2542545434253, 196.931558916796, 1052.874039550745]
	[-234.0086484753527, 196.5887870976997, 1053.728366243424]
	[-234.3191878417911, 197.0017254911125, 1052.691505951801]
	[-233.6889347424823, 196.5919125188599, 1053.805022352449]
	[-233.6484340387818, 196.5968916869445, 1053.83232514706]
	[-234.0332619364658, 196.8709398780722, 1053.102305026682]
	[-234.0022985726717, 196.793657641463, 1053.256661803463]
	[-234.1032169073319, 196.9417730086023, 1052.975361324022]
	[-234.1421100685465, 196.5722448751196, 1053.634888136387]
	[-233.9330313493625, 196.5907981479783, 1053.776202051369]
	[-233.762848583226, 196.4443996788515, 1054.090455555601]
	[-234.0022985726717, 196.793657641463, 1053.256661803463]
	[-233.8183289519211, 196.5989864531186, 1053.850336491029]
	[-234.0022985726717, 196.793657641463, 1053.256661803463]
	[-234.2894721173836, 197.0059525367328, 1052.70135078209]
	[-233.8961252841975, 196.5777600298433, 1053.790708926587]
	[-234.2656664588561, 197.0902338476972, 1052.587051458899]
	[-234.0715408914552, 196.5010614721052, 1053.801434781631]
	[-233.8344412238005, 196.8092620366521, 1053.368424144498]
	[-234.0798109259405, 196.9426754701124, 1052.989304318851]
	[-233.9668143510992, 196.799329011914, 1053.281841173566]
	[-234.1642675170796, 196.9452754208033, 1052.938708537868]
	[-234.0375163254875, 196.5705112094925, 1053.699195453147]
	[-234.0022985726717, 196.793657641463, 1053.256661803463]
	[-234.0337224040548, 196.8165078387237, 1053.18516003411]
	[-233.795715812141, 196.3652858871976, 1054.20268539889]
	[-233.98566489462, 196.7981394288849, 1053.26927457111]
	[-233.6931029109048, 196.5958069721066, 1053.80488557709]
	[-234.1964342706227, 196.9350172924543, 1052.911998513847]
	[-233.98360566215, 196.7948411508451, 1053.269164165038]
	[-234.0642645752774, 196.7897632204655, 1053.21492841356]
	[-233.9795480608955, 196.5147988306652, 1053.866763592204]
	[-234.154028610409, 196.8110996676935, 1053.282904412652]
	[-233.7627060060669, 196.5852909708175, 1053.757183916109]
	[-233.8368843886591, 196.581484568931, 1053.82870855256]
	[-234.0366766754623, 196.7243147200854, 1053.35909234708]
	[-234.0058973209671, 196.8063607318974, 1053.246615146]
	[-233.9502951867746, 196.9944609581242, 1052.912869916033]
	[-234.0503990635264, 196.58327072111, 1053.699164681799]
	[-234.0803724680721, 196.785322910442, 1053.202585457358]
	[-233.98360566215, 196.7948411508451, 1053.269164165038]
	[-234.0825579800188, 197.2572213071212, 1052.341263748172]
	[-233.9234118784067, 196.7976846921397, 1053.307255505548]
	[-233.9390386978401, 196.8804643879665, 1053.166884464378]
	[-234.0614468670323, 196.6501126476061, 1053.551824647444]
	[-234.2370617949421, 197.0018020493078, 1052.744488457848]
	[-233.7577697629085, 196.8051056050716, 1053.396945091089]
	[-234.0803459359755, 196.5723336067216, 1053.673952062068]
	[-234.0803724680721, 196.785322910442, 1053.202585457358]
	[-233.7380136582591, 196.3689777935341, 1054.23949984347]
	[-234.0986664269873, 196.93999047837, 1052.975966334736]
	[-233.7119893969546, 196.3810854385642, 1054.261970034703]
	[-233.7360300835351, 196.669537979277, 1053.643933291251]
	[-233.9748376208236, 197.0730549625364, 1052.755823974945]
	[-234.2820976710734, 196.8629873991462, 1052.942997898584]
	[-234.0600603944713, 196.790106180947, 1053.219118525429]
	[-234.2217082278832, 197.0103954298464, 1052.760527051763]
	[-234.0818220091337, 196.6452792352027, 1053.535321215041]
	[-233.9544450622093, 196.6624781968552, 1053.625678187105]
	[-233.9202766438289, 197.0111291152197, 1052.927758884555]
	[-234.2010197800469, 196.7999861972844, 1053.122534638103]
	[-233.8067157872216, 196.624097090714, 1053.619964900577]
	[-234.0471083665627, 196.6553192293463, 1053.563839979272]
	[-233.6742204385672, 196.6694540933335, 1053.680720751857]
	[-233.8382116070588, 197.0024327429844, 1052.988332278215]
	[-234.1776612071222, 196.9360388996466, 1052.924915013925]
	[-234.0334955872157, 196.9993027967116, 1052.86571954775]
	[-234.2029119743744, 196.9872944443827, 1052.750505705611]
	[-234.1330655468926, 197.0211588470285, 1052.823269353691]
	[-234.0233432536672, 196.5889150677499, 1053.704697589509]
	[-234.0471083665627, 196.6553192293463, 1053.563839979272]
	[-234.1352626612445, 196.7216274831191, 1053.422183686093]
	[-233.6617482985307, 196.6397351725605, 1053.715951887202]
	[-233.914939236901, 196.5920456021895, 1053.788111804447]
	[-233.9511641937697, 196.7847172474545, 1053.379406724056]
	[-234.2358379389705, 197.0009671716169, 1052.823619743369]
	[-233.9400996936303, 196.7932047374807, 1053.294623574227]
	[-234.1290956922967, 196.9930543345645, 1052.800155118513]
	[-233.8669102922291, 196.8086597009311, 1053.17554916189]
	[-233.997918516213, 196.7896014594793, 1053.257222512867]
	[-234.0412956864903, 196.7912376449784, 1053.231772286482]
	[-233.9856715482845, 196.9422210839666, 1053.033205882108]
	[-234.2163324112315, 196.7212207065888, 1053.370849718405]
	[-233.6993564940153, 196.5791778045603, 1053.89764841745]
	[-233.8074972257451, 196.5843681831804, 1053.72971797062]
	[-234.0081570656927, 196.991062466127, 1052.874908805991]
	[-233.7515379474289, 196.3787015427933, 1054.23693186645]
	[-233.7627060060669, 196.5852909708175, 1053.757183916109]
	[-233.7627060060669, 196.5852909708175, 1053.757183916109]
	[-234.2607381360282, 196.7958441285283, 1053.206550823983]
	[-233.9652147965196, 196.8687800312513, 1053.143508479321]
	[-233.795715812141, 196.3652858871976, 1054.20268539889]
	[-234.0412956864903, 196.7912376449784, 1053.231772286482]
	[-233.8391889579441, 196.3669096670048, 1054.17747661417]
	[-233.9868964545936, 196.9611658189248, 1052.878267042885]
	[-233.7105134768439, 196.7856724120072, 1053.416326620885]
	[-234.1382301321233, 196.7819197728276, 1053.164643644086]
	[-234.0600603944713, 196.790106180947, 1053.219118525429]
	[-233.7812240655678, 196.5839005423852, 1053.745237336466]
	[-233.8780213892708, 196.6463384899517, 1053.544339471425]
	[-233.9769284473055, 196.5789303943135, 1053.623629093755]
	[-233.9515451956118, 196.7817247343493, 1053.384600239709]
	[-233.7812240655678, 196.5839005423852, 1053.745237336466]
	[-233.6589653561531, 196.4916729356306, 1054.029196106497]
	[-233.983873494852, 196.8675952913071, 1053.131028246366]
	[-234.0645318268191, 196.6984064143124, 1053.430231060408]
	[-234.0022985726717, 196.793657641463, 1053.256661803463]
	[-233.6752855177464, 196.5972477071535, 1053.816223810164]
	[-234.2215949749323, 196.9751066268571, 1052.785908433904]
	[-233.7105134768439, 196.7856724120072, 1053.416326620885]
	[-234.0273395811992, 196.8692554550796, 1053.105491042607]
	[-234.077688166979, 196.8701389613694, 1053.061110818555]
	[-234.1001411884011, 196.5711802764758, 1053.660612219671]
	[-233.8002320959361, 196.3692009396825, 1054.20230908735]
	[-234.0796156338585, 196.5760042813882, 1053.677203103392]
	[-233.6993917708508, 196.4434078506438, 1054.127746684316]
	[-234.1845858184997, 196.7250534282948, 1053.393286075754]
	[-234.2876088952801, 196.717801663492, 1053.308628275618]
	[-234.0471083665627, 196.6553192293463, 1053.563839979272]
	[-233.9784370820995, 196.5802835594832, 1053.623137209409]
	[-234.0461188602998, 196.8681277837153, 1053.092820228705]
	[-234.1540137012973, 196.7205410097991, 1053.409430009498]
	[-234.2163324112315, 196.7212207065888, 1053.370849718405]
	[-233.7078643851322, 196.5291265875653, 1054.038435937678]
	[-234.1006168680269, 196.793577119943, 1053.179826317443]
	[-233.7812240655678, 196.5839005423852, 1053.745237336466]
	[-234.2827038773837, 196.5733894694961, 1053.54665983046]
	[-233.839402820207, 196.5379926941585, 1053.965325441615]
	[-234.0371849540208, 196.5112043303302, 1053.829535338434]
	[-234.0412956864903, 196.7912376449784, 1053.231772286482]
	[-234.1776612071222, 196.9360388996466, 1052.924915013925]
	[-233.7293318715023, 196.784402134703, 1053.403998534777]
	[-234.0567533007175, 196.719444978461, 1053.342850277018]
	[-234.112223107241, 196.9506120014705, 1052.973218346948]
	[-234.1832389420624, 196.7952416238685, 1053.144794654085]
	[-234.0600603944713, 196.790106180947, 1053.219118525429]
	[-234.1957436930771, 196.5105996825384, 1053.730496976538]
	[-233.8436979369404, 196.44330160621, 1054.04106979236]
	[-234.0086484753527, 196.5887870976997, 1053.728366243424]
	[-233.7681254252708, 196.593252489612, 1053.758623294969]
	[-233.8619538273948, 196.3646146284156, 1054.162282424078]
	[-233.8924030680315, 196.5295060152961, 1053.928365189048]
	[-233.7872456455709, 196.3785371778644, 1054.21564064031]
	[-233.7812240655678, 196.5839005423852, 1053.745237336466]
	[-233.9784370820995, 196.5802835594832, 1053.623137209409]
	[-233.8955657603949, 196.8062151447135, 1053.330009537209]
	[-233.9668143510992, 196.799329011914, 1053.281841173566]
	[-233.7649716968502, 196.3749979702152, 1054.226918541952]
	[-233.764611912662, 196.5883228063296, 1053.75786149024]
	[-233.7837460411009, 196.3735899794676, 1054.214883689325]
	[-233.8078218972225, 196.6622297206473, 1053.59636267769]
	[-233.6405578846369, 196.6044822840342, 1053.841063891776]
	[-233.6757864951705, 196.6003078077396, 1053.81789642313]
	[-234.1974619276488, 196.7222496334862, 1053.383794180539]
	[-234.2788540742842, 196.7178266169154, 1053.327693117587]
	[-233.7810493254111, 196.3762777476277, 1054.218210848145]
	[-233.9005498760819, 196.5758068865537, 1053.667827533198]
	[-234.1571697635756, 196.7322692328244, 1053.287992576486]
	[-233.764611912662, 196.5883228063296, 1053.75786149024]
	[-233.907821214888, 196.7408689629897, 1053.447415046183]
	[-233.8262130507317, 196.5830193992988, 1053.717569907952]
	[-233.9982504873062, 196.5135652272949, 1053.85436888227]
	[-234.0292652716868, 196.9631974862968, 1053.018909114843]
	[-233.8962192957426, 196.8095317200946, 1053.331141373246]
	[-234.0193917622158, 196.5812081580983, 1053.598367671842]
	[-233.9272884917526, 196.5264595203069, 1053.905213610726]
	[-234.2337720332777, 196.7213780383489, 1053.234911530294]
	[-233.8924030680315, 196.5295060152961, 1053.928365189048]
	[-233.7103685596426, 196.5969985041575, 1053.795497970719]
	[-233.8078218972225, 196.6622297206473, 1053.59636267769]
	[-234.2441979328293, 196.8003579765201, 1053.2191012341]
	[-233.9619439896233, 196.5847227909746, 1053.635703658756]
	[-234.1244475889169, 196.8599610479785, 1053.038205842387]
	[-234.0090951682554, 196.5823015220901, 1053.724157993342]
	[-234.0408071094247, 196.5762999566905, 1053.581416213026]
	[-233.9619439896233, 196.5847227909746, 1053.635703658756]
	[-234.1616204177941, 196.4329417380294, 1053.838019125207]
	[-233.9500297333282, 196.5220662504107, 1053.888814458048]
	[-234.1001411884011, 196.5711802764758, 1053.660612219671]
	[-233.981717208271, 196.518008830016, 1053.866933297083]
	[-233.8222602432007, 196.5846425404185, 1053.7208915586]
	[-234.1991898830027, 196.7250390270563, 1053.257455607675]
	[-233.8222602432007, 196.5846425404185, 1053.7208915586]
	[-233.98566489462, 196.7981394288849, 1053.26927457111]
	[-233.981234208126, 196.370119809352, 1054.092691629246]
	[-233.981234208126, 196.370119809352, 1054.092691629246]
	[-233.8121716948837, 196.5059114566905, 1053.888626591588]
	[-234.0985891428176, 196.7204418259143, 1053.31730322835]
	[-234.0055833956674, 196.5916815238232, 1053.73165778772]
	[-233.8112400777567, 196.6671326975004, 1053.597218118147]
	[-234.1064008066803, 196.9488403281694, 1052.976436391519]
	[-233.9311070828627, 196.8065638546013, 1053.307798988168]
	[-234.1250680214948, 196.4594813746041, 1053.761875076864]
	[-234.2027359114734, 196.7954207920147, 1053.133651179053]
	[-233.907821214888, 196.7408689629897, 1053.447415046183]
	[-233.761762762707, 196.5910415360684, 1053.761243129515]
	[-233.8619538273948, 196.3646146284156, 1054.162282424078]
	[-234.0642645752774, 196.7897632204655, 1053.21492841356]
	[-234.0683435401966, 196.3674139312581, 1053.942671545501]
	[-234.1914554377747, 196.5944489934593, 1053.487281022436]
	[-233.9619439896233, 196.5847227909746, 1053.635703658756]
	[-234.0058973209671, 196.8063607318974, 1053.246615146]
	[-234.0408071094247, 196.5762999566905, 1053.581416213026]
	[-233.8222602432007, 196.5846425404185, 1053.7208915586]
	[-234.1097689180652, 196.5750756462779, 1053.656058765947]
	[-233.9850729421932, 196.5228608864094, 1053.867937376657]
	[-233.8836610138288, 196.4661073369891, 1053.914150244614]
	[-234.042463176791, 196.5812192368809, 1053.583551195725]
	[-234.0239335816165, 196.6214938673158, 1053.607595549435]
	[-233.9655866842444, 196.5858440836952, 1053.633951321521]
	[-233.8426393162608, 196.5793404986404, 1053.705297798711]
	[-234.1828931909811, 196.7295146174573, 1053.269914444299]
	[-233.7810493254111, 196.3762777476277, 1054.218210848145]
	[-233.7720399525484, 196.4786532137812, 1053.988227320131]
	[-233.8019244357451, 196.9860986084798, 1053.012432288649]
	[-233.8602430475919, 196.367291346485, 1054.164960094894]
	[-233.7810493254111, 196.3762777476277, 1054.218210848145]
	[-234.3161969430739, 196.5039065057019, 1053.649219786927]
	[-233.994841845946, 196.6669585555038, 1053.602468289231]
	[-233.9534154180927, 196.6280413084364, 1053.654090402503]
	[-233.7871400479044, 196.5879664058478, 1053.744122869324]
	[-234.1000860452581, 196.5329194759044, 1053.64350291415]
	[-234.0841609341436, 196.5755880683267, 1053.672903207903]
	[-233.9449225729883, 196.5373928894098, 1053.740331228742]
	[-233.8388406950056, 196.372683142491, 1054.181085355447]
	[-234.0663715323913, 196.7432448794036, 1053.351745483236]
	[-234.1971605619507, 196.7287026327801, 1053.386185113271]
	[-233.5861997278939, 196.8371710393154, 1053.361469612369]
	[-233.8619792027876, 196.3723823740287, 1054.166882862726]
	[-234.0729674346042, 196.7881107900234, 1053.208565950994]
	[-233.7150471577084, 196.8256762331393, 1053.277794960816]
	[-233.911477127923, 196.5321039738692, 1053.917999840083]
	[-234.1468606018347, 196.7321170936052, 1053.294746826639]
	[-234.4962791748, 196.8146989023154, 1052.956560132533]
	[-233.7685561257868, 196.4813659718934, 1053.992061935881]
	[-234.314759053695, 196.5068802267095, 1053.651202624197]
	[-233.9849122831232, 196.7323079378172, 1053.394710926422]
	[-234.0408071094247, 196.5762999566905, 1053.581416213026]
	[-233.9684677222894, 196.3729106214114, 1054.102138140162]
	[-233.6975852957383, 196.489324355911, 1054.038238342574]
	[-233.8426393162608, 196.5793404986404, 1053.705297798711]
	[-233.7871400479044, 196.5879664058478, 1053.744122869324]
	[-233.9978469505578, 196.7976381530333, 1053.261249805039]
	[-234.2526379272618, 196.7199539553898, 1053.219842208487]
	[-234.3291123133357, 196.7144880045495, 1053.166101408269]
	[-233.761762762707, 196.5910415360684, 1053.761243129515]
	[-234.2788540742842, 196.7178266169154, 1053.327693117587]
	[-233.7517663086143, 196.591150315537, 1053.76727604306]
	[-234.0186386032381, 196.6573539038305, 1053.464239402429]
	[-233.8222602432007, 196.5846425404185, 1053.7208915586]
	[-233.8843075425877, 196.6561631423112, 1053.545900257193]
	[-233.9183741578737, 196.8093812164554, 1053.317166074758]
	[-234.2320758103142, 196.7847388464558, 1053.105779933527]
	[-234.0053821711772, 196.5839535561146, 1053.727286563321]
	[-233.8426393162608, 196.5793404986404, 1053.705297798711]
	[-234.6104717654, 196.9389058611835, 1052.755540903734]
	[-233.8436979369404, 196.44330160621, 1054.04106979236]
	[-234.0844997781177, 196.7980234284672, 1053.192167853092]
	[-233.7295248361336, 196.3822328591749, 1054.252494818191]
	[-233.6947974688293, 196.3855526994104, 1054.274932571813]
	[-233.8779139923844, 196.3602716953949, 1054.14996736281]
	[-233.7837460411009, 196.3735899794676, 1054.214883689325]
	[-233.764611912662, 196.5883228063296, 1053.75786149024]
	[-234.0642645752774, 196.7897632204655, 1053.21492841356]
	[-233.6767701391506, 196.3870044667384, 1054.286324204962]
	[-234.0084508846433, 196.7981301814717, 1053.254665024391]
	[-233.7103685596426, 196.5969985041575, 1053.795497970719]
	[-234.2606368537923, 196.936448800668, 1052.871086950971]
	[-234.3167977955058, 197.0048636720607, 1052.693994388761]
	[-233.764611912662, 196.5883228063296, 1053.75786149024]
	[-234.1000575208602, 196.5060546966104, 1053.785761896443]
	[-233.8858522743248, 196.436128909016, 1054.081983744191]
	[-234.1001411884011, 196.5711802764758, 1053.660612219671]
	[-233.8260682949735, 196.4698764128774, 1053.950901396031]
	[-233.9975975131094, 196.8802020519864, 1053.130458554561]
	[-233.7871400479044, 196.5879664058478, 1053.744122869324]
	[-234.1207631461764, 196.3904898033814, 1054.007314406983]
	[-234.0433923917235, 196.7945970606428, 1053.231740280248]
	[-233.981234208126, 196.370119809352, 1054.092691629246]
	[-234.0888664484421, 196.6542616489067, 1053.5362984027]
	[-233.9596283125453, 196.5814968279985, 1053.635628741974]
	[-234.0055833956674, 196.5916815238232, 1053.73165778772]
	[-234.0642645752774, 196.7897632204655, 1053.21492841356]
	[-234.1703730569045, 196.7980513332751, 1053.154351734473]
	[-234.0542352101363, 196.7223811181361, 1053.3457521946]
	[-233.7546308358747, 196.9468150901219, 1053.16998793852]
	[-233.9982504873062, 196.5135652272949, 1053.85436888227]
	[-233.9085845307286, 196.3770387213854, 1054.141545208115]
	[-233.8426393162608, 196.5793404986404, 1053.705297798711]
	[-233.7272158931073, 196.5925479988923, 1053.782733504327]
	[-234.0058973209671, 196.8063607318974, 1053.246615146]
	[-233.9976015751629, 196.3657132390179, 1054.080175649006]
	[-234.0803724680721, 196.785322910442, 1053.202585457358]
	[-234.2228658203216, 196.7259645302216, 1053.368079934463]
	[-233.9056976629817, 196.4388956109289, 1054.000505764456]
	[-234.0844997781177, 196.7980234284672, 1053.192167853092]
	[-234.294881758435, 196.7133616287204, 1053.315419711127]
	[-233.9168676975895, 196.430559349303, 1053.988836391953]
	[-233.8426393162608, 196.5793404986404, 1053.705297798711]
	[-234.1073508422721, 196.9458876206713, 1052.97481930747]
	[-234.3365577727715, 196.781748678808, 1053.038849795315]
	[-234.2893851750593, 196.7210239445473, 1053.323535045112]
	[-233.7007120170687, 196.6754351535977, 1053.668471952384]
	[-234.0600603944713, 196.790106180947, 1053.219118525429]
	[-233.8347316866182, 196.4509624515908, 1054.051043177097]
	[-233.8389065116316, 196.5802112484138, 1053.708258567183]
	[-233.8002320959361, 196.3692009396825, 1054.20230908735]
	[-234.3395362645574, 196.7881542785503, 1053.150580091972]
	[-234.0559594162447, 196.5100229884575, 1053.816989638399]
	[-234.0630733721418, 196.5804624445118, 1053.689774119071]
	[-234.2195029381883, 196.5767232303331, 1053.590269242577]
	[-234.2609955647866, 196.8001258723826, 1053.084080333398]
	[-234.3771203027756, 196.9984627403002, 1052.652972101741]
	[-233.8426393162608, 196.5793404986404, 1053.705297798711]
	[-234.3071067899647, 196.7338105822789, 1053.322063843426]
	[-234.0115713072194, 196.6624729988605, 1053.58976094637]
	[-233.764611912662, 196.5883228063296, 1053.75786149024]
	[-234.2641751377139, 196.5586635065382, 1053.575345208092]
	[-234.210967385494, 197.0168061815788, 1052.769632831481]
	[-233.9628566342055, 196.5192489470926, 1053.879391774858]
	[-233.7317814519436, 196.8212236354118, 1053.265118758213]
	[-233.7837460411009, 196.3735899794676, 1054.214883689325]
	[-234.3374589666714, 196.8482194868375, 1052.974306861241]
	[-233.9660786855709, 196.7307265666979, 1053.405930895147]
	[-233.7459368721677, 196.5897212695189, 1053.76986791079]
	[-234.2788540742842, 196.7178266169154, 1053.327693117587]
	[-234.2837173575148, 196.7961953202086, 1053.191063080527]
	[-234.1043964608435, 196.5838656610104, 1053.650212673912]
	[-234.2441979328293, 196.8003579765201, 1053.2191012341]
	[-233.9982504873062, 196.5135652272949, 1053.85436888227]
	[-233.7551900874261, 196.455019738489, 1054.101274527318]
	[-234.0803724680721, 196.785322910442, 1053.202585457358]
	[-233.858727439748, 196.5749645717748, 1053.692931773446]
	[-234.294881758435, 196.7133616287204, 1053.315419711127]
	[-234.1149010643474, 196.74536637273, 1053.273077823783]
	[-234.1338514183014, 197.0247472363849, 1052.823834626114]
	[-234.0265636249408, 196.7830364936787, 1053.234801654193]
	[-233.8074393280638, 196.7216846405991, 1053.368909613949]
	[-233.7191043048959, 196.5837095436881, 1053.782398699129]
	[-233.7812240655678, 196.5839005423852, 1053.745237336466]
	[-234.275008420969, 196.7143479266263, 1053.32918543945]
	[-234.1444906282135, 196.6460289369122, 1053.49649040335]
	[-233.858727439748, 196.5749645717748, 1053.692931773446]
	[-234.2586520213805, 196.9316424680644, 1052.868929464538]
	[-233.98360566215, 196.7948411508451, 1053.269164165038]
	[-233.7812240655678, 196.5839005423852, 1053.745237336466]
	[-233.9165094825667, 196.5714234341918, 1053.655556180729]
	[-233.7675481386462, 196.4740114590397, 1054.001740960075]
	[-234.0600603944713, 196.790106180947, 1053.219118525429]
	[-234.1964342706227, 196.9350172924543, 1052.911998513847]
	[-234.2163324112315, 196.7212207065888, 1053.370849718405]
	[-234.294881758435, 196.7133616287204, 1053.315419711127]
	[-234.0659851696482, 196.6541838486683, 1053.551140932621]
	[-234.2575262673717, 196.7223258587137, 1053.345475573962]
	[-234.0225400776711, 196.8018732379971, 1053.234003171336]
	[-234.1964342706227, 196.9350172924543, 1052.911998513847]
	[-234.1203859184131, 196.5794518573007, 1053.63792315101]
	[-234.2023314598562, 196.6427255675028, 1053.458396739226]
	[-234.1145954679744, 196.7160000248186, 1053.305051026991]
	[-233.8002320959361, 196.3692009396825, 1054.20230908735]
	[-233.9982504873062, 196.5135652272949, 1053.85436888227]
	[-234.294881758435, 196.7133616287204, 1053.315419711127]
	[-233.8361342379791, 196.5598766607765, 1053.80204355596]
	[-234.0366766754623, 196.7243147200854, 1053.35909234708]
	[-233.9258610625829, 196.7094835081817, 1053.458757239034]
	[-234.0892742076413, 196.9469672575057, 1052.987106642833]
	[-233.8779139923844, 196.3602716953949, 1054.14996736281]
	[-234.2741165050277, 196.7178141150519, 1053.332913476094]
	[-234.0366766754623, 196.7243147200854, 1053.35909234708]
	[-233.8244168585446, 196.6577966170022, 1053.583741473239]
	[-234.2163324112315, 196.7212207065888, 1053.370849718405]
	[-233.7404591589318, 196.2819678370082, 1054.394222591856]
	[-234.0762499680793, 196.5051115621211, 1053.800690315613]
	[-234.3395362645574, 196.7881542785503, 1053.150580091972]
	[-234.2542545434253, 196.931558916796, 1052.874039550745]
	[-234.3143283403869, 196.6791360321209, 1053.395256037089]
	[-234.2322402581963, 196.7124992347037, 1053.354593598548]
	[-234.2823578314331, 196.7862845316774, 1053.185984345801]
	[-233.7025502537612, 196.4635916953915, 1054.137684782792]
	[-234.1964342706227, 196.9350172924543, 1052.911998513847]
	[-234.3395362645574, 196.7881542785503, 1053.150580091972]
	[-233.9784370820995, 196.5802835594832, 1053.623137209409]
	[-234.3465141828213, 196.7124723803079, 1053.282037788366]
	[-234.4004730553544, 196.5596588106587, 1053.57341361509]
	[-234.3842546441672, 196.6734724079947, 1053.35881705091]
	[-234.2448478468941, 196.5124208909411, 1053.73295136265]
	[-234.490455743365, 196.8168031274925, 1053.067789335811]
	[-234.2163324112315, 196.7212207065888, 1053.370849718405]
	[-234.0892742076413, 196.9469672575057, 1052.987106642833]
	[-233.8779139923844, 196.3602716953949, 1054.14996736281]
	[-234.2228658203216, 196.7259645302216, 1053.368079934463]
	[-234.0176246433242, 196.4189570033658, 1053.991124719294]
	[-234.3376976819912, 196.6016241065134, 1053.525530064617]
	[-234.026259884461, 196.5867699686266, 1053.715330194903]
	[-234.2228658203216, 196.7259645302216, 1053.368079934463]
	[-234.4774880183201, 196.7161361408188, 1053.199737408475]
	[-234.0985891428176, 196.7204418259143, 1053.31730322835]
	[-234.2228658203216, 196.7259645302216, 1053.368079934463]
	[-234.2772230710387, 196.7208071240509, 1053.329794942896]
	[-234.3111837624132, 196.7190878391085, 1053.306220105996]
	[-234.1848113457297, 196.7285112292061, 1053.39615328512]
	[-234.0102799580896, 196.731606158445, 1053.378219842314]
	[-233.981717208271, 196.518008830016, 1053.866933297083]
	[-234.0727453088623, 196.6860773783864, 1053.42964239446]
	[-234.13466968327, 196.7413500923598, 1053.418922809438]
	[-234.1971605619507, 196.7287026327801, 1053.386185113271]
	[-234.1217641679713, 196.9508065584897, 1052.966989488601]
	[-233.8658554461053, 196.4433688931379, 1054.098247203231]
	[-234.179752970721, 196.9395523237619, 1052.924602938263]
	[-233.9543861189815, 196.7591058965837, 1053.36486455792]
	[-234.2653731690535, 196.8037167561006, 1053.205895184994]
	[-234.4036036763013, 196.612196867903, 1053.492721915792]
	[-234.294881758435, 196.7133616287204, 1053.315419711127]
	[-234.073540167476, 196.9621531241998, 1052.989673610078]
	[-234.141961714351, 196.7369125832551, 1053.425706339007]
	[-234.3788259860437, 196.6949792646004, 1053.269928412407]
	[-233.8780620898702, 196.6369697525511, 1053.704802093797]
	[-234.1904861433478, 196.6208523103942, 1053.629869830344]
	[-234.0629439774909, 196.4017881434194, 1054.04938817416]
	[-234.2443049856325, 196.5152613420202, 1053.70027052457]
	[-234.2772230710387, 196.7208071240509, 1053.329794942896]
	[-234.0105795798619, 196.4095334492191, 1054.086033367372]
	[-234.3505303971401, 196.9903087981205, 1052.788363011856]
	[-234.8217101357351, 197.020327655882, 1052.367629890053]
	[-234.0445446560932, 196.3686813889849, 1054.157809177256]
	[-234.3198067537711, 196.8127109875817, 1053.064890396493]
	[-234.2353462104996, 196.3822076108886, 1053.929775475578]
	[-234.3045627014849, 196.7175798679951, 1053.310206532999]
	[-234.2932224415468, 197.0030832193796, 1052.82503697795]
	[-234.20319938904, 196.6180245172361, 1053.620474037158]
	[-234.1233226810072, 196.8554041827802, 1053.112215656002]
	[-234.2207593620579, 196.7289484305321, 1053.370559316301]
	[-234.0082249357336, 196.7344370329762, 1053.380899771345]
	[-233.9825813937771, 196.7351600586501, 1053.397562814772]
	[-234.2228658203216, 196.7259645302216, 1053.368079934463]
	[-234.31295774492, 196.4511516427659, 1053.743594746514]
	[-234.2874358781903, 196.6302319657376, 1053.576674386378]
	[-234.3806362318189, 196.7305614957621, 1053.270783777288]
	[-234.3680823517405, 196.9675042666385, 1052.754905440039]
	[-234.0430079985341, 196.4068848940346, 1054.065011519378]
	[-234.179752970721, 196.9395523237619, 1052.924602938263]
	[-233.8829230679424, 196.6119350737779, 1053.803901071654]
	[-234.3939001655816, 196.8316712768853, 1053.029010326312]
	[-234.0560537969844, 197.1081011428671, 1052.632935916888]
	[-234.0023816251039, 196.5207290823028, 1053.855267641695]
	[-234.2468236174475, 196.7285401289815, 1053.352983311321]
	[-234.2975463327849, 196.78545396582, 1053.174784683867]
	[-234.0131193123527, 196.6962680159695, 1053.479288605334]
	[-233.9328711795335, 196.7399900979487, 1053.431303979562]
	[-234.5491330419598, 196.9278773073626, 1052.678070988012]
	[-234.2026408048492, 196.9398170022437, 1052.90934492112]
	[-234.2207593620579, 196.7289484305321, 1053.370559316301]
	[-233.8587559117128, 196.6066287272483, 1053.830307741312]
	[-234.3392170011381, 196.6065062775517, 1053.527968709561]
	[-233.9562559397716, 196.7167052237259, 1053.443848203113]
	[-234.2384431431884, 196.9012741433198, 1052.976817628776]
	[-234.1219729371455, 196.7441624438076, 1053.42834800565]
	[-234.1024289930567, 196.4633840021916, 1053.897917564342]
	[-234.2640072687413, 196.8209910082059, 1053.104979495725]
	[-234.0484038680956, 196.7245986283873, 1053.350503536619]
	[-234.3178499175075, 196.815695191952, 1053.067169277868]
	[-234.1249967823137, 196.9477898791241, 1052.963789089851]
	[-234.1971605619507, 196.7287026327801, 1053.386185113271]
	[-234.5755379283176, 197.1053278483781, 1052.399642801456]
	[-233.9943402941854, 196.621394802246, 1053.625340163568]
	[-234.2814472947891, 196.6098729326089, 1053.565964240312]
	[-234.1249967823137, 196.9477898791241, 1052.963789089851]
	[-233.8192196937297, 196.6045965205303, 1053.734582143013]
	[-233.8200584327203, 196.7524255261942, 1053.507512816405]
	[-234.2733560700165, 196.6920400515781, 1053.439473852269]
	[-233.9001059787939, 196.629508922292, 1053.687440014977]
	[-234.5266992844149, 196.6065504143541, 1053.408883440204]
	[-233.764611912662, 196.5883228063296, 1053.75786149024]
	[-234.1049778772418, 196.7375245665864, 1053.324327787538]
	[-234.2316074091915, 196.6144074860568, 1053.600510111706]
	[-234.1754437315466, 196.7362815669015, 1053.278938620527]
	[-234.3349596878743, 196.5667237508544, 1053.619726679704]
	[-234.4559157664783, 196.6072280243498, 1053.45560147539]
	[-234.1474877052637, 196.9502362826892, 1052.949766956651]
	[-234.2768700619507, 196.6057587198224, 1053.566744409844]
	[-234.2391769423911, 196.7214799169872, 1053.355625406599]
	[-234.0325365507479, 196.961806265323, 1053.029485643569]
	[-234.1217641679713, 196.9508065584897, 1052.966989488601]
	[-234.1450433086362, 196.7339254737526, 1053.4225615235]
	[-234.0238585378396, 196.613767977654, 1053.603152265265]
	[-234.6952790139745, 196.8227876898949, 1052.936122331235]
	[-234.1658537004489, 197.0251934099929, 1052.802610580188]
	[-234.3049388779447, 197.011011631107, 1052.706087287451]
	[-234.2482738499329, 196.6173327410464, 1053.592213277597]
	[-234.0565591465898, 196.7448801040902, 1053.484460749223]
	[-234.2814472947891, 196.6098729326089, 1053.565964240312]
	[-233.9052985590325, 196.6995820691544, 1053.561990922421]
	[-234.1450433086362, 196.7339254737526, 1053.4225615235]
	[-233.9278697530127, 196.8094529503578, 1053.311224479388]
	[-234.1869066783125, 196.7285382907831, 1053.392940287533]
	[-234.1143405145814, 196.4641752167761, 1053.89073265419]
	[-234.5070691446468, 196.9290621677828, 1052.706013270793]
	[-234.0966625273623, 196.6610109637359, 1053.534187182338]
	[-234.1234712423804, 196.573630373819, 1053.646488207763]
	[-233.9404574123986, 196.5249041575898, 1053.89622390988]
	[-234.2189069864013, 196.6171905823617, 1053.609896710479]
	[-233.9675919049572, 196.5878687165585, 1053.753075910752]
	[-234.2228658203216, 196.7259645302216, 1053.368079934463]
	[-234.1450433086362, 196.7339254737526, 1053.4225615235]
	[-234.1697890875298, 196.9695164759036, 1052.882173815336]
	[-234.3186707601098, 196.6032674055121, 1053.540671005502]
	[-234.199776720328, 196.7257232436747, 1053.383402890909]
	[-234.1093249806244, 196.4732747475666, 1053.884349196478]
	[-234.1705269493188, 196.7333566451119, 1053.405542579808]
	[-233.95036733393, 196.4136916959363, 1054.125176063189]
	[-234.2089091622794, 196.8314903522296, 1053.145191862609]
	[-234.1249967823137, 196.9477898791241, 1052.963789089851]
	[-234.0699232524738, 196.740262531758, 1053.34826420262]
	[-234.1335381429001, 196.6033861902763, 1053.52868253414]
	[-234.2064479785409, 196.6150584499508, 1053.617220173725]
	[-233.9825813937771, 196.7351600586501, 1053.397562814772]
	[-233.9498411479665, 196.3804009649487, 1054.117796880773]
	[-234.1835106080582, 196.8321428382584, 1053.162103667474]
	[-234.4564186787163, 196.9376700220288, 1052.745862642829]
	[-234.0254925858807, 196.7913615325633, 1053.239251410644]
	[-233.9813388751792, 196.3778145044181, 1054.097147801829]
	[-234.3632511366212, 196.4625824422111, 1053.750224294038]
	[-233.7853283815488, 196.8010404933207, 1053.341156790805]
	[-234.3395009989291, 196.5986688338341, 1053.523307766552]
	[-234.2391769423911, 196.7214799169872, 1053.355625406599]
	[-234.3360441427144, 196.8082054123055, 1053.052554912443]
	[-233.9717742937058, 196.2651864135085, 1054.337146028015]
	[-233.8876989041137, 196.5008474515544, 1053.840121000376]
	[-233.8222602432007, 196.5846425404185, 1053.7208915586]
	[-234.0985891428176, 196.7204418259143, 1053.31730322835]
	[-234.2109067989876, 196.6919136634555, 1053.348818912712]
	[-234.0361799457797, 196.4799649801337, 1053.927171091199]
	[-234.0509274414693, 196.7078531011621, 1053.457927575399]
	[-233.7685561257868, 196.4813659718934, 1053.992061935881]
	[-234.1793277342592, 196.5150610061465, 1053.743002978275]
	[-233.9170909047059, 196.5933920443701, 1053.772147302176]
	[-234.2473083434261, 196.5965473733174, 1053.507353401892]
	[-234.0670057307732, 196.7391087348635, 1053.473471552487]
	[-234.0399355760269, 196.4019719748133, 1054.063829940134]
	[-233.6884553185087, 196.6011538127594, 1053.811059780231]
	[-233.8203844745246, 196.5514825974933, 1053.893611734854]
	[-234.0064650538262, 196.4848852813988, 1053.949079302231]
	[-233.637978035465, 196.3969552531661, 1054.315499007805]
	[-234.2078946454331, 196.5256858568532, 1053.680661843908]
	[-234.1841076715323, 196.7556583224339, 1053.220426745526]
	[-234.0679184573754, 196.5991955091476, 1053.684756568873]
	[-234.1793277342592, 196.5150610061465, 1053.743002978275]
	[-234.0408071094247, 196.5762999566905, 1053.581416213026]
	[-234.2778523984489, 196.5696602708152, 1053.537196241848]
	[-234.2431436519272, 196.807328267791, 1053.047482577042]
	[-234.2975948930669, 196.6051527856561, 1053.427508583907]
	[-234.027068591593, 196.4048079040039, 1054.073299039391]
	[-234.2097881706701, 196.8247382251287, 1053.142210747268]
	[-233.7805191196019, 196.3080357365058, 1054.416295245674]
	[-234.4041731601976, 196.6698065745216, 1053.331069590313]
	[-233.9127453165418, 196.6351921015356, 1053.682839365004]
	[-233.9099126301882, 196.4465505062666, 1054.006896595744]
	[-234.3425879408511, 196.7314039533914, 1053.297152531598]
	[-233.9469193110836, 196.4837866554535, 1053.886531566794]
	[-233.8672799584058, 196.3503335989002, 1054.270791931153]
	[-233.8690694338387, 196.4405846404479, 1054.094694982302]
	[-233.9465205628204, 196.7380753740923, 1053.421777348527]
	[-233.8996971079655, 196.5002252611116, 1053.831939824912]
	[-234.5179114359694, 196.8105374648932, 1052.93788568083]
	[-233.9929894736331, 196.4495990238547, 1053.837790098998]
	[-234.1631853824182, 196.621623325183, 1053.522217831415]
	[-234.1750736091723, 196.2748234964969, 1054.230005148552]
	[-234.1310413968018, 196.5320026804133, 1053.695518254905]
	[-234.1663752261026, 196.6186709625345, 1053.518964956139]
	[-234.2943820901532, 196.8930836959318, 1052.936466255241]
	[-234.3068993405199, 196.3711961624613, 1053.902376354746]
	[-234.1450975252191, 196.4110637124034, 1054.005288585517]
	[-233.8571170340141, 196.2264231226055, 1054.426394851568]
	[-234.1098636299416, 196.7366342182614, 1053.446646845226]
	[-234.0699232524738, 196.740262531758, 1053.34826420262]
	[-233.9045170478543, 196.7437319653502, 1053.450913485983]
	[-233.9042200535866, 196.6466550891837, 1053.599227750634]
	[-233.7137470925693, 196.3877413865827, 1054.265448820499]
	[-233.8924030680315, 196.5295060152961, 1053.928365189048]
	[-234.4968763905398, 196.6671813965359, 1053.115771383269]
	[-233.9264378992607, 196.2862635691275, 1054.387009739133]
	[-234.1586016642449, 196.4824158443568, 1053.85404055498]
	[-234.0109121646053, 196.3967930815972, 1053.939383131235]
	[-234.2940577558074, 196.5710485121688, 1053.648391866159]
	[-233.9788810691564, 196.3767969341512, 1054.202479802464]
	[-233.7558671061593, 196.4842054580387, 1054.001338168626]
	[-234.2770620146451, 196.3596870602624, 1054.010923711288]
	[-233.9614129001365, 196.4857034352897, 1053.976956957094]
	[-234.2127132238707, 196.2707994413024, 1054.204146682239]
	[-234.2244993601062, 196.525331087593, 1053.753245795577]
	[-234.1697649559362, 196.4098991451354, 1053.988967306992]
	[-234.1545875781098, 196.3870836469, 1054.007350395749]
	[-234.2872855658464, 196.3534510187258, 1054.000302529059]
	[-233.8924030680315, 196.5295060152961, 1053.928365189048]
	[-234.0230350696721, 196.5284736206633, 1053.793335574836]
	[-233.9313901895126, 196.381455146554, 1054.233782241443]
	[-234.2343179577432, 196.4773504948657, 1053.802276734174]
	[-234.1579425916535, 196.2792075719609, 1054.242881613563]
	[-234.1693327234496, 196.7425360771467, 1053.353430133062]
	[-234.1019549685417, 196.7404980686203, 1053.327471536443]
	[-234.2713512397117, 196.3578501976171, 1054.012433355474]
	[-234.3682949780356, 196.4536187679493, 1053.725179983456]
	[-233.8353844377164, 196.54084848172, 1053.969364425876]
	[-234.1429540638144, 196.4881646495224, 1053.866562694404]
	[-234.2202930824312, 196.40570622262, 1053.954504906399]
	[-234.0968227236365, 196.3609199292088, 1054.121235142331]
	[-234.0314879538794, 196.4475972497103, 1054.00031880935]
	[-234.0885114735121, 196.7092462095327, 1053.555487761853]
	[-234.1687057622001, 196.3124685632928, 1054.137256032024]
	[-233.8419658153624, 196.6413314742852, 1053.728897239027]
	[-234.1505390926665, 196.590560290721, 1053.749268936703]
	[-234.0777932870246, 196.5757074405585, 1053.663863992963]
	[-234.1279751441114, 196.3271434429849, 1054.170880509098]
	[-233.9853823814331, 196.5305486066565, 1053.782130408666]
	[-234.0022598490111, 196.7062402962737, 1053.404948183834]
	[-234.0629439774909, 196.4017881434194, 1054.04938817416]
	[-234.0920672363907, 196.5678282601213, 1053.665270284475]
	[-234.1450975252191, 196.4110637124034, 1054.005288585517]
	[-234.3666378317022, 196.4938973418359, 1053.761490789911]
	[-234.5128497614938, 196.6773761067244, 1053.267487753994]
	[-234.1630487616144, 196.7634152697241, 1053.25462141001]
	[-233.775770940505, 196.6629428611438, 1053.724123664922]
	[-234.2858664150964, 196.6468539973018, 1053.48496904397]
	[-234.0334106867178, 196.6399526550236, 1053.613040303165]
	[-234.0193749947857, 196.3696843175969, 1054.173857009226]
	[-234.1496855876705, 196.3200762564518, 1054.152901507772]
	[-233.8958169959828, 196.2502624515828, 1054.404676715993]
	[-234.1811902834442, 196.3690200519292, 1054.075393457358]
	[-234.1345437487441, 196.3546473682969, 1054.095284623417]
	[-233.9313901895126, 196.381455146554, 1054.233782241443]
	[-233.8946193027219, 196.6218054045, 1053.737996104762]
	[-233.972583966097, 196.4133636205817, 1054.111460686878]
	[-234.1275107765778, 196.7439694456094, 1053.260160189646]
	[-233.9661461625892, 196.6251968589457, 1053.644751998271]
	[-234.0361799457797, 196.4799649801337, 1053.927171091199]
	[-233.9460539495989, 196.4318283527872, 1054.042585946863]
	[-233.945499071909, 196.4913624722887, 1053.989758252389]
	[-233.9610125286075, 196.2829905505371, 1054.364394895471]
	[-233.9294610477359, 196.7030753745616, 1053.528483154903]
	[-234.6913252232783, 196.7634763769015, 1053.091319516657]
	[-234.1757665521042, 196.3731135452558, 1054.080626693963]
	[-234.0597005601226, 196.5376065531608, 1053.778324846161]
	[-234.2422253313246, 196.5800941159575, 1053.56608900622]
	[-234.0321960410848, 196.5562650677597, 1053.71718838594]
	[-234.1465297250037, 196.5336831494637, 1053.807128525161]
	[-233.8835051377243, 196.5363208835977, 1053.93752132316]
	[-234.195377515934, 196.4106074739441, 1053.878423290304]
	[-234.2388955631095, 196.721358544194, 1053.229572116955]
	[-234.1998085190171, 196.4248281290095, 1053.914882307755]
	[-233.9888908566574, 196.668194601215, 1053.667879249804]
	[-233.801327725595, 196.6598612002834, 1053.706708509807]
	[-234.476911174368, 196.7239825827199, 1053.204531876691]
	[-234.1156853876036, 196.3536704915557, 1054.105820273771]
	[-234.1961052722651, 196.4811135060047, 1053.828962061429]
	[-234.0629439774909, 196.4017881434194, 1054.04938817416]
	[-234.0461551537579, 196.6136114844918, 1053.589064570081]
	[-234.0679477884614, 196.5397460915076, 1053.737904920906]
	[-234.1526858552264, 196.3523938294564, 1054.081781055974]
	[-234.182452885091, 196.4070941944317, 1053.979578074681]
	[-234.2706286344272, 196.5764538514853, 1053.546062441973]
	[-233.9797200518678, 196.682610205697, 1053.512401493235]
	[-234.1668250013648, 196.9423853408804, 1052.93416585651]
	[-233.8158762201552, 196.6660083592722, 1053.664117762716]
	[-234.2048225984963, 196.5145863080724, 1053.725973238285]
	[-234.287217193817, 196.2814500505771, 1054.166253217342]
	[-234.2294103199217, 196.9586954540288, 1052.905509947658]
	[-234.0239335816165, 196.6214938673158, 1053.607595549435]
	[-233.9790290095375, 196.5208301664594, 1053.870023685368]
	[-233.8647195346725, 196.2571254596407, 1054.397232518972]
	[-234.0565591465898, 196.7448801040902, 1053.484460749223]
	[-233.7827941341753, 196.4998865739401, 1053.902845538914]
	[-233.9761159014262, 196.842716046747, 1053.309775906636]
	[-234.3842546441672, 196.6734724079947, 1053.35881705091]
	[-234.0618529430741, 196.5778641330167, 1053.675793634766]
	[-233.9883777574948, 196.3700069190843, 1054.19303050666]
	[-234.1217299088379, 196.5261908924264, 1053.785180024933]
	[-233.9977314206362, 196.281050306549, 1054.341088514697]
	[-233.9886287319483, 196.2608705012935, 1054.324386895252]
	[-234.1769336638274, 196.6872743099812, 1053.388722540065]
	[-233.92566352656, 196.5351088083913, 1053.821152314432]
	[-234.3998644661009, 196.5896830358085, 1053.539233346688]
	[-234.0461551537579, 196.6136114844918, 1053.589064570081]
	[-233.95036733393, 196.4136916959363, 1054.125176063189]
	[-234.1120272340213, 196.8387840081995, 1053.211101089855]
	[-233.8970476337026, 196.4222876461473, 1054.162211450863]
	[-233.774571935269, 196.3813307997733, 1054.224933432319]
	[-234.2599236202006, 196.48579429938, 1053.822133597571]
	[-234.0598197800876, 196.8224829907187, 1053.223746836862]
	[-233.9662800125691, 196.5647927434184, 1053.766171034445]
	[-234.3100436605978, 196.3564657677778, 1053.986481708734]
	[-234.0461551537579, 196.6136114844918, 1053.589064570081]
	[-234.1728254748599, 196.4069703031992, 1053.985726486573]
	[-234.0249239461515, 196.6556916040319, 1053.530851189159]
	[-234.1824455696049, 196.5869927298866, 1053.606345903621]
	[-234.1720318346167, 196.2777353675001, 1054.233252528247]
	[-234.0190631230954, 196.691672031571, 1053.46657491831]
	[-234.21543807285, 196.2679279389753, 1054.201171271926]
	[-234.1143829845778, 196.6291916905321, 1053.68233532646]
	[-234.0251550474032, 196.4059146389817, 1054.075071514377]
	[-234.2354788741085, 196.6870440227997, 1053.450841926784]
	[-234.1938940829377, 196.8006011562364, 1053.139576455537]
	[-234.2413666019838, 196.6134235909664, 1053.467877123354]
	[-234.0125182341303, 196.7515163822607, 1053.389910331487]
	[-234.2777559969911, 196.3532507422728, 1054.006492024565]
	[-233.7427827970537, 196.4868755481629, 1054.010073356061]
	[-234.2354788741085, 196.6870440227997, 1053.450841926784]
	[-233.9737629145767, 196.7034311196053, 1053.349995177208]
	[-234.0543764770991, 196.2180549150636, 1054.379154355835]
	[-234.0299519585183, 196.4020014835698, 1054.070051635112]
	[-234.1995348662781, 196.4027107444606, 1053.966688807853]
	[-234.1762026754113, 196.6225081155246, 1053.641266547825]
	[-234.3195247912192, 196.5682470044193, 1053.630525528723]
	[-234.074282908956, 196.6328370389968, 1053.5840074814]
	[-234.4774880183201, 196.7161361408188, 1053.199737408475]
	[-234.3795426480702, 196.6941795875222, 1053.364211518176]
	[-233.9850729421932, 196.5228608864094, 1053.867937376657]
	[-234.1943713704532, 196.4812581608335, 1053.837994831348]
	[-234.2364611122472, 196.4744010099145, 1053.799729192576]
	[-233.935661623038, 196.3786086909467, 1054.229621856834]
	[-234.1789527476897, 196.4164156176662, 1053.937981422193]
	[-233.855762237693, 196.3854289602166, 1054.178476450591]
	[-234.0714908749524, 196.5714474983403, 1053.665832334523]
	[-234.1498378976473, 196.5307638328048, 1053.803768668782]
	[-233.8979136883664, 196.2129232946127, 1054.470720512764]
	[-233.8522834242431, 196.3292002242169, 1054.267383108945]
	[-233.7602507287564, 196.4590651653044, 1054.100802730148]
	[-233.9965844695905, 196.691745855627, 1053.480906367349]
	[-234.3314321117111, 196.3514472670099, 1053.972107583947]
	[-234.4066064285791, 196.4947266112661, 1053.584526957112]
	[-233.7837460411009, 196.3735899794676, 1054.214883689325]
	[-233.9351189237836, 196.7640374138801, 1053.38021809629]
	[-233.9622723375045, 196.732384432686, 1053.409108278052]
	[-234.1468606018347, 196.7321170936052, 1053.294746826639]
	[-233.9696833091018, 196.8183525507728, 1053.118430710604]
	[-233.9042200535866, 196.6466550891837, 1053.599227750634]
	[-234.1173492091433, 196.3873338467319, 1054.008003762976]
	[-234.1435700678262, 196.9073435505566, 1053.042109661679]
	[-234.2586520213805, 196.9316424680644, 1052.868929464538]
	[-233.9233635245002, 196.4320438565642, 1054.056734255503]
	[-233.9268777021411, 196.4331122427178, 1054.055142191783]
	[-234.0533512018447, 196.5296680070525, 1053.830824944998]
	[-234.0122862256439, 196.5055180255453, 1053.866864487334]
	[-233.9272884917526, 196.5264595203069, 1053.905213610726]
	[-233.9527466099254, 196.2627085460256, 1054.347316094786]
	[-234.0299519585183, 196.4020014835698, 1054.070051635112]
	[-233.7848013001601, 196.5906830214391, 1053.747217208916]
	[-234.0877271243078, 196.3983768852314, 1054.032817684559]
	[-234.0367703703086, 196.3275382332036, 1054.153567449941]
	[-234.1842667032361, 196.7315250331514, 1053.395767567954]
	[-234.0516694058187, 196.7472028162767, 1053.36289031482]
	[-233.9605658029732, 196.3814198998087, 1054.025540602218]
	[-233.981717208271, 196.518008830016, 1053.866933297083]
	[-233.981717208271, 196.518008830016, 1053.866933297083]
	[-233.9512069139362, 196.686891689279, 1053.505983386072]
	[-234.2586731548733, 196.5071288191561, 1053.687329084433]
	[-234.0940539866022, 196.4687228737152, 1053.88493798444]
	[-233.981717208271, 196.518008830016, 1053.866933297083]
	[-234.471884349953, 196.5986434888459, 1053.438873379719]
	[-233.9527495962999, 196.2058975409087, 1054.433784494159]
	[-234.0860027305866, 196.5289443538871, 1053.809493229609]
	[-234.3304072791657, 196.6746599711788, 1053.38298196534]
	[-233.6931029109048, 196.5958069721066, 1053.80488557709]
	[-233.8519901052858, 196.5365727179588, 1053.956895055111]
	[-233.8158896718853, 196.7553126961262, 1053.511605463386]
	[-234.0299462369805, 196.5301844884476, 1053.845436088898]
	[-233.9982504873062, 196.5135652272949, 1053.85436888227]
	[-233.9789315310576, 196.7279078957484, 1053.396493598731]
	[-233.8163103732234, 196.3311848412746, 1054.290161779977]
	[-233.950484978197, 196.5552747260358, 1053.859406994811]
	[-233.9990230764453, 196.4680381796972, 1053.970126402224]
	[-234.2611593438214, 196.4648636728833, 1053.800705996799]
	[-234.2923646017344, 196.4662625066981, 1053.759489021532]
	[-233.9380753471103, 196.3798236489783, 1054.124784658001]
	[-234.136349292791, 196.7315279389875, 1053.301468809568]
	[-233.8905101018784, 196.6014163781175, 1053.793026443758]
	[-233.8887651427271, 196.594377268865, 1053.686372491856]
	[-234.0663313227394, 196.4650289190894, 1053.921543318656]
	[-233.9389591043769, 196.6611522036302, 1053.515545856135]
	[-233.7709585184771, 196.3763994497865, 1054.224273692499]
	[-233.9272884917526, 196.5264595203069, 1053.905213610726]
	[-234.1450433086362, 196.7339254737526, 1053.4225615235]
	[-234.0208520384058, 196.4032712325719, 1054.076348930062]
	[-234.028369977091, 196.5839194494939, 1053.712612284049]
	[-233.829714401394, 196.7462360476746, 1053.497803396985]
	[-233.8924700761713, 196.3248718366409, 1054.240416225632]
	[-234.0053821711772, 196.5839535561146, 1053.727286563321]
	[-234.0312080345229, 196.4399691481137, 1053.996052500549]
	[-234.5377592184094, 196.5966338866085, 1053.39627289355]
	[-233.9188630376869, 196.7620290141703, 1053.388698694618]
	[-234.2748071498408, 196.9271452584402, 1052.85660339248]
	[-233.9982504873062, 196.5135652272949, 1053.85436888227]
	[-234.213263945642, 196.7242802097913, 1053.373916291697]
	[-234.0384470502443, 196.4771351799345, 1053.924351169753]
	[-234.3041679338996, 196.942918006978, 1052.850412276138]
	[-234.0387618247475, 196.7267238885747, 1053.357682110277]
	[-234.2778523984489, 196.5696602708152, 1053.537196241848]
	[-234.2400089631981, 196.3958826685133, 1053.937607497937]
	[-234.2158354314847, 196.6923257320441, 1053.477577431552]
	[-233.9653757763797, 196.6995317616633, 1053.505156392247]
	[-233.7806293718072, 196.555681095293, 1053.849982053093]
	[-233.8222602432007, 196.5846425404185, 1053.7208915586]
	[-234.2388785002818, 196.9326218232781, 1052.882634274997]
	[-234.0053821711772, 196.5839535561146, 1053.727286563321]
	[-233.9524146333393, 196.4139266797286, 1053.96194397985]
	[-233.8924030680315, 196.5295060152961, 1053.928365189048]
	[-234.2229557144311, 196.4014761337076, 1053.927436674539]
	[-234.1965273985271, 196.3655525932701, 1054.064099690257]
	[-234.0234868622761, 196.7734698664743, 1053.330839348801]
	[-234.133678002205, 196.5671468661816, 1053.624382291015]
	[-234.1129408970376, 196.5919894644155, 1053.666286936975]
	[-234.3785629353763, 196.6366272410246, 1053.331941365015]
	[-233.8192196937297, 196.6045965205303, 1053.734582143013]
	[-234.0940539866022, 196.4687228737152, 1053.88493798444]
	[-234.0732689277853, 196.5339323202091, 1053.657062252105]
	[-234.1718995051173, 196.4809507510622, 1053.84477436416]
	[-234.1913556304021, 196.5252033756114, 1053.774717370461]
	[-234.177569157669, 196.484617179198, 1053.843962777469]
	[-234.2772230710387, 196.7208071240509, 1053.329794942896]
	[-234.5360416192455, 196.599708553587, 1053.398235321335]
	[-234.1143829845778, 196.6291916905321, 1053.68233532646]
	[-234.182452885091, 196.4070941944317, 1053.979578074681]
	[-234.3194284397223, 196.9482599563827, 1052.841258937758]
	[-233.9272884917526, 196.5264595203069, 1053.905213610726]
	[-234.0663715323913, 196.7432448794036, 1053.351745483236]
	[-234.1607214178937, 196.7183799324003, 1053.330214438115]
	[-234.5188216743724, 196.7324356169372, 1053.185930819965]
	[-234.6272763208745, 196.590795149611, 1053.332083534943]
	[-233.9120199091661, 196.7391724142576, 1053.443959316551]
	[-234.4311846848309, 196.7212677372781, 1053.109448962276]
	[-233.9241358508395, 196.5292919165654, 1053.908657365702]
	[-234.0992630811772, 196.3581134326086, 1054.118299872447]
	[-234.2044008243776, 196.309646614664, 1054.113073244537]
	[-234.2338319764133, 196.3636070685265, 1054.03940926489]
	[-233.9993501595988, 196.8578411280666, 1053.111018086138]
	[-234.1799192761618, 196.7357087873455, 1053.400225068493]
	[-233.959118116097, 196.996250318368, 1052.862270321296]
	[-234.1148592813237, 196.4922456100841, 1053.886483416388]
	[-234.1776492256792, 196.6982580710678, 1053.493102837833]
	[-234.1522329029467, 196.2076716306163, 1054.31293453016]
	[-234.20319938904, 196.6180245172361, 1053.620474037158]
	[-234.0939261895613, 196.4765269428692, 1053.889562686087]
	[-233.9696198860937, 196.622353965036, 1053.641146052558]
	[-234.1553428060572, 196.3981102237475, 1054.01689205553]
	[-233.9143122717249, 196.3274440993549, 1054.300573840314]
	[-233.897099868116, 196.2146257460207, 1054.472541158987]
	[-234.260813612857, 196.3989049691811, 1053.925200806876]
	[-234.2600351161348, 196.3013269214435, 1054.073415216755]
	[-233.6707628977807, 196.3546016523482, 1054.390572802688]
	[-234.2542078468934, 196.8712669514952, 1052.983835266909]
	[-234.2527194893295, 196.786443658304, 1053.215949725881]
	[-233.8078042993088, 196.7968105012619, 1053.37818744092]
	[-233.7685561257868, 196.4813659718934, 1053.992061935881]
	[-234.078326814097, 196.4233354741195, 1053.890826077954]
	[-233.9014891481245, 196.4633925169359, 1053.90181761338]
	[-234.3392170011381, 196.6065062775517, 1053.527968709561]
	[-233.8502706768904, 196.3585229734887, 1054.200602553752]
	[-234.1667252061137, 196.5649882815331, 1053.602214234919]
	[-234.0947230512636, 196.2111369194756, 1054.350315727218]
	[-234.2262672010908, 196.9424379137359, 1052.894362427139]
	[-233.8402560295686, 196.2167458414353, 1054.507291265166]
	[-234.0629439774909, 196.4017881434194, 1054.04938817416]
	[-234.1984403694779, 196.5863525730098, 1053.716711423138]
	[-234.3723433101419, 196.672494622427, 1053.415447582388]
	[-233.874371836867, 196.215093417801, 1054.486246933909]
	[-234.1231281935706, 196.3954477857668, 1054.009021272093]
	[-234.1181476186711, 196.6999779305278, 1053.411515054351]
	[-234.0865995663599, 196.6675789931098, 1053.482202291366]
	[-234.0645239053276, 196.6906253266441, 1053.444191826153]
	[-233.9297325490627, 196.5008728948968, 1053.916609547719]
	[-234.4977602248426, 196.779941936184, 1053.046120948058]
	[-234.0436512029063, 196.6164406511148, 1053.59203150266]
	[-234.2672746565063, 196.676394439714, 1053.325116945329]
	[-233.9825813937771, 196.7351600586501, 1053.397562814772]
	[-234.1516021833513, 196.2618833382506, 1054.235917030387]
	[-234.1143829845778, 196.6291916905321, 1053.68233532646]
	[-234.1358007757526, 196.5643184331875, 1053.621755103264]
	[-234.3104482398762, 196.8200074558664, 1053.060661266]
	[-234.1131980757065, 196.5704075386395, 1053.646046439409]
	[-234.1478029217879, 196.9468946336696, 1052.950198805776]
	[-233.926977522995, 196.3246153130014, 1054.291289988659]
	[-234.220327735754, 196.4652616702966, 1053.830732490851]
	[-234.1842667032361, 196.7315250331514, 1053.395767567954]
	[-234.12460211921, 196.52324685454, 1053.782091574786]
	[-234.0652944528254, 196.3989893736701, 1054.046476618468]
	[-233.8353844377164, 196.54084848172, 1053.969364425876]
	[-234.0968227236365, 196.3609199292088, 1054.121235142331]
	[-233.8735890609669, 196.5427669141545, 1053.856864287085]
	[-233.9913284877452, 196.5844690252162, 1053.722131421721]
	[-233.9696198860937, 196.622353965036, 1053.641146052558]
	[-234.2753860818151, 196.5726152657267, 1053.53991583141]
