45	
	[117.7385444396829, 94.56498806652337, 966.6303526234774]
	[117.6446269882094, 93.17318238831635, 966.5601810245491]
	[117.2684871290479, 92.32521579637327, 966.7102142014428]
	[116.854919589751, 92.98035128280992, 967.2645536730433]
	[117.5092067480478, 92.76055979015545, 966.5367964329689]
	[115.3782054603484, 92.37715848567139, 968.7942416364933]
	[115.8420297591059, 92.48420011278823, 968.4062538700155]
	[117.8410556831217, 92.34501759928477, 966.0212373328714]
	[116.8555475586701, 92.66877972336816, 967.2765498331366]
	[117.60224686444, 92.95860517499898, 966.3958748497472]
	[115.8333982258378, 92.33498192219881, 968.3432547843599]
	[116.3068826816382, 92.13067014071324, 967.8628202049548]
	[118.0742244464031, 92.78615085422896, 965.8347488824087]
	[117.0409980196129, 92.64296263327024, 966.8940365409491]
	[117.4803647331166, 93.03985141127392, 966.5435346237618]
	[117.3885191712365, 92.86647425799549, 966.5518947627329]
	[116.5368494636296, 92.60427442371798, 967.4717551602603]
	[117.9417070478191, 92.69225110529543, 965.8709105927326]
	[117.445667759188, 92.41915560971263, 966.3835684788153]
	[116.4375989269734, 94.04592422778303, 970.8342300791189]
60
	[119.8568478623151, 92.03930531351506, 968.3736974826734]
	[117.9885335457334, 91.40954362551204, 969.2516858515969]
	[118.4311147781829, 91.66543117341664, 968.9099950047122]
	[-36.53642509153928, -100.9150643952719, 911.1921022447279]
	[-41.36207643675223, -96.25411141047242, 915.2304205279818]
	[-41.62385251445756, -97.44426747700984, 913.9252361533743]
	[-40.11952716423342, -98.55046870724908, 913.0611870042096]
	[-41.14855131957166, -96.95898447407382, 914.903445573244]
	[-40.17388957738599, -98.3728907491878, 913.0640761190007]
	[-40.93492661452115, -97.3053971257759, 913.8303054833577]
	[-40.73585759366125, -97.25436669565309, 914.0394335765814]
	[-40.36877456363912, -97.64828146610711, 914.3594912435893]
	[-40.07617216246697, -97.41603301583731, 912.9467921210753]
	[-40.23667367801384, -97.27368685807446, 913.3236687562892]
	[-40.40308592930884, -97.23910839405798, 913.6824709524535]
	[-39.96843719893074, -97.99174713591663, 913.225339232121]
	[-40.51768865352474, -97.63402927359293, 913.6270540877128]
	[-40.48588774104983, -97.39601442309372, 913.9799280681871]
	[-40.44909043804037, -97.8311835781857, 913.312121173675]
	[-40.76968982223276, -97.15015648830143, 914.1299005702319]
	[-40.37050206423847, -97.05142268438809, 914.141202109073]
	[-40.18742440716865, -97.41362277053399, 913.5031687007543]
	[-40.00025389132868, -97.67362505618129, 912.9253612141028]
75
	[10.18188885017136, -109.6537836586711, 864.9848287467157]
	[10.84089589401873, -110.0603684425715, 862.3781391280334]
	[12.51267443770494, -108.8407481767221, 862.1703330677997]
	[11.82855421520944, -109.4906004434608, 862.708561541386]
	[12.18435667512313, -109.8919594900722, 862.816750241181]
	[12.44594570078581, -110.220248832764, 862.1437453771067]
	[11.87542426835282, -110.0420645319992, 863.3662081283156]
	[11.98846246128706, -109.8188871858757, 863.6873749416658]
	[10.24536995771398, -110.0793135442089, 863.7942364674528]
	[10.37041500996089, -109.7163820705035, 864.3869088164932]
	[10.53471442833862, -110.1551213063818, 863.8581718735034]
	[11.32630631542552, -109.7083987906223, 864.0322171472855]
	[11.51179290437474, -109.9151686493827, 863.986621391787]
	[11.96543215375424, -110.0426942036972, 864.2104205360424]
	[13.67162966844542, -110.4855573180338, 863.4123014348456]
	[14.03835062986585, -110.8651861772779, 863.1105184250259]
90
105
	[84.37995997765535, 306.5494928839485, 841.0826820479411]
	[81.52811181773906, 306.30117246438, 839.2597305476428]
	[81.6316649994678, 306.4136262563405, 839.0643212888427]
	[82.71532280976406, 306.5317375580433, 839.9368624262485]
	[82.59089233048815, 305.6252803807625, 839.2202197708453]
	[82.92799073429858, 306.1517004155949, 839.7678933465141]
	[83.19494968210961, 306.636992422192, 838.7658132410917]
	[84.00356562070006, 307.1262375430292, 839.3034001960876]
	[83.68050645880116, 306.840671408166, 838.7752790637693]
	[84.33197562877228, 306.5524570460114, 839.7317967984858]
	[84.73832983604225, 307.1846804135695, 838.7760333763964]
	[84.92346523335898, 306.8998970685457, 839.8207687868029]
	[84.75446724313713, 306.9513667186991, 839.5498706340587]
	[85.23642548205889, 306.5594023644691, 839.7538150749397]
	[85.06617456121086, 307.154583044108, 838.5635393142021]
	[85.18494429345441, 307.2655696782654, 837.9080082753819]
	[85.56836476001564, 306.5568075041672, 839.246891739558]
	[84.865118415002, 306.7255196068303, 837.6051898079716]
120
	[112.7473097723439, 320.3293806888059, 851.557667047324]
	[144.3857597459792, 324.214306573757, 874.3474636911226]
	[146.3824204135229, 321.6274134397762, 869.5746672516839]
	[153.6885713628006, 325.5969310657475, 879.2022447707636]
	[153.7301225847455, 324.139710455581, 875.4823910161373]
	[154.612694444023, 322.5214801872211, 872.3690810936127]
	[153.9274598216217, 321.9963943027887, 871.2379982622926]
	[153.8119026086077, 322.1257325011197, 870.0779841225491]
	[153.9546616936061, 321.8750516057004, 871.7154849049327]
	[153.2607172316141, 321.7376461139482, 870.2487610356563]
	[152.5159767156892, 321.0010829468845, 870.5169533849039]
	[151.0278571056257, 322.7996886561309, 867.1726413857242]
	[150.1906557396911, 322.0566942664605, 868.1075020877765]
	[149.7655184392003, 321.5917019413455, 867.5970543900779]
	[147.2462079524198, 321.3248225738126, 865.7223668298418]
	[144.8492089112142, 320.9840003832403, 864.308114116894]
135
	[108.8157171310708, 95.20299492967915, 967.6928361451944]
	[108.0790497956536, 97.85966799317298, 967.3647793977657]
	[106.8651457881362, 97.62450891887647, 965.6302267318763]
	[107.9959401592582, 96.3926048756973, 966.4035766702234]
	[107.465822866209, 96.93931571919416, 966.4031758166825]
	[107.691357860418, 97.05921086241452, 966.5850302161255]
	[106.641572266301, 96.97321741823859, 965.0723736255934]
	[107.6207395217425, 96.2725006207138, 966.7822132097934]
	[108.1414642109605, 96.78690439531044, 967.1448949513187]
	[107.8092619426188, 96.73813593966211, 966.8911247470372]
	[108.4138039423388, 96.27944837676158, 967.5057402984914]
	[107.4351905950626, 96.36663239899434, 966.4430033342072]
	[107.4535017456203, 96.63132506014296, 966.6353312894414]
	[107.7107059924466, 96.71004257729429, 966.6365464062137]
	[107.873379992176, 96.96294642129936, 967.0579409813289]
	[107.1581252745295, 96.37428198219099, 966.7663692350193]
	[107.4547640123546, 96.03563232664204, 966.8323647685794]
	[108.1171753069904, 97.3343577610981, 967.2169702145077]
	[108.1212227541843, 97.32063577716841, 967.3183584838657]
	[108.1623588599281, 96.43007366427454, 967.0714383171636]
	[108.6329749922543, 97.19850957771699, 967.6305288931362]
	[108.1537610725889, 97.17929955451979, 967.0995866537712]
	[107.6105936025566, 96.64068576878745, 966.7900160332199]
	[114.4848194106543, 103.1709868287378, 972.2692632810966]
150
	[105.3729345613739, 92.76682798172374, 959.7083028559018]
	[108.9874969947477, 94.66015972200981, 965.3757781483879]
	[107.9825906639599, 94.19771178359497, 964.3230698473092]
	[109.7258333628924, 95.13237663321205, 966.5328060491628]
	[109.1398207598847, 94.68382065491632, 965.5447457779698]
	[110.0751677644137, 94.30671729421968, 966.735554479367]
	[107.6860092429915, 94.04236301477269, 963.0330444967138]
	[108.8005336310651, 94.12628972974539, 964.7023788214912]
	[110.0829259204241, 94.47119482271239, 966.674910703362]
	[110.2468662756374, 95.12531795196813, 966.7680140691373]
	[109.2256567964382, 94.64228062986598, 965.1775022538069]
	[109.4875026562741, 94.5417379540813, 965.8203495547566]
	[109.415636417791, 94.67751975112003, 965.47474017223]
	[109.8471182456896, 94.47839395932021, 966.2773536117932]
	[109.0666532190352, 93.74298755544766, 965.0292884445566]
	[110.0791654487527, 94.54333751512135, 966.3657792082629]
	[109.0708535831339, 94.12495956350543, 965.1694561248089]
	[108.8133433019586, 94.0009704414348, 964.9916959033483]
