	[-57.22011222980103, -148.3780219085687, 618.0762947612366]
	[-136.0451478413381, -32.8762810760534, 863.4366254257792]
	[-145.1992960234368, -11.63974545923193, 864.6550737361208]
	[-156.332747582627, 8.07335034726907, 877.1644942901657]
	[-153.0215750580095, 8.064620395058938, 871.8955096266561]
	[-153.0006129302754, 6.121452158182734, 871.1832595805299]
	[-154.3549925767655, 7.029557387447895, 876.8912772660428]
	[-153.9605424769952, 5.478723527957271, 876.6950987571483]
	[-154.2501691553893, 4.201732144147059, 875.3793953542868]
	[-155.0986380364153, 5.345515073755124, 876.5271541296609]
	[-154.5314058542156, 6.529062031142786, 877.8325866695079]
	[-155.3933993811382, 6.663126482054892, 877.2369937313684]
	[-155.754191902132, 7.415298720035025, 878.3685406212878]
	[-156.7075734038581, 9.911314355819556, 879.5054441587043]
	[-156.419656655504, 7.111110219668078, 879.4107250866878]
	[-156.0300349388816, 7.340517633980596, 878.2300505432316]
	[-162.3572664726903, 8.477455262819547, 879.5512226808434]
	[-143.7059112273467, -22.17116607767127, 872.4249191362372]
	[-145.9734746204772, -17.01429627083382, 872.7055885905668]
	[-152.7908824466653, -4.413471792092622, 876.0352885752127]
	[-150.2042086230255, -2.63809697356406, 871.4572658743486]
	[-149.6904596523022, -3.554111515521825, 870.50100523914]
	[-152.7711150292414, -1.018004577816598, 873.095480022017]
	[-150.3810402947708, -1.667880386548049, 868.6482216070428]
	[-155.1901014961274, 4.432444706410365, 876.5159842965239]
	[-154.9384717360213, 5.691671548655478, 876.005144535499]
	[-155.5252224462405, 5.101708683445807, 877.563616468635]
	[-154.5854223186331, 4.94019301708552, 875.6493241176338]
	[-152.6391808508572, 2.468074853999013, 873.4627528921902]
	[-153.1754350997103, -1.263406454187717, 869.3355047941236]
	[-154.5292043898116, -1.800024957738472, 877.3712898036812]
	[-156.828895131568, 0.09864562051399162, 882.4737660885582]
	[-154.9855772634175, -1.434943262904525, 878.7300145536954]
	[-149.4055697888705, 0.762825356072824, 867.5532146478116]
	[-150.0302433619016, -0.945447073082974, 869.3101948159795]
	[-149.2143026045271, -2.434785883288214, 868.6552361146706]
	[-147.6613707486049, -2.593121210481712, 868.2427685114068]
	[-160.6941683730368, 1.460505145098566, 892.0822248046069]
	[-156.6493058430235, 5.880100243130016, 879.9964822489078]
	[-156.8547876256184, 4.74285273982548, 877.8614946326226]
	[-157.0280232628998, 8.084260055227233, 879.7104221911281]
	[-160.8922439210997, 10.38287256521757, 887.3058231536993]
	[-159.3036898881239, 7.677890247649259, 882.2624074996063]
	[-159.2068242280429, 9.399410859213859, 883.3385178467348]
	[-158.5692195653236, 7.849347053635455, 881.8884840437021]
	[-157.8182864564341, 7.870560130923565, 882.1479256863024]
	[-157.424441385318, 4.96441849256189, 881.2794378008603]
	[-159.1078499566879, 8.05664902609891, 884.3098536256321]
	[-158.6440290490154, 8.226530611884471, 882.4503893624189]
	[-158.5487348125999, 7.240162906102398, 882.0795306549669]
	[-158.2463223612207, 7.33863026789534, 881.4834524576736]
	[-158.4096435716734, 8.088727551559344, 882.3585016130613]
	[-158.0703861684225, 5.991516629360504, 880.0886777754557]
	[-158.1862839203437, 6.994655974029158, 882.9613169131428]
	[-160.1276229457063, 7.775799185705068, 887.1947383208164]
2
	[70.05662692670899, 67.65119581806611, 965.9997050052008]
	[78.40061558644823, 60.69194275092188, 968.2821812817823]
	[76.72086024207709, 62.15639769091143, 971.6907594128983]
	[76.75817936049717, 61.13954312993269, 971.1281590630301]
	[76.42597545686891, 61.50279643959884, 970.9981184027993]
	[76.62712995853676, 61.55065997923862, 971.0381567272852]
	[76.50245323420614, 62.28222136216229, 971.0907290304805]
	[76.78385474099929, 62.03406714589458, 970.1692838906151]
	[76.73400385384898, 61.31733393773267, 970.899190817684]
	[76.78237420865905, 61.67660109106629, 971.0602513618795]
	[77.08955289915974, 60.48634137943512, 971.6726389080842]
	[77.01465895003574, 61.57937460574614, 970.1425882768425]
	[76.98278516853567, 61.2564152240079, 971.1027665408693]
	[76.60595221946573, 61.46903788149233, 969.8496317987766]
	[76.49395135816657, 62.6283021607743, 969.6378058512082]
	[77.62028724848597, 61.7996897462956, 970.7302099015747]
	[74.87482132663463, 63.75242802214949, 969.4321893997364]
	[75.88262353035036, 62.6100111609219, 969.8521326560503]
	[-179.8050380846653, 119.6110040656361, 615.6824797197444]
	[38.30518600321934, -163.3749077516372, 857.3342520382225]
	[-79.36229797244916, -96.95853419039611, 886.6873298562938]
	[-158.859268857519, 42.90755788552902, 899.1225357301059]
	[-156.4577120956793, 36.12147566566952, 893.3780899993938]
	[-161.0928335524486, 27.43141849770215, 906.4718637861255]
	[-162.7579723910019, 41.43254004815053, 909.5526294778358]
	[-162.384098094923, 61.13183789606896, 907.6877390433943]
	[-163.8074380826841, 69.29239311812607, 913.3043518548617]
	[-163.9607597622939, 73.35027051899195, 914.0946940354464]
	[-165.5872694987592, 75.69673945801978, 919.5621009800983]
	[-165.2107999217027, 74.22659297577623, 915.7099158783301]
	[-165.2196461000596, 73.26316646402663, 913.3626368419629]
	[-164.4932389060186, 74.26871652327226, 915.6938761510262]
	[-165.164878001968, 73.53039759920033, 914.9653414757724]
	[-164.7885813258092, 74.85372811320627, 916.905088652959]
	[-165.3295496798543, 74.53296547489079, 917.8556728584814]
	[-165.8360027063133, 72.12709238215226, 916.3075182393741]
	[-165.2311948594992, 73.82722343221128, 917.2730694160526]
	[-166.1367165763135, 72.14178443434304, 916.4312229220936]
	[-165.1070822067451, 74.43907584862929, 916.611344908393]
	[-165.5522958888101, 78.88756701046503, 920.9483522158507]
3
	[74.23450175460889, 80.16113455251681, 970.3349355601832]
	[72.06551899715548, 80.51134658082043, 970.9781847650025]
	[72.75739351613512, 80.60052472979702, 970.8830030253418]
	[71.76002768150212, 81.35758781706687, 969.7808841579981]
	[72.22173953861765, 80.96541304199897, 970.0965653430241]
	[72.56028314974972, 80.52435662878497, 970.6264712803722]
	[71.69173411565419, 81.40983021916148, 970.0560317958656]
	[72.4890533932909, 80.30472640451924, 970.6792275533309]
	[73.33395415519936, 80.12867767453028, 971.1741868705055]
	[72.68486113832596, 80.8180643063217, 970.0846742814564]
	[71.36015584944889, 79.68400343403471, 970.9509446320587]
	[72.27976349815671, 82.72852674981715, 969.3349088901821]
	[2.365895942727377, -27.81628791164359, 501.3085612667943]
	[-151.2725960555296, 22.06222003030388, 877.3214495148306]
	[70.31376986965365, -80.12969315445608, 941.8033719751012]
	[70.31376986965365, -80.12969315445608, 941.8033719751012]
	[92.30514259949389, 47.97093869234607, 966.727403747727]
	[90.98873681015375, 51.0813754398506, 970.1505771145926]
	[90.373311264725, 51.17700519124369, 969.8671351723576]
	[91.01170478570822, 50.9802377089467, 970.514929188744]
	[90.57908440134392, 51.32699714701849, 970.0193997126695]
	[90.98362669330605, 51.99509567937881, 969.3087517221787]
	[90.81996147271403, 51.07140331069911, 970.4253577435435]
	[90.70677800064684, 50.82346040224652, 970.7296713362008]
	[91.74267327691646, 50.26589938524197, 970.6938915061778]
	[90.66755835393076, 51.14117931855979, 968.6032459571285]
4
	[294.528640824776, 141.8596445358959, 616.8989703760863]
	[278.47140321192, 167.4894432844107, 601.8906755451379]
	[278.9997327932057, 167.7011271926808, 605.1881795427242]
	[262.0159482333868, 192.7587060011033, 598.5680605345068]
	[256.7536704316238, 215.7367161394629, 612.8886839983925]
	[247.2324367541942, 194.6049189605448, 597.7988774550643]
	[260.1508755733828, 162.8834133822647, 590.1295845153364]
	[281.6064751145377, 141.4489224254942, 601.6400892571871]
	[271.6686296559103, 145.2724783070186, 592.138575958153]
	[262.8897961553988, 150.3668215049849, 592.6911448752212]
	[260.5275278518076, 154.6255272673339, 593.1823319782324]
	[256.9092981400131, 171.5224210605475, 594.0509503256117]
	[256.9918268663082, 184.6363198497005, 601.0601381973829]
	[257.4265406814604, 183.5228150268605, 597.5397378229939]
	[255.8507345343925, 182.507848530479, 598.8677911672048]
	[-129.6951640498998, 0.1689106208242919, 867.3962201000762]
	[-129.4532905559549, -0.9727858109437193, 866.4153900765091]
	[-130.4448745743334, 0.01648816204104264, 868.116865330061]
	[-130.0847535294186, -0.04701696714823811, 867.5388122931254]
	[-130.116173220501, -0.1790884025113684, 868.364174093498]
	[-129.9135274864257, -0.114904752301328, 867.8891801183272]
	[-130.4153209230206, 0.2788851157353633, 868.2114446334127]
	[-130.0842530070091, -0.4227508981689994, 867.9069757073801]
	[-129.925396219626, 0.1723686180958452, 868.2702609523142]
	[-130.2145060217077, -0.5458404176498561, 865.9713052754049]
	[-130.1705153796052, 0.6517512582403384, 867.9973557264183]
	[-129.8436390918183, 0.1102136235357989, 865.319276901343]
	[-132.4215550826562, -0.7509943574960829, 860.9278577206979]
	[258.1495981754032, 156.9398025428503, 590.7004926383024]
	[235.8125874374497, 192.8985953514253, 593.6686132315132]
5

	[309.8926601511979, 70.49221795010058, 864.0992116215712]
	[311.1676218341046, 66.78993804133141, 870.9977023208884]
	[309.8479073510565, 65.39771814346679, 867.3551261190066]
	[308.101834901965, 67.93882616056553, 866.2156059022157]
	[308.3058199693537, 69.53722514694083, 864.9674246481715]
	[308.6790794029715, 69.96388064863899, 864.7470382898415]
	[308.3190191563777, 68.98196679556291, 866.5413963147207]
	[308.1900358439393, 69.35939094021201, 866.5100975108135]
	[308.5796021043291, 68.95502781789394, 866.576297722748]
	[308.5366492201404, 69.4924266422957, 865.7102793743674]
	[308.0146743832261, 69.67128536336351, 865.6322514732258]
	[307.7055196390897, 69.52599007513687, 865.9756171017696]
	[308.5310295328377, 69.65185953865, 865.3594114651637]
	[308.4909011609683, 69.61618890885862, 865.6388831011885]
	[308.6868503690719, 69.52458445264826, 865.5746615188456]
	[310.1605601475345, 78.69340903936524, 865.7484634432027]
	[309.3116217824048, 69.99959808034006, 868.7981694428523]
	[-150.967008614069, 62.70225946002917, 885.0390172306453]
	[-151.9712657711808, 63.8349128424465, 885.6512728206228]
	[-152.050979259984, 67.05454207763299, 885.9291137171477]
	[-151.9512963189996, 67.06729171489653, 886.148288600594]
	[-151.3935404285086, 67.11865998406729, 884.8784710403893]
	[-151.4235450892538, 66.98368244607946, 884.6078072491924]
	[-151.4379726572198, 66.4910662009565, 884.1808776650448]
	[-150.9269914403554, 67.46493274526424, 884.0381955800714]
	[-151.6329739422464, 67.90804105484921, 884.3242457476765]
	[-151.4696498156306, 69.08590333569624, 884.6767686429386]
	[-151.2209829606799, 69.14936955378101, 885.1769441606434]
	[-151.7491625918198, 67.39608673795487, 883.9366965193315]
	[-151.6597310001987, 69.28497495708874, 885.4576084407354]
	[-151.3488286175323, 68.31547105706137, 885.5097874217458]
	[-151.3134590326674, 68.39994945877382, 884.9960056666996]
	[-151.3930065241748, 67.97802761855267, 884.2684702034926]
	[-151.2309065914457, 67.98102050962753, 884.6276344671871]
	[-150.6159840166597, 67.19394205688496, 883.4499340967536]
	[-150.504377400995, 66.87361802620791, 885.0532631648209]
	
6	[335.7653267557112, -19.30266528701041, 903.7067392723786]
	[332.859112871804, -43.386209820825, 915.2257310203206]
	[328.6301409958801, -43.75863886190221, 899.1923403198879]
	[328.0437228314478, -40.45457269299916, 898.4593342302001]
	[328.5484832127269, -39.16112399625474, 899.4593355954561]
	[328.7561681035463, -38.74684285649253, 900.6171003912802]
	[329.028025912054, -38.80773178062672, 899.8119307743233]
	[329.1522464933154, -37.66753671456907, 899.1556862734908]
	[329.045342375407, -37.88040480016281, 898.9122520525907]
	[329.2431949693098, -37.1765208025422, 898.6449282935331]
	[328.8285625053053, -38.31449299761312, 899.167448710821]
	[329.5390921625935, -37.9806577785123, 899.3935155134573]
	[329.2705275011492, -37.25160469520364, 898.5760925465981]
	[329.457546292687, -37.67157329622783, 898.668853239393]
	[328.599149240904, -37.72369436884938, 898.4018920137536]
	[329.1965975786006, -36.9982429657963, 897.8402574829723]
	[329.9920157135361, -36.65488501892266, 898.210231096665]
	[329.4305655181817, -37.05518746234171, 898.4917590165998]
	[329.1618812351225, -37.01988394629802, 898.1637643645964]
	[329.1238975140192, -37.25761827510517, 898.2290779093411]
	[328.8973784276216, -36.9966602810138, 897.2721707232215]
	[329.7773091144954, -35.1962859686553, 897.1205302397434]
	[-124.4770067421926, -1.627919911861781, 878.0475151058502]
	[-125.4222828218352, -0.9914874969057479, 881.7603677399927]
	[-126.3707604323741, -1.619728803325671, 881.5122947098229]
	[-127.1133964308282, -1.954281297898191, 881.1487444849896]
	[-126.1915444058484, -0.1707438833183659, 881.8882063467973]
	[-126.6375334124889, -1.232459850680058, 880.9080886559767]
	[-126.1147031533874, -0.8933888241007253, 882.0949557556014]
	[-125.6891540308224, -0.5367922910845522, 882.0972383559194]
	[-126.4356052429814, -1.705253947086021, 880.4871315375927]
	[-125.7797510729154, -1.211466294903843, 880.844425373253]
	[-126.2512867165275, -1.33355767956219, 880.5241126989932]
	[-126.2232203368039, -2.124636848636882, 879.5323761805079]
	[-125.6701723526139, -1.376902093447981, 879.7945338872886]
	[-125.4353753780274, -2.355775418589175, 879.2488628684243]
	[-124.8825810933639, -1.879371023215555, 880.1286770687545]
	[-125.424207110793, -2.405202024026835, 878.7566719227657]
	[-125.3383315224343, -1.928787732897405, 879.1144533815999]
	[-124.6724797314372, -2.156564240667663, 879.1042794829093]
	[-124.6755970816113, -3.004998453957043, 878.250827595229]
	[-124.3204460203286, -2.125837611448006, 878.8080326152223]
	[-124.2791496885271, -2.609142697644003, 878.4805940573156]
	[-124.4096833314549, -3.422943010366296, 876.5582790736148]
	[-124.6717008071014, -2.57931947715231, 879.0544535271949]
	[-124.3624186854129, -2.370703676006329, 878.2290190859035]
	[-124.5125258951561, -2.60120711546989, 878.3574211507373]
	[-123.4874752609285, -2.612476885808576, 878.3865730903357]
	[235.1589347975216, 209.2419726778561, 597.048039604872]
	[103.4590728181609, 44.3200112288263, 969.7431914026629]
	[103.3776304679945, 45.51080974656934, 969.0176567882131]
7
	[89.2124186224475, 104.3718528720779, 968.4255315951291]
	[86.38068860850932, 105.0962971024627, 967.8095810542377]
	[316.3607824143853, 54.62895204962602, 876.8987410091485]
	[316.2579011934655, 31.18842052071613, 887.8644611563902]
	[313.3112086927857, 18.73731026769838, 896.0632269584089]
	[309.1841780365784, 0.7924240683346273, 903.6156202945515]
	[309.4447365712385, -1.623002834055583, 903.7244062416545]
	[309.5664500133233, -1.862813442524402, 904.8448155463806]
	[308.6047426540412, -1.419639028464049, 904.1603083492001]
	[308.5829274100587, -2.648502060275515, 903.8498226188644]
	[308.9479794670951, -2.323965890311479, 904.2361153345561]
	[307.8098238404509, -3.283898437707562, 903.8509104575314]
	[307.8386594616884, -3.147592612549303, 903.6951115153804]
	[307.7960508901405, -3.618551219188589, 902.8710788266301]
	[307.887630348482, -3.913762694304074, 903.7980574361736]
	[307.0509462629581, -4.222183024729569, 904.9713693982018]
	[307.1203912855221, -4.317042817557104, 904.2260141897234]
	[313.8395533386684, 28.19110640538518, 884.5177880632444]
	[308.0599053110882, -5.508831457855619, 905.86134206799]
	[310.4446509272658, 11.38718577595606, 881.2071679099403]
	[-149.704257340191, 82.56956643360147, 900.1122232203245]
	[-149.8360773436958, 83.58999669286918, 901.0621023290937]
	[-150.945633245941, 81.79236022153458, 901.7595038829053]
	[-150.0170661734691, 83.13063918236409, 901.3404404080914]
	[-150.4285952382817, 82.16078746316796, 899.9438509878333]
	[-150.2587669604506, 82.79598799256556, 901.2147277863066]
	[-150.401976504792, 82.60534850422101, 900.9941092256936]
	[-149.625584145064, 82.98462036153983, 901.8117732050911]
	[-150.5259616418583, 82.40481742099502, 901.0768202827079]
	[-150.2015902370903, 82.83275061371049, 901.3926565803459]
	[-149.9114019728932, 82.87483647526382, 901.1711213147464]
	[-150.0128551430407, 83.22156928389148, 901.1823352188942]
	[-149.659090193131, 83.22319999133445, 900.8702385060113]
	[-149.9401454182081, 82.15766683818866, 899.7220757327752]
	[-149.6660365789629, 82.32530432409666, 900.2670339243458]
	[-149.8565817426606, 81.93426371425234, 899.818028057889]
	[-149.6755307611249, 82.51780464701208, 900.6508689309791]
	[-149.6419967418547, 82.6266516674938, 900.3478192194491]
	[-150.1033969910013, 82.10168987090466, 899.3869896355122]
	[-149.7670611142759, 82.40733830753028, 900.1927206740613]
	[-149.9114422710801, 82.28015680335874, 899.4001042786742]
	[-150.0441134823793, 81.05205134762173, 899.1364411546366]
	[-149.3523025479704, 82.01888032268738, 898.6635532335602]
	[-148.7187193111611, 82.10662234831547, 898.1595761645465]
8
	[335.4559948513674, -36.26209178233724, 873.7388397869177]
	[334.2956118427291, -45.68809508741088, 880.8018697335393]
	[118.5914071381295, 36.82337138816973, 969.8721106167338]
	[116.9367693562889, 37.7485764208145, 968.8221084549252]
	[117.2487708330477, 39.23939345694632, 968.580187081582]
	[115.9364384017816, 38.8933604944351, 968.8724187752438]
	[116.0388605419711, 38.23797058386157, 969.4541888851239]
	[115.6673151178768, 39.60687931838055, 968.5482736426147]
	[116.0166508992931, 39.34886953572089, 968.7020805111099]
	[115.525245341666, 39.60132529239753, 968.6936541502621]
	[116.3066170710537, 38.70788692702666, 969.1147078803951]
	[116.3739268505703, 38.50286291073417, 969.143928068375]
	[115.8331694669312, 39.64053088812253, 968.6340361750791]
	[116.5465665385289, 38.58538361514383, 969.0871948906007]
	[116.5282093567051, 38.52566775706427, 969.2134626762953]
	[116.2463519946269, 38.51763017957623, 969.1800160515104]
	[116.3731422596852, 37.96151172910953, 969.5278237788766]
	[116.2796938771107, 38.46112029031349, 969.2190292487801]
	[116.4629510170241, 37.70059287752406, 969.806810634455]
	[115.7400981252658, 39.40423551331921, 968.7756485692487]
	[115.4856119069433, 39.64587743998351, 968.6477432154995]
	[115.7450156148783, 39.2932965075827, 968.6009945364675]
	[116.32936672076, 38.81577090767266, 968.4777762291917]
	[115.7387590008554, 39.17335211583773, 969.1695398589964]
	[115.943349965123, 38.41436672064518, 969.345003888604]
	[115.8010284495266, 39.37773541997548, 968.0877097837501]
	[115.7501427482989, 39.55112607044263, 968.1483055230626]
	[115.8079025038348, 39.16292070503957, 968.8993917964262]
	[116.4313801409093, 38.52061815476955, 969.2496520671586]
	[-122.4811447656796, 49.61443604310683, 895.1942255565359]
	[-122.4811447656796, 49.61443604310683, 895.1942255565359]
	[-116.8806032581913, 11.91156193001598, 879.4346750472876]
	[-117.2144596868418, 12.0321355390667, 881.0563554707269]
	[-117.051303300929, 12.26471473014439, 881.8739101273018]
	[-117.542901552249, 12.00624463715361, 881.0661279077839]
	[-116.9218092339177, 12.06482141871705, 882.0267366400167]
	[-117.2139754194864, 12.46169683647378, 881.5519033681713]
	[-117.4720272305549, 12.3550202244876, 881.0738571454428]
	[-117.0810218284153, 12.37451237749612, 881.8273693942106]
	[-117.5321235725545, 12.05135461976698, 880.9614588358666]
	[-117.5114463835391, 12.13977899172809, 880.4907817391813]
	[-117.5429145942247, 11.66841410575188, 880.2578225994059]
	[-117.4045496955986, 12.44199152505138, 881.0794430812176]
	[-117.649209206117, 13.07642655819629, 880.8296722389331]
	[-117.0754156994395, 13.54824829248842, 882.1007170863544]
	[-117.7754946797288, 13.38329343542755, 881.4822408296426]
	[-118.3047097678543, 13.58596556180953, 883.1500852276174]
	[-118.4774497477009, 13.6905804148671, 883.3818677031348]
	[-118.7571233413556, 13.57728222184039, 882.4494208084367]
	[-119.6257301970212, 14.44969193344802, 886.472022732071]
	[-119.81948534874, 15.66563461071082, 886.9884491078651]
	[-119.5998809653419, 15.4881635615961, 887.0369683615177]
	[-119.5433086963915, 15.81695255884918, 887.2823866582376]
	[-119.0106779511116, 15.88543501599329, 887.6582946303847]
	[-119.4073899808252, 14.65981013599817, 885.9523674988766]
9
	[329.6156457583033, 126.8296501886511, 797.4918019966507]
	[310.2943258634186, 155.5341497908282, 795.8579947689586]
	[98.22727387918958, 117.1763959729979, 966.0929278406416]
	[97.18408447523755, 115.5596650741652, 968.8744408463692]
	[97.67057436288847, 118.2616136743387, 964.1898190967574]
	[312.4320124968308, 7.307795634836047, 896.259142292132]
	[311.8009168477649, 5.64956576570863, 897.7827015715559]
	[312.1201483250678, 6.230113519401419, 896.6594357135951]
	[311.7953281402401, 5.799745624838494, 897.0075013044499]
	[311.4514599470397, 6.533531228461136, 896.9290422688557]
	[311.8906847827672, 7.657088469076426, 895.6827195559051]
	[312.6149749703678, 9.307120421752527, 893.3127034139925]
	[311.8929194597569, 10.68161277826948, 894.0397918467743]
	[312.730567974178, 11.02726738510735, 893.0914922806651]
	[312.05620215755, 10.52062254361488, 893.638068727827]
	[312.9457323485142, 11.30863754594772, 891.4723510105778]
	[312.9448031422701, 11.4392534369578, 891.6399307904209]
	[312.9631889622576, 11.61474384509616, 891.3104254139679]
	[312.6785470105098, 11.7618970107213, 891.9025308033018]
	[312.4365525739354, 11.73972812096659, 892.1034150877496]
	[312.22282882669, 11.62314191828014, 892.5735916671333]
	[312.5918126188416, 12.13062784812789, 891.4248585649341]
	[312.792612934601, 11.43228355739481, 892.0140638713531]
	[313.0808508494327, 12.63091992132599, 891.1361011367214]
	[312.6031224957446, 11.71780604510995, 891.4927964603191]
	[313.1897561341381, 12.22745154336001, 889.8210064667392]
	[312.8247212345674, 13.08131153369096, 889.5044232640582]
	[312.5176983032144, 12.60469892264023, 890.1203652490569]
	[312.3388850646289, 12.5009661714132, 890.4042420490374]
	[312.3354516394883, 12.56029639287143, 890.8908282299788]
	[312.6574995423915, 12.60859197412708, 890.020743768632]
	[312.3725542598618, 12.42583047446783, 890.6446311716347]
	[312.4919535780897, 12.47111598608882, 890.4172482410197]
	[312.0426959214935, 12.69954211985752, 890.445880215446]
	[312.154289617815, 12.70737860784057, 889.6816703052232]
	[312.1652502332271, 15.33162401246907, 886.1807007587818]
	[-134.9444336506526, 103.5844086735337, 881.5103616063922]
	[-135.7767806767803, 101.573416680142, 879.6816281093109]
	[-135.5708251662965, 102.7254531284743, 881.7503688455546]
	[-134.6641327473117, 103.4040507469534, 882.6121223999394]
	[-135.3867328233295, 101.9751863514869, 880.3737697220273]
	[-135.3763897652603, 101.7757988381634, 880.5574734949957]
	[-135.373723850095, 102.1132651773081, 880.6932159542652]
	[-135.614283488196, 101.7723830068832, 880.0392350621017]
	[-134.7979237295586, 103.1738537972783, 881.867173567476]
	[-135.1334547671993, 102.8794297149095, 881.4882547939346]
	[-135.516626250679, 101.8353350947828, 880.1704662079603]
	[-135.456506854939, 102.8772785330202, 880.8845383613361]
	[-134.4183597105156, 103.0052211856637, 881.912228143595]
	[-134.6582411141528, 102.2987078472102, 881.0451916363038]
	[-134.8558405530351, 102.4940773333438, 880.5607148043988]
	[-134.9930723233579, 102.1771398306053, 880.1611831003622]
	[-134.9504024533836, 102.4650361678, 880.409598502305]
	[-135.1761898128163, 101.5351904095844, 879.7009070172645]
	[-134.8780926068907, 101.7512039484357, 880.1603995148323]
	[-134.8243378295762, 102.5609815671165, 880.7557213022626]
	[-134.656287933352, 102.7386743003414, 880.9395367967871]
	[-134.4583491193411, 102.5673264312842, 880.7605433466493]
	[-134.5395302995539, 101.6666259059138, 880.3009138551007]
	[-134.8049682742271, 101.5407114977526, 879.2339552185548]
	[-134.8189306098151, 102.0473130565953, 879.3069299177616]
	[-133.909796484475, 102.1220701291476, 879.7912544077913]
	[-133.8975115250937, 101.7066464199733, 878.8917319608936]
10
	[332.4674929261432, -81.32576486208295, 880.4492809331718]
	[333.2035897374467, -80.67784408549348, 878.5678312798217]
	[333.0437441417508, -81.42041698617091, 879.1403862363884]
	[333.135915420139, -80.71002447024621, 879.1997509987314]
	[333.2075549417079, -80.83528057169663, 879.2826425956586]
	[333.1130211893313, -80.52243278780324, 878.3413278506082]
	[332.6468078982205, -80.67405549898977, 878.4493872502519]
	[333.0783016179637, -80.60509088856725, 877.5117950452832]
	[333.4577991666597, -80.40214763122175, 876.8509332114226]
	[333.0238027526991, -80.54966036928811, 877.4893119889275]
	[333.1435491013746, -80.36052351390541, 877.175940092964]
	[332.7419799868204, -80.75290852509541, 878.5564099803584]
	[333.2346938401294, -79.9638495608217, 877.5447876228718]
	[333.203265309056, -80.32732541440107, 877.6900205366192]
	[332.8972648842456, -80.15760270793368, 878.1724072365055]
	[333.0448905804019, -80.29688856541314, 877.9707184674847]
	[333.5273418410798, -79.8332079188569, 877.2163046581949]
	[333.2804376242528, -80.27360420278208, 877.4676849215609]
	[332.634510444874, -80.47695516564609, 878.7589176724708]
	[332.3917154114425, -80.77720063386258, 878.6046371177533]
	[333.3535873358454, -80.18704418824865, 877.335345994398]
	[333.2167187986961, -79.78944812612136, 877.8767501780534]
	[332.4518324774025, -81.0066276201814, 878.9362997488824]
	[332.5097270171356, -80.23171986120214, 877.7416811175034]
	[-110.9069756546472, 37.92249927683986, 897.6551573807196]
	[-110.9069756546472, 37.92249927683986, 897.6551573807196]
	[-110.8362462897561, 38.12676278325031, 897.7220662089909]
	[-111.0296751100924, 38.21348983059666, 897.575762281657]
	[-110.62182284932, 37.91089328987613, 898.0923011084722]
	[-110.7188605040771, 38.20902698969686, 897.8961394330875]
	[-110.6822953443851, 38.19167395305779, 898.0492255222455]
	[-110.7584951365852, 38.33882608328041, 897.9303197094702]
	[-110.9855560832036, 38.36003442340875, 897.6933102609141]
	[-110.8124864017159, 37.75341236384718, 897.6918782712651]
	[-110.6689766890257, 38.23481432641061, 898.036213266151]
	[-110.8611262264475, 37.91995284768436, 897.7703751271225]
	[-111.0328165482919, 37.80308303474554, 897.4910038813728]
	[-110.968070757614, 38.06307159167834, 897.6176547540965]
	[-110.7833933191362, 37.67543225131016, 897.6694588344594]
	[-111.1924397792276, 37.9561838197061, 897.311978046921]
	[-111.0000572247261, 37.62216084694433, 897.3950718834432]
	[-110.9627666108523, 38.45840655133851, 897.7960769918863]
	[-110.7825556029584, 38.01216925886903, 897.8380131023569]
	[-110.9345859937312, 37.98024918805863, 897.5510338334204]
	[-110.8782651441484, 37.66826537267939, 897.5309849604062]
	[-111.0979198857211, 38.10054263972999, 897.4451697342856]
	[-110.9259198145707, 37.87159826011541, 897.592133238697]
	[-111.2581364414734, 38.06089429345504, 897.2681410075942]
	[-110.9907108047272, 37.46306039835227, 897.3120152472155]
	[-111.1479339164615, 38.08493824924381, 897.3831026608663]
	[-110.774193531691, 37.67129578631899, 897.6835061193805]
	[-110.9914378272157, 38.27446347443402, 897.6772384604326]
	[-110.695109055013, 37.87888970365537, 897.8511922332967]
	[-110.9572296934403, 38.38203239563238, 897.714623478561]
	[-110.9713535457984, 37.83954334133983, 897.5505902120074]
	[-111.0324228188079, 38.08869583354041, 897.4908667700498]
	[-110.9621282969216, 38.1614886988356, 897.5951335878061]
	[-111.0528037787067, 37.88049999572874, 897.4953203690911]
	[-111.0171575160257, 38.36421356615417, 897.6307550495249]
	[-110.9224774482634, 37.89935806870272, 897.5253440613756]
	[-110.902891464842, 38.02709078459452, 897.593731211039]
	[-110.8785930435069, 37.68338030818306, 897.4990610929261]
	[-110.8997543466129, 37.99685612231418, 897.5696968671148]
	[-110.7894298275196, 37.76499715725458, 897.738463167628]
	[-110.8928781737784, 38.06533815038721, 897.6471399702268]
	[-111.0270879444736, 37.95976079085101, 897.4916487419937]
	[-110.9090068177779, 37.86552853584257, 897.5203975904379]
	[-110.957625154387, 38.1710271632892, 897.5922744672904]
	[-110.7566145542442, 37.71570687776011, 897.7880722561315]
	[-110.9184291443109, 38.16993532487723, 897.6663139001129]
	[-110.9628766735529, 37.89217653938574, 897.5386886534516]
	[-110.8555979920289, 37.84263680610532, 897.5848945427169]
	[-110.6962214882011, 37.98219947129745, 897.8449290743528]
	[-110.8887914481572, 38.2299120074052, 897.7265265110929]
	[-110.8752468214996, 38.23644081954441, 897.7280791438427]
	[-111.0302912628254, 37.99381724698011, 897.4785172309486]
	[-110.8411659382363, 37.93102252351858, 897.6601755238535]
	[-110.9027454234809, 38.11447058035318, 897.6719320415853]
	[-110.7787089671252, 38.03306862329539, 897.7437087211802]
	[-110.9121826954595, 37.80539653743641, 897.5701569132814]
	[-110.9758455422666, 37.74892161378664, 897.4192056700625]
	[-110.7267688124414, 38.11902348387859, 897.8734272418449]
	[-110.6687031480581, 38.06654422095934, 897.922234419178]
	[-110.8247860415394, 37.81446218159674, 897.6160743864618]
	[-111.1531413777224, 37.7226966805585, 897.2067514885323]
11
	[329.6339997785578, 109.8650777033646, 860.3520412614932]
	[328.2413591862775, 110.1790446743822, 857.9011910205313]
	[327.8683667295342, 110.641472547149, 856.4612090912174]
	[327.9496354299067, 110.2830328426692, 856.3137855229926]
	[327.6971530044362, 110.9195297816301, 854.8023591580122]
	[327.6538808490435, 111.2067855440116, 855.3938438631274]
	[327.9417314112297, 111.073716049338, 854.6285216439076]
	[327.7445730161393, 111.1788941062763, 854.890697942394]
	[327.8075778804632, 110.5854563395857, 855.0712100972131]
	[327.7020974403989, 111.3205407968315, 854.8429133955758]
	[327.7013280037697, 110.3878512551252, 855.6615362671793]
	[327.643402180926, 111.2480408757531, 855.2174131333853]
	[327.6690158002029, 110.6355297034961, 855.5104334615771]
	[327.3691967802108, 110.5457094253633, 855.9250276230657]
	[327.7085518166564, 111.0867404272634, 855.2142535856033]
	[327.7526934310174, 110.7017892179384, 855.2983500761219]
	[327.4673349960272, 111.0136104563322, 855.3699190580389]
	[327.7751866844121, 111.2852747292182, 854.8365771559987]
	[327.6115177917931, 110.9506324215356, 855.4516109698342]
	[327.6158893878379, 111.0327458180948, 855.3234829496082]
	[327.7793603069193, 110.8289740157323, 855.1795497203683]
	[327.7243540016939, 111.2429511170304, 854.9904336624207]
	[327.3091628537513, 110.8741519480434, 855.9021099620734]
	[327.8064661763335, 111.2200860290114, 854.9018011434756]
	[327.4968598254123, 111.0660063737175, 855.5734788666069]
	[327.3915236123468, 111.1021804681174, 855.7513434055993]
	[-129.8654038399963, 120.5755475396753, 885.731098898827]
	[-129.8654038399963, 120.5755475396753, 885.731098898827]
	[-130.5133354241995, 121.7098018888003, 886.7085530575562]
	[-130.0188610560992, 121.6885008815953, 886.9765630982861]
	[-130.3687009938643, 121.8528917438356, 887.0465991905269]
	[-130.6046122347429, 121.0209791037885, 885.9563033229517]
	[-130.4374170819372, 120.4180786321259, 885.2266736471299]
	[-130.0833209200366, 120.8832240704086, 886.5359958074546]
	[-130.2995719294831, 121.4436147047623, 886.4445369095351]
	[-130.1747979150814, 121.3431307321248, 886.1149842540253]
	[-130.7823280046163, 120.7852926596711, 885.3148121068813]
	[-130.4330283356956, 122.2174423216668, 886.6494449554477]
	[-130.1474203334275, 122.3107208981651, 887.5203214064518]
	[-130.1265584185884, 122.0542927620776, 886.3265618283866]
	[-130.6099007660728, 120.9127388758175, 886.1638224599285]
	[-130.5225249945126, 121.6145108237486, 886.1975321699273]
	[-130.4586808817484, 121.8412211715486, 886.6487019072008]
	[-130.7838532063019, 121.2841282181039, 885.8240783671506]
	[-130.2563254732282, 121.5872948024076, 886.0986783798427]
	[-130.2304558181859, 122.2742943693085, 886.122384284349]
	[-130.5787395513578, 120.7752847152625, 885.6426130570696]
	[-130.192125107883, 122.040782638599, 886.1469271135979]
	[-129.8459725515399, 120.4662989397557, 884.9890345313975]
	[-129.8177673163506, 120.7119024062058, 884.6535978920455]
	[-130.097526860589, 120.4776483626567, 884.2210291667527]
	[-129.5920792904603, 120.6725218745489, 885.5876625755935]
	[-130.0318715968268, 120.7786516039889, 885.2266696397824]
	[-129.8719532894327, 120.1748468965091, 884.3363053243161]
	[-130.1104970003963, 120.6000921832516, 884.4504505039721]
	[-130.1215414170667, 120.386308080875, 884.2330345219127]
	[-130.1053980714369, 120.2868969206889, 884.1821328420114]
	[-129.7779102595827, 120.6156122947589, 884.4082855787169]
	[-125.8890713686858, 116.7739138557227, 876.2693868210363]
	[-130.378530196212, 120.7643267308703, 885.2679206757014]
	[-133.6000821499453, 126.5240274846458, 895.1861773007206]
	[-134.0009667161406, 126.914675193125, 895.932031045296]
12

	[365.4706041343488, 6.613945507488395, 867.3707017454731]
	[365.4706041343488, 6.613945507488395, 867.3707017454731]
	[365.5844939985515, 6.377520003252172, 867.4583971561403]
	[365.6279231497682, 6.47847057329686, 867.264931636973]
	[365.6783618231662, 6.478350531716117, 867.1642544364869]
	[365.5440643575834, 6.528217612128387, 867.4222851781072]
	[365.5138095652939, 6.529207943116205, 867.4220821489943]
	[365.6194088333002, 6.510239850863016, 867.2373296964734]
	[365.5262543307288, 6.317761131196391, 867.5777655068819]
	[365.7838730458418, 6.640959246862394, 866.9606170970598]
	[365.5578586554927, 6.558810927757023, 867.2904576940576]
	[365.6366934179238, 6.712643250617674, 867.096468149325]
	[365.687644999993, 6.76169213968501, 866.9792685717676]
	[365.5758953940211, 6.712549651334555, 867.1883333325161]
	[365.5747767881413, 6.600858072404463, 867.2482604747383]
	[365.5771354241169, 6.554940869618719, 867.4379772970922]
	[365.6730208251362, 6.67993328275665, 867.130224638756]
	[365.5955156582669, 6.414062079909897, 867.3716476739762]
	[365.668558852259, 6.81487355374054, 866.9838463736335]
	[365.6870180104385, 6.882305848767672, 866.8827230822303]
	[365.5313782450094, 6.66076386740454, 867.270698545118]
	[365.6376932324383, 6.593479504739207, 867.1774098224221]
	[365.6785400107685, 6.609697669862157, 867.1276042032721]
	[365.6526989008562, 6.569721777757195, 867.0926053623675]
	[365.6539955466318, 6.732541201780265, 867.0492920669597]
	[365.5403939975636, 6.549327314723428, 867.3230946970195]
	[365.6552934694715, 6.663941500404263, 867.1164126495753]
	[365.5688686682797, 6.440331644097952, 867.4357843741012]
	[365.5531698439227, 6.428962949905127, 867.3690252169536]
	[365.5116437455422, 6.495041517355332, 867.5052907439845]
	[365.5270981077787, 6.573298362348851, 867.3457836388496]
	[365.4941290242071, 6.31893033066558, 867.6268426152487]
	[365.5580631455338, 6.436070068320987, 867.4235209404552]
	[365.723109985391, 6.865100614398727, 866.8555458987884]
	[365.7064503221198, 6.527370810227026, 867.1731598635628]
	[365.573985325441, 6.533867575946857, 867.3255985038264]
	[365.5647337419744, 6.397363055595918, 867.4402818058146]
	[-92.03847748364633, -14.02931734204911, 885.054420268238]
	[-92.03847748364633, -14.02931734204911, 885.054420268238]
	[-92.46173058787915, -14.08387909925113, 884.7086885372629]
	[-91.97461391242697, -14.19078326978162, 885.0404296891389]
	[-92.91309282783794, -14.91215629684055, 882.8819564638796]
	[-93.32651701426924, -15.23644635472998, 882.6900339390493]
	[-92.7639257792781, -14.56430876471305, 883.8381885257724]
	[-92.55462413201738, -14.17217978596517, 884.1131357237185]
	[-92.90386070979224, -14.42467854673167, 883.6698781321385]
	[-92.30543213485464, -14.35672171541236, 884.4357579053667]
	[-92.76521552751734, -14.73624984150632, 883.5791973075305]
	[-92.86953282632473, -14.52584826445185, 883.4191092127789]
	[-92.45866057343608, -14.54461783740825, 884.1362545466533]
	[-92.94965953577945, -15.06751919561938, 883.1514519662537]
	[-92.42228877720127, -14.78530865936469, 883.8733349633981]
	[-92.5109476431917, -14.44126701968887, 884.064465593874]
	[-92.77529288522192, -14.13084230592537, 884.0060590824889]
	[-92.83241662597143, -14.73838601439466, 883.3243339263042]
	[-92.54522079649247, -14.57055380345894, 883.9209615409927]
	[-92.77630373664273, -14.48483713099529, 883.840052532251]
	[-92.80687657664089, -15.13438558110225, 883.1480561481619]
	[-92.41157670352601, -14.40242892418627, 884.196596414889]
	[-92.7276656052107, -14.63226358271362, 883.6610113199908]
	[-92.33519582071608, -14.35669122232518, 884.3134109922806]
	[-92.8555096387998, -15.44004174792987, 882.9489359912806]
	[-92.48909675617855, -14.47210942459498, 884.0236323701378]
	[-92.5791114039834, -14.56208086704929, 883.8780936586506]
13
	[325.9519492616692, 51.9841020437471, 866.8395620809461]
	[324.4905661082636, 42.49302593498931, 872.841381774793]
	[322.0145134046442, 30.43220821379387, 880.211676659214]
	[320.8598690857336, 32.10071654344735, 875.2721434221687]
	[320.7369311868887, 29.72659169587052, 876.9022603846455]
	[324.6546290586923, 42.50344774694675, 872.0391590539314]
	[326.4489578853622, 51.13011053187921, 868.4010667600152]
	[326.6142430742499, 51.4402104454244, 867.5575569293297]
	[326.3880480614055, 51.28172209798964, 867.7991623624666]
	[326.6483972002128, 51.37791987309951, 867.989404078146]
	[326.5230625031211, 50.99462462783372, 868.9815938397941]
	[326.1302252414763, 50.2533229821001, 869.8211619629839]
	[326.2328225535485, 50.30488887652653, 869.080231498524]
	[326.1497815074331, 50.45796713393723, 869.1362124788576]
	[326.4331379154107, 50.25521957129947, 868.9891919714557]
	[326.4017132830117, 50.66207505175795, 869.3707369536158]
	[326.9694397148449, 49.64613175034226, 868.8476265326464]
	[326.3579216350343, 50.00093222550827, 868.6104062615858]
	[327.1673831890836, 49.60052215003975, 868.9451999976268]
	[329.9232239621196, 47.93001744211227, 880.4063603941106]
	[-120.3284916497975, 110.6568605374937, 884.6839009691669]
	[113.4059661279029, 129.5368184436109, 966.3245016851707]
	[-108.1056812798324, 82.72311091430022, 864.5479580323956]
	[-111.3110652157883, 91.50586090248656, 868.8526601477748]
	[-120.3666985919079, 101.6188901996181, 886.8221679688817]
	[-118.2756078005871, 100.9265326065912, 883.2998996441798]
	[-118.7583521768461, 100.890310155289, 883.4109457739412]
	[-118.551186436789, 100.5043744813895, 882.5722730693531]
	[-119.0903676692069, 101.0798664523601, 883.1554048114158]
	[-118.905960759246, 101.3489702096695, 883.5495007599662]
	[-118.4510892392812, 102.197032652466, 884.3429618999651]
	[-118.7380685501442, 100.6351900125293, 882.4616963139852]
	[-118.4056831377281, 102.2753262491218, 884.0085445725329]
	[-118.6990172347979, 101.7674872988161, 883.2238913384098]
	[-118.2851005240872, 102.2263905465757, 884.5288671462741]
	[-118.9200985227978, 100.9746285830294, 883.3150861415972]
	[-119.0837002567994, 101.3900601443713, 883.3634216689352]
	[-118.8759615817333, 101.3560154699296, 884.4760381068593]
	[-118.9573556843171, 100.7133020310963, 884.2503309577019]
	[-118.8055710908558, 102.6223897939188, 884.7536984774965]
	[-118.7435390782907, 102.6710881443894, 885.311329529967]
	[-118.6971542243522, 102.8350336443161, 885.241311620097]
	[-118.9453244412916, 101.2677522922919, 884.4254142931743]
	[-118.6212707771787, 101.2908250607881, 884.2664653106215]
	[-119.9755128119254, 102.7448217172566, 884.9009151562688]
	[-119.0861213374161, 103.3584011677967, 883.7554496405676]
	[-121.0453139699747, 106.4222212127007, 886.4380901684749]
14
	[154.6044961528878, 11.21430398319649, 969.6351490984558]
	[153.5719499870868, 12.68690122977526, 968.6723940195341]
	[154.0965044440929, 12.75631421329985, 968.5277380538356]
	[154.4861958780138, 10.79431579828321, 969.8587574111568]
	[154.1235016079135, 11.78698014463652, 969.1059264723945]
	[153.8153088077394, 11.8260736601006, 968.9727679681849]
	[153.6549336135504, 11.79176057289723, 969.0058436349589]
	[154.5287057169631, 11.36573522207831, 969.1827833142729]
	[153.7249636192326, 12.53786980311384, 968.4781607487784]
	[154.7683409654045, 10.58437370342568, 969.9606580030737]
	[153.6618127094075, 12.01633373068671, 968.9899757806588]
	[155.1853216663135, 11.42397417054437, 969.3002908586241]
	[153.6352965639967, 12.52894702096887, 968.4663029230751]
	[153.5394290542654, 12.21052167890321, 969.0746840932466]
	[155.079819772117, 11.259548909762, 969.4992270390449]
	[154.6981182876329, 11.50846422861486, 969.6310170357476]
	[151.992333731281, 13.47545846782455, 967.7335760648526]
	[26.64494438594242, -258.6257600345737, 872.0213394848774]
	[-81.18862812374128, -10.93668532317929, 883.0740446804566]
	[-75.98193605451732, -31.37418157867329, 874.8998815558914]
	[-70.93706259297137, -43.48666151669792, 869.7024256045083]
	[-69.94720509315886, -45.96931615579179, 867.387985378861]
	[-64.73895678718858, -56.34284336367804, 864.3071118356974]
	[-63.27183709541498, -60.16511479532258, 862.6640326794202]
	[-63.58134551823559, -60.71004436941647, 861.2214018351794]
	[-62.92558071154379, -61.65195858107232, 859.7192490347978]
	[-62.45546889644372, -60.67715375001688, 860.4324136497464]
	[-62.40931124527629, -60.1548989752627, 861.5370197967034]
	[-62.37993754443036, -60.37949868308066, 860.9052274776161]
	[-61.95375706590187, -60.61842415270834, 860.3042234469995]
	[-61.50204924111775, -60.01606659624363, 861.2094771306486]
	[-61.66772003453079, -60.48163231600597, 860.6201562572405]
	[-60.99317252667706, -61.68191646639919, 858.8527261158712]
	[-61.48332873079052, -62.55860902866989, 857.7956841157918]
	[-61.04054706867657, -62.07917755583004, 858.1487839762543]
	[-61.61693299546916, -61.71620640547567, 859.4233738224286]
	[-61.79296379671814, -62.30838660758853, 858.665746610852]
	[-61.46840709637387, -61.87652279953079, 858.88696655331]
	[-61.38306599222341, -61.42602082504945, 858.4287122732744]
	[-61.52937913383914, -61.47092241353569, 858.0362730297931]
	[-63.01514222492403, -61.07242670973454, 861.0342437217071]
	[-68.39718920687858, -45.89523536898005, 866.986966539559]
	[303.3958753896449, 157.6971693280777, 594.5416461015208]
	[302.0587854889743, 160.0480016160384, 594.713236880051]
	[298.876752230806, 158.6321701097333, 590.3235380136499]
	[297.9751003013999, 158.5345819752235, 594.003051152543]
	[282.2525990342141, 130.7655784755276, 566.8623389032246]
15
	[289.501503328271, 126.031274280456, 591.5155977538475]
	[-18.34687029945351, -82.05822675986091, 630.7091688861665]
	[353.9343538110137, 112.7335328177516, 887.6732674618489]
	[353.4748567878585, 111.0587798527788, 886.3371365843847]
	[353.2390684539878, 110.929468980699, 887.0873182356521]
	[353.5069720085128, 110.3446933678813, 887.3443546408919]
	[354.0751333652706, 108.9888711323209, 889.4724687820856]
	[354.5967602017271, 109.0421729228533, 888.9041445555786]
	[354.496627017929, 108.3579146786329, 889.8604218091191]
	[354.3295711249984, 108.101262071917, 890.9995440864809]
	[355.0052159691529, 107.3787001959281, 891.25203975465]
	[354.7164837225369, 106.9926998688631, 890.1975635949]
	[353.359078178445, 108.0094447897668, 888.1163272750933]
	[353.2193180143125, 107.634975731464, 887.9257589295128]
	[353.4097597920817, 107.4539959833109, 889.4488298478516]
	[353.4478561837898, 107.7928352861747, 888.86231463356]
	[353.2040168666753, 107.4097069950678, 887.6439347153649]
	[353.3348842964101, 107.7027802038679, 888.4192576601456]
	[353.4034705467579, 107.7393816158445, 888.4754423494933]
	[353.510985605207, 107.2270176413434, 889.0366908130682]
	[353.9960692776092, 107.7820107285217, 888.8341323425935]
	[353.8471469320247, 107.7570750368706, 889.8588455481522]
	[351.745170977656, 114.4677183297241, 881.3463651014338]
	[109.8164806168148, -58.99267938954885, 514.8271061859737]
	[-103.532006636955, 83.51896431936956, 867.8189825307091]
	[-98.24332186545271, 70.62162721889351, 871.7169131266984]
	[58.86831210833331, 57.95864950786034, 929.2354868883247]
	[53.0574883320598, 61.31439095912668, 930.5236458043868]
	[53.71958731298702, 62.43753864242484, 930.5564740178868]
	[52.14702267323609, 63.71955642779162, 931.2616452132013]
	[50.91190214802778, 64.56625605220822, 934.6077408125834]
	[48.47729285428409, 64.65664786916409, 935.6038138831624]
	[45.58038439832174, 66.68831917473517, 936.890614350682]
	[46.49980600489673, 66.82646893343704, 936.0724351397946]
	[45.17087158995741, 66.05266078330473, 935.5539552963369]
	[45.59019040130776, 65.20738438527059, 934.5351828247268]
	[47.10605216453074, 68.29544405285927, 934.5921659430315]
	[46.69233751173162, 69.59353321334339, 935.1991719723221]
	[45.46966182103903, 68.07111277687872, 934.0238036317734]
	[44.98981928244982, 66.58029362149273, 933.7210805117717]
	[45.71627227740611, 67.76287031132424, 933.0277906964317]
	[46.90152279684541, 67.55561471800829, 933.2929644515916]
	[45.5096332855566, 65.82462720811918, 931.3000118749084]
	[46.5463795757708, 66.70401688313746, 932.590492096243]
	[47.23892253246514, 67.77558901917936, 933.1998350958014]
	[47.13112839572591, 67.99576738893577, 933.4044114437717]
	[46.96760129595335, 67.3345588420037, 933.1889861528371]
	[46.94481158800252, 66.80765357482542, 932.8075642287275]
	[46.28262190587446, 67.21025437172725, 933.4230547026779]
	[47.70044984963994, 68.71015250941281, 934.7642029170568]
	[47.4164865643747, 67.97263220288565, 934.2234480947236]
	[46.65675627291441, 66.63684289829268, 933.2810782119276]
	[47.02425679559593, 66.48404321541531, 933.1277481094957]
	[46.49846472540409, 65.12141171945368, 932.043415108355]
	[47.01833939828731, 66.63582443291546, 933.0358027959775]
	[47.48539785989864, 67.19252182681578, 933.5498151267]
	[47.32718379505522, 66.3977237281963, 933.0419258049997]
	[47.11025109852365, 66.13567606119184, 932.7116391223865]
	[47.23920953707461, 66.53008878680828, 933.2094505487628]
	[47.49406847338219, 65.95009243561276, 932.7760269855457]
	[47.47169292754036, 66.39548872783485, 932.9715118171549]
	[47.67298797248783, 64.52115968407395, 931.2923941746812]
	[50.09853347944727, 66.31272377249516, 934.1859269406499]
	[50.20989917710457, 63.12022030483971, 933.7740935304304]
	[52.4520597197116, 61.90233723483811, 933.0669932437875]
	[-27.28550811289584, -35.08361923775828, 688.4517574207895]
16
	[381.8882781400192, -107.8812960111591, 905.9959961552336]
	[385.2364769720923, -98.45606429203573, 902.3123552272283]
	[384.8795510211138, -98.35717222947812, 901.6466561963443]
	[384.7790040988589, -99.10536996519201, 903.2269953544177]
	[384.1603420387432, -99.68983964243694, 903.3369738094146]
	[384.6454331854786, -99.31072134393892, 903.4549303472361]
	[384.736032337177, -100.2810548293221, 904.9479400322964]
	[384.3325418927121, -99.81432279693161, 903.9319672305663]
	[384.6361098427025, -100.6800043048793, 905.2862696574451]
	[385.1123918804807, -100.3288549952671, 905.6184285399314]
	[385.0918937995726, -100.094211299149, 905.6487382569603]
	[384.6333758853199, -100.8399425843752, 906.6727611194832]
	[385.3084501170064, -100.1583133535398, 905.6893333709851]
	[384.9199215183506, -100.885806056067, 906.7092972135563]
	[384.5751946424435, -101.1608317173571, 905.7073623776837]
	[384.9869942147154, -99.78147238253825, 903.4225719805276]
	[384.7773176409702, -99.99158519597157, 904.1320117689013]
	[384.9584988354482, -99.79191475724011, 903.3501522595009]
	[384.5783351002548, -99.87589692488964, 903.8076954354683]
	[384.8389140222368, -100.1436971151739, 904.6310082197743]
	[384.8203091376409, -100.3977083949106, 905.4958981226107]
	[384.7522349879079, -100.8712691504466, 905.9623930409352]
	[385.1065475038431, -100.6480432250569, 906.5949826100583]
	[384.4889985786039, -100.711613338293, 905.2577370067856]
	[385.3117885691652, -101.4535416097765, 908.7931131857563]
	[383.2955624352124, -99.80177119669386, 902.6558075943495]
	[-49.45338310637609, -75.75441479155191, 859.9090804598663]
	[-52.69006461523819, -69.2419008034454, 864.9131445874228]
	[-53.55737547574324, -68.74343771793684, 865.7429389453478]
	[-55.75949955679144, -63.25891196050545, 869.2506180705797]
	[-56.24691790925976, -63.14546002797302, 868.9644935971481]
	[-55.91389528698213, -63.55556783148573, 868.8910534724403]
	[-56.47031272729264, -63.26709896221384, 867.5100818696638]
	[-56.37206188584895, -64.21329008848605, 866.8957442723317]
	[-55.92228597540958, -64.00426400259917, 867.8489174130218]
	[-55.67396547975991, -64.8797944682434, 867.1715432899698]
	[-55.97115257001005, -63.84649684737654, 867.8346362927184]
	[-55.4251248413035, -64.62316295137555, 867.9748451842494]
	[-55.50548615729518, -64.78316430321323, 867.4399074865977]
	[-55.76465845719648, -64.12972349156455, 868.1011167465934]
	[-55.57003031741819, -65.14628229865262, 867.0022867762598]
	[-55.07330546542798, -63.43507122726147, 868.8396332808942]
	[-55.62640127972944, -64.76925225853077, 866.4513817560279]
	[-54.5135537581904, -63.77469147019448, 869.1236493919101]
	[-54.66977159496228, -64.18780107311964, 868.6731736552856]
	[-54.76860532899485, -63.990612013237, 868.644394662309]
	[-55.77747625081278, -64.78305532065389, 866.133972154858]
	[-55.78042881368117, -65.22006050005194, 865.9901573838515]
	[-54.94491271877673, -64.6755000384278, 867.0817075616123]
	[-54.93298381289088, -64.53950797429926, 866.3013889998279]
	[-55.70834930575697, -64.16727953775754, 867.5815674189419]
17 y 18
	[299.7285683264645, 166.9680825113912, 866.3744554301334]
	[306.1321670164632, 153.2598143297172, 868.8773304300855]
	[340.3101482297535, 65.25021000501336, 869.8924155089766]
	[342.7293648523301, 78.64852792401659, 866.2130550326932]
	[342.7676200778128, 79.3239769232689, 867.2075490232122]
	[343.0327398450471, 81.20958456375084, 864.152367596308]
	[342.7309552945263, 82.38821711568437, 864.5217977415723]
	[343.2379632726881, 83.41003963359938, 864.0404293548349]
	[342.9676003147271, 84.600915762057, 862.7531800044276]
	[342.8742289547994, 87.25014781925856, 859.7383970296991]
	[343.0599979120391, 88.53991003517753, 858.9169563828921]
	[342.9168550611686, 90.43171871221288, 860.1926439207703]
	[343.2958340173969, 90.75358914454341, 859.8632604371542]
	[343.6243934635675, 91.77695332113346, 859.8621170663592]
	[343.1413819471414, 92.24058351285503, 860.2953644711748]
	[343.6815441375557, 93.04149375325787, 858.8103076352135]
	[343.9370198359027, 92.45494361309149, 859.4740469130379]
	[343.4450884445484, 91.96818239527184, 860.9507014536041]
	[344.6061685526242, 94.07544589260674, 858.7040693770889]
	[344.3630672679616, 93.71761765321071, 859.0128767607172]
	[344.3996895918747, 94.18620627803602, 858.5457561124308]
	[344.6582443079242, 94.13197737857649, 859.4309603314252]
	[344.9674843733001, 94.79615918859858, 858.5169252359708]
	[344.477709753128, 94.51008689065031, 860.0002363058229]
	[345.0209120813322, 94.27441974123693, 860.6034100267292]
	[345.4725496318291, 94.84957211316718, 859.5859140923424]
	[344.9078756460602, 94.24933319354956, 861.374793842023]
	[345.3586673381978, 94.77899662387361, 860.5838547300017]
	[345.066722693225, 94.74495214646512, 860.977116771011]
	[345.3790683820898, 95.4940907886625, 858.8696925354635]
	[344.8927872052868, 94.7237905997213, 860.9518571579885]
	[345.7060710362952, 94.97403985959953, 860.195764583901]
	[345.4678055799621, 94.79684434110231, 860.93526559041]
	[345.355742430477, 94.86580071959651, 861.356425086266]
	[345.1765949297476, 95.36393517328227, 861.0743836942512]
	[344.9285815619369, 94.72857753659407, 859.4163132219796]
	[47.21389525934752, 78.74943781362225, 933.159020619249]
	[51.43601417853943, 83.7186926454408, 925.5518116618709]
	[128.4093082113881, 153.5767657749656, 965.8494315621468]
	[129.4942951018747, 153.4490802162878, 967.535439593513]
	[129.2240437185488, 153.0756073983362, 965.9040672994016]
	[128.6592135462759, 154.0924232292401, 966.3631974655015]
	[129.1621114306217, 153.471089948091, 966.4953958623697]
	[129.4396330196749, 153.8708851992145, 968.0272359414237]
	[129.6075272003673, 153.777328585214, 967.1934814930322]
	[128.8457791474055, 154.5272768767039, 967.4590391648876]
	[129.4068214627328, 152.9970696080517, 966.5728654655985]
	[128.7772826379159, 154.6095140273243, 967.4076401258922]
	[129.9151746546165, 153.2853561249933, 967.0680228383183]
	[128.6713119624071, 154.5238758762164, 966.9301147227669]
	[127.9842135034721, 153.9490786549171, 967.3247784928363]
	[128.438313586024, 153.7211350371583, 967.1254751912553]
	[128.6439232447721, 153.5918698243362, 967.1624232445174]
	[128.788952273695, 154.0339409914919, 967.4344935877481]
	[128.4343461018619, 153.6416437172207, 967.4673488872327]
	[128.2164465502957, 154.996926252233, 967.5728354916969]
	[128.8326146650297, 153.3201136468383, 966.5006501437878]
	[128.2831582974121, 154.0544972899796, 967.3910648506862]
	[129.0774614737641, 154.0459624701601, 967.0229400992329]
	[129.2569476208848, 153.8986918664854, 967.2693813882906]
	[129.1144343568178, 153.8810149188416, 967.073269020506]
	[128.5539609047996, 153.3502824567843, 966.9147690257116]
	[129.0751629158352, 153.589788191599, 967.4507885652941]
	[128.4389130985473, 154.8348805853251, 967.6316010677486]
	[128.5804605455267, 153.6953381610452, 966.7556635107919]
	[128.0930935782266, 153.7696989951264, 967.3449865722316]
	[168.7457135160176, -26.77354987819317, 940.0245609525267]
	[168.0037359800959, -4.611764492088184, 968.6076233782895]
	[174.5796285894852, -4.83159654442585, 963.7191066909508]
	[175.1353862732627, -2.627396564883298, 967.0583365261272]
	[177.6048192854581, -4.646083818126257, 966.9599676903474]
	[176.5215793900022, -1.310655231725349, 967.3427291726185]
	[178.3025534475318, -3.873847131486912, 971.1644709575422]
	[178.7451642094692, -3.37970780809971, 968.3089733020615]
	[178.2127535197414, -2.958896465508332, 966.8670122689398]
	[179.7698295284748, -3.853679783466958, 968.4128611059418]
	[177.7077897620236, -1.790048508935996, 967.5611282022264]
	[179.0552577739361, -3.371443283931626, 968.4084160153197]
	[179.1830237922131, -3.233567644807067, 968.7016501896021]
	[179.5818999980942, -4.123088592054415, 969.0726010535891]
	[178.7863542589001, -2.783258474212175, 967.9853702737071]
	[178.538803650884, -2.596063418302464, 967.8148553777594]
	[178.324538490211, -2.84682295582877, 968.2627308997203]
	[179.8567616659147, -3.157121809389508, 968.7893300287452]
	[179.2111684167058, -3.62553562589224, 968.0955433174271]
	[179.7156981507823, -3.830226913239386, 969.3024474245769]
	[178.5893920405204, -1.708543117151208, 967.9650052722377]
	[-50.55353531316464, 49.99943597991042, 878.5458698391249]
	[-38.91817337906591, 80.63948810500386, 875.9358582343888]
	[-38.05346354455716, 79.7264714662418, 873.1451334937833]
	[-37.95001477055257, 79.23962868884314, 872.8183926184304]
	[-38.70825023189013, 79.18676727077187, 872.7784694220047]
	[-38.01514276591766, 79.38649963188756, 874.3420510830615]
	[-39.07000542850363, 79.64863179474787, 874.1229187084282]
	[-38.86124151755095, 78.96659423145582, 872.4204868763438]
	[-39.02099035716884, 79.10741684778614, 873.1030604138865]
	[-38.42381829695279, 79.90546981814722, 874.1753998525137]
	[-38.91807235065411, 79.71917442927935, 873.3509182013726]
	[-38.83647699519341, 80.12267364145436, 873.9103539484245]
	[-38.7070649480867, 80.55899025788685, 874.0305087101972]
	[-39.31301063756345, 80.48632045846719, 874.1901892333356]
	[-39.02610920887702, 80.27050432717422, 874.783205896397]
	[-38.51756661512891, 81.14580269809554, 876.0322168235158]
	[-39.11229012393994, 80.97395911839331, 875.0835337223725]
	[-38.75648353646, 80.42980832114733, 875.4833050650418]
	[-39.68075617452462, 80.19294732161967, 874.811025426482]
	[-38.75718990290596, 80.19595208767898, 875.6855562478768]
	[-39.72251831677494, 79.94854813542595, 874.2213026090518]
	[-39.23734205653543, 80.42636004011565, 876.3061180400119]
	[-39.54529856317964, 80.72114030017156, 875.2908048054798]
	[-39.75354994290396, 80.69410824891035, 874.9002764000037]
	[-39.71445532163693, 80.8815204717135, 875.0500050842971]
	[-39.45523606270277, 80.50769837885034, 875.4942398816816]
	[-39.30837185920996, 80.27026880866687, 875.9689715073249]
19
	[132.9362950832224, 180.000600867733, 961.139723619093]
	[133.9893969441398, 178.3610463950974, 961.8154615987389]
	[317.4084344817692, 145.9561671975001, 871.4853680990584]
	[341.8748929106524, 73.74362520186155, 868.5991286843462]
	[342.4033748081796, 47.33991424070624, 878.0187634568916]
	[133.9619587959013, 179.5166729179896, 960.3283986737267]
	[131.7762864728094, 179.1788000266642, 961.5453794465404]
	[131.5371610572193, 177.5297382907779, 961.7338682535449]
	[131.4670649713574, 177.7973803939508, 962.795968314364]
	[130.9391032749246, 178.4967524801603, 962.1716160374431]
	[131.77991554286, 177.9576971102082, 962.3997835240299]
	[131.7784201352001, 177.5928651222314, 962.6084779780496]
	[131.6590892249782, 177.9267532018063, 962.0491746707642]
	[131.3624282857804, 178.2130236096008, 962.4673808355526]
	[131.447559841977, 178.2933906355553, 962.258245947146]
	[131.6781835884838, 178.0508232696592, 962.0702930647848]
	[132.1735854287211, 177.7547329665163, 963.4888690275252]
	[-98.14609981537814, 216.6416695458163, 882.9716703056586]
	[-96.87760709010884, 216.1330091125069, 881.6797444390243]
	[-98.51973342651529, 210.3781272996393, 882.7869471341032]
	[-99.00818486723372, 203.4271586142709, 882.5262865377022]
	[-99.21210350993344, 205.3464354163135, 884.5749677407106]
	[-99.78840916185509, 204.5604502228098, 883.535540397517]
	[-99.25001454453835, 205.5059326324322, 884.5666147371282]
	[-99.34320609846966, 205.1107471296958, 884.5462525555931]
	[-99.91023431838309, 204.4338692860826, 883.5360922974851]
	[-99.5278922698279, 204.7208414969036, 883.9978039169879]
	[-99.7043320536323, 204.4880646894557, 883.5945657646198]
	[-99.37423483546942, 205.1351539137397, 883.8581755424743]
	[-99.09329227250188, 205.4942809293425, 884.3069896494248]
	[-100.1298848831912, 203.9210590170384, 883.1397491419616]
	[-99.83215016966778, 203.9068768461308, 883.0984720281289]
	[-99.48811348287398, 204.8377528581839, 883.797772755807]
	[-99.49646590626071, 204.7099785836781, 884.0072918197556]
	[-99.33030573863037, 204.8669327284775, 883.7755658908487]
	[-99.64557549750592, 204.1936671330288, 883.2153875465416]
	[-99.32683106955261, 204.8025771264109, 883.5298086190624]
	[-99.55902605472836, 204.2850939671532, 883.2923894295136]
	[-99.60669938777897, 204.2762252621257, 882.9805706860677]
	[-99.5529377588399, 205.2740926162107, 884.2800614329452]
	[-101.2945787236828, 205.9357578948979, 887.5213024335799]
	[-99.13592443604647, 204.8390548777875, 885.854554124585]
	[-99.2157489049651, 204.8455296597329, 884.2773185846031]
	[-98.91640567100336, 205.0154708615638, 884.483511997508]
	[-100.5495601377444, 203.4238160819833, 883.2794635330586]
	[-99.20263585043963, 205.255411580141, 885.5692300365315]
	[-99.09917093782633, 205.063443074758, 884.9053735732826]
	[-99.40352834727534, 204.4494415485809, 884.4724806647126]
	[-99.58448705545173, 204.1051904797656, 883.9797371933157]
	[-99.26509345139652, 205.0806841287221, 885.2234778161796]
	[-99.94251392238112, 203.7526345935368, 884.1311611213832]
	[-99.4461285355971, 202.4182767295093, 880.985738973907]
20 ya
21
	[385.0033040699343, -24.42494386645194, 848.8108912476948]
	[384.5884064392793, -29.31585996213589, 849.4583218092929]
	[384.3405656804786, -40.28568831442497, 854.7675947461795]
	[381.7039533137906, -69.22422697889901, 868.7381294913117]
	[379.1967997351213, -75.92172719831456, 869.5759586618752]
	[379.1172057061372, -75.15106867575567, 869.1207801670284]
	[378.9823453640277, -74.92817299932157, 868.7284847480526]
	[378.8519659780728, -74.75856411409248, 868.2466061292491]
	[379.0701455167919, -73.21738364127354, 866.6466348125455]
	[379.0489267758001, -72.9763952045768, 867.5516632132296]
	[379.1403567248686, -72.70434590793363, 867.2253678783413]
	[379.267592842902, -71.99002059508055, 866.1776377308627]
	[379.2372636467286, -73.61844334958056, 867.8914500568566]
	[380.3038954292819, -74.07061293732752, 870.4337259836906]
	[379.9933639140241, -73.1738157752966, 867.6782611461282]
	[379.7160115150962, -73.27684271155913, 866.7759887518574]
	[379.3350757595254, -72.99748971892978, 867.4145490705857]
	[378.9546024251775, -72.24851630503676, 866.1456379148142]
	[379.4484209634206, -72.49150627135843, 866.0910726032912]
	[379.1513887440651, -72.04506243436447, 865.9001207055907]
	[379.2063267121949, -70.73892823642336, 864.3727272760087]
	[378.9201650882505, -71.93284549241068, 865.3555733787566]
	[379.1520588519218, -71.29669133674919, 865.5828784911067]
	[378.8282028205563, -70.93159158272009, 866.0005808768443]
	[378.8158256932403, -70.55357190923782, 864.135937222671]
	[379.2071438761243, -71.43474935918607, 864.4203324657093]
	[378.5766668115484, -70.25560373676436, 862.1132783435401]
	[170.6488649180654, 12.66222864534137, 967.9802024242809]
	[171.9371385260744, 10.61580595130006, 972.316970249841]
	[168.4010687735724, 14.13428532416408, 968.2706390483162]
	[167.8142665359855, 14.17493151708423, 968.212118728968]
	[-54.2433472804081, 78.63146820040328, 875.0097271754152]
	[170.6317564122027, 12.39679061643504, 968.0179586907652]
	[170.4198880319619, 12.69540108583902, 968.0118633836628]
	[170.5817045935125, 12.87229579582004, 968.1993692056529]
	[170.09555501497, 12.7207558332173, 968.0863509282801]
	[170.3847507832506, 12.47697733865532, 967.9992421588323]
	[169.9210747091436, 13.08270614134507, 968.3258853145678]
	[170.0717863053365, 12.82242669162478, 968.2363103772254]
	[170.288798084351, 12.83150736572665, 968.2690440858089]
	[170.4362509236459, 12.94187059995117, 968.3422395208397]
	[170.2217359049068, 12.54214031304095, 968.0736932520801]
	[170.4053523985265, 12.59976578525608, 968.1418698350809]
	[170.5195832620115, 12.80968555518041, 968.2585797607561]
	[170.046480391071, 12.79455956565791, 968.2510217815999]
	[170.0735354903531, 12.70873162262571, 968.1429169274194]
	[170.3751887795621, 13.28899248967997, 968.3245468333245]
	[169.9837711508122, 13.46232459404084, 968.5031397818807]
	[170.2979888032813, 12.80936743051839, 968.1781697800673]
	[170.1531226228554, 13.0835878133167, 968.513967854044]
	[170.2439935542748, 12.94934094357839, 968.2701348091439]
	[170.6813662616657, 12.53456516078464, 968.0456386089239]
	[170.4143350643387, 12.24342015131585, 968.0723957061909]
	[171.2443555805724, 12.00076261351616, 968.0435002481897]
	[169.9060644494368, 12.55380244678726, 968.0016103180208]
	[170.5929259027699, 12.36577373897101, 968.0802977289155]
22
	[168.7642186541058, 42.45582751733872, 968.5039893243166]
	[169.0865528506407, 43.08062333181948, 967.0092479403052]
	[168.6596719158787, 42.64449064170529, 967.8422225540578]
	[167.8156950974467, 43.40108911287338, 966.7895852954796]
	[169.1889423914698, 42.4059254787569, 967.7069076006908]
	[167.7021383818441, 42.18726174266617, 968.6119383837802]
	[166.9648746077126, 43.72222999145718, 966.2374614503378]
	[166.9470995599947, 43.14560487346503, 967.1681043815001]
	[168.8500687689808, 41.62534793704845, 967.9956209049087]
	[167.7222603898086, 43.07393536405684, 966.813306326243]
	[169.0088767805656, 42.77370494942616, 967.3800978804809]
	[168.0761702976908, 41.81291677877179, 967.8944228749781]
	[168.1869650373912, 43.42212987616189, 966.9072989947101]
	[167.5116086077223, 43.16587657574206, 967.5499603997863]
	[168.1401997021709, 42.66908929553759, 967.4232765643617]
	[168.5654468884689, 43.06508654564033, 967.2046959833457]
	[170.0886468845177, 41.27726006158628, 968.7505643609197]
	[169.6743747323888, 40.8515387695445, 968.724953825916]
	[168.6942473614754, 42.50074060012003, 967.5816240763002]
	[167.4255667370225, 43.38304205195513, 966.8475924818285]
	[166.9625736469103, 43.48284666145233, 966.7476595740079]
	[169.0203090949309, 41.63432063389885, 967.8492061114957]
	[167.5630551869971, 42.97281044867839, 967.0531605465482]
	[168.3706657096923, 42.74704554374881, 967.647938110981]
	[168.032795701099, 43.20215296538677, 966.894222299914]
	[168.1449952939452, 42.60136098044077, 967.4923124387316]
	[168.240246219122, 43.35526345699107, 967.0786887253767]
	[168.4078517292664, 43.53442883635199, 966.9088889001446]
	[168.7576613802463, 42.16741359087, 967.8085942989003]
	[168.1970563641477, 44.0759533633727, 966.1686083321158]
	[169.1237398933996, 43.27445846695579, 967.0037018377066]
	[167.7884057584792, 44.31009115551127, 965.8272913807818]
	[167.1416459991923, 43.98506703530245, 968.2083265014035]
	[175.8393138911855, 11.89875098211952, 476.5332054970261]
	[-66.05744806746695, 12.779601083001, 873.1028663179595]
	[-62.75124042906405, -2.839187254041818, 866.1795911155677]
	[-59.85124541654463, -8.915400531072336, 869.875122659356]
	[-60.92598068422177, -7.674630363175879, 870.9630835614969]
	[-61.06846150504715, -7.735826612582485, 870.7801381711802]
	[-61.22272763274037, -8.601871323726371, 871.1135814892451]
	[-61.2133920989715, -6.392625038709681, 873.7419766601649]
	[-61.43332512573004, -7.855370801472603, 871.3104731052709]
	[-61.81834403358386, -5.996259258056597, 873.060673854303]
	[-61.40118386830035, -6.584465248760381, 872.1876234154844]
	[-61.40137998710065, -7.636542540151623, 871.1786401749192]
	[-61.97012017774209, -5.953808816780807, 872.7152638907891]
	[-62.08080032275498, -6.331881924899719, 872.1598330222821]
	[-61.6910488410699, -7.365336731421223, 872.2654994197428]
	[-61.69778851060146, -6.156172642669205, 872.6934932477357]
	[-61.59985368406187, -6.613325240349056, 872.5972934742656]
	[-61.80642691106141, -6.285080336700432, 872.8435931958694]
	[-61.90844689423213, -6.191841460613901, 872.9477045188788]
	[-62.22990951588523, -5.546183997600423, 872.9988957350922]
	[-62.19668913642963, -5.663059149544111, 873.1397974277374]
	[-61.81549907504775, -7.095345340731569, 871.2295411571707]
	[-62.28236654410246, -5.931777316274761, 872.6014400419226]
	[-62.42618733447928, -6.622801318699231, 871.9611352833114]
	[-62.41930051967302, -6.099315279310474, 872.8648881089887]
	[-62.22195794870115, -5.363557932763527, 874.0567659092389]
	[-62.29496653525189, -6.336732333095085, 872.814151467225]
	[-62.51102348174035, -6.415880168939552, 872.53172544829]
	[-63.05616542645424, -5.611005535181576, 873.6520891835137]
	[-62.26793417557874, -5.366941702853438, 873.7905386548035]
	[-62.32416204508765, -4.434725239469032, 874.6717716850872]
	[-62.05523114726734, -4.543783331341615, 874.3375167720201]
	[-62.73124400059237, -5.60665401504211, 872.7709970712808]
	[-62.82254670578448, -5.005806621173235, 875.3813357439633]
	
23	[148.6638191530878, 1.231426752858056, 852.0996045195077]
	[158.4131384624747, 64.76508936465652, 965.8420696437274]
	[163.3099313269078, 62.06289211866886, 963.8279361553223]
	[161.6921440426078, 65.96395149358511, 966.0693726684681]
	[164.4724078328165, 64.77933970484436, 965.3841118624161]
	[161.2390887269136, 66.35970248476916, 965.2686397965319]
	[160.707667238296, 66.86849386154942, 964.7687004643583]
	[161.1903326372729, 66.35792546388451, 965.1741571735632]
	[161.5429087730497, 65.59095584009984, 964.8173479013276]
	[162.5066310907698, 65.22138517989264, 966.104627192214]
	[161.2389231153284, 66.7396900844778, 965.1187249080244]
	[161.8322241029944, 66.25337824821794, 965.4609152212647]
	[161.6710490155493, 66.32932509090556, 965.3786210196824]
	[162.0107605554675, 66.73169848686285, 964.961416345579]
	[162.2502011060896, 65.93815181967845, 965.6073984702025]
	[160.8888793949548, 67.37801003870011, 964.4546795782023]
	[160.8893511838768, 66.54802640892618, 965.2092980242219]
	[161.7115797963194, 66.5230079871326, 965.3667553913319]
	[160.2070453306482, 67.62940751122198, 964.4412244751571]
	[160.6891599432573, 66.88894864135273, 964.8276815194201]
	[162.3140293691714, 65.87996706359718, 965.927358183877]
	[162.3798511220374, 66.01741668507218, 965.664670964922]
	[161.2594618676125, 66.93833169750026, 964.9033069698847]
	[160.6423919395919, 66.90046573183881, 964.6948397106033]
	[161.6987148965518, 66.30831077626326, 965.4070026479399]
	[160.6123850953948, 66.41282072124704, 965.2002061026261]
	[161.0207111952253, 66.23746897021324, 965.429943737129]
	[162.0785172478879, 65.72273907613442, 965.9679585405401]
	[161.104480781408, 66.75715741200264, 965.0223769549818]
	[163.1031685652824, 63.78186489755691, 965.5878316926947]
	[-58.77672244072033, -4.102889176909315, 862.7548812557831]
	[-64.18979343346214, 0.7871395107429464, 874.4102930423852]
	[-63.9037683106705, 0.8657409198379327, 875.0659606163422]
	[-62.57398462710916, 0.09101845206561165, 871.2908560319214]
	[-62.65933093723253, -0.4808115023120081, 870.9417174255116]
	[-62.69832435084383, -0.651761428769305, 870.7274345318169]
	[-63.48816550313725, 0.3642684522120732, 871.132643696503]
	[-63.59639454241784, -0.5371980969208323, 870.2650886694868]
	[-63.05696195619296, 0.655455831655857, 871.1504977554896]
	[-63.41827364057566, 0.2566458240296754, 871.1815662605528]
	[-63.20082929392291, -0.2753196054255227, 871.1995003556731]
	[-63.56029415622147, -0.2828741480325476, 870.6407525162108]
	[-62.66186587342315, 0.6774533591665346, 873.1274952730496]
	[-62.83781635589231, 1.094755575014119, 873.4771785362307]
	[-62.58640104791243, 0.3972976541488293, 873.0691714678228]
	[-62.77541109395688, 0.3240105361100092, 872.652905791017]
	[-62.51923176344717, -0.1307211800206574, 871.5409884261549]
	[-62.57341351294768, -0.1805555846480473, 871.4426721406352]
	[-62.53933653554469, 0.0392644690558086, 871.8546524227401]
	[-63.12969174543977, 0.6236180624395899, 871.8051766521608]
	[-62.76303486121486, 0.668788113784899, 872.4074927749239]
	[-63.21738590514191, 0.6098904281333546, 871.9778407802952]
	[-63.14255287975394, 0.756137000049236, 872.2247747545082]
	[-62.8989616838934, 1.206724770032608, 872.8501412138954]
	[-62.67373990887582, -0.3562400307535114, 871.5719781519651]
	[-62.81253586785456, -0.8066827188853267, 870.7830961145089]
	[-62.48080165044368, -0.3394810626018483, 871.7696851643773]
	[-62.81569707411333, -0.8607462525558986, 870.7513249947244]
	[-63.02386750817257, -0.3590380225615917, 870.7185776759634]
	[-63.08614040065828, 0.2625295230336206, 871.0479344669692]
	[-62.89596351168922, -0.834909958971906, 870.6336831871236]
	[-62.70270815332781, 0.7391940718528929, 872.0689760068063]
	[-62.69702642818525, 0.3666426896766382, 871.5876840604869]
	[-62.6506737287589, -0.1715646689874575, 870.9492254492671]
	[-62.7528495661189, -0.3790011737999492, 870.5464736366625]
	[-62.38146418437674, -0.3193147663872935, 870.3639073191939]
	[-59.76517968795787, -2.261102081569661, 866.3527687499009]
	[-72.19201154698499, 15.788562220483, 872.6616164342731]
24

	[192.5818197628832, -102.5098639386807, 916.6146920145038]
	[146.0986483451447, 55.93467637298143, 915.5405325433136]
	[153.9565361394232, 78.63406839627193, 935.9925862221953]
	[372.7927981065826, 27.66150757226761, 861.2672545108154]
	[371.6457582222008, 4.138182201690121, 873.8371551606101]
	[372.6842767666033, 4.25256066762212, 877.2201285838363]
	[373.8669651778812, 5.392222941325059, 875.328987364866]
	[373.5150164771608, 4.372611138968182, 878.237532225349]
	[373.9273965959775, 5.459752127966009, 876.9780645768121]
	[373.4350792084742, 5.741975486473038, 875.0693177584625]
	[372.7339899089927, 4.822346283275067, 876.2819408977944]
	[373.3278171699959, 5.851946654688405, 873.6528982226782]
	[372.3867367765563, 4.383064261705101, 876.7624494068754]
	[372.6829516347137, 4.303151152054308, 876.3667524745691]
	[372.610832407256, 4.465431560700573, 876.5417552879237]
	[373.620291822952, 4.150296297463655, 875.6269498689654]
	[372.8859461681589, 2.168272368751808, 877.6010646384626]
	[372.8271523858473, 2.056984749156815, 877.2535585197113]
	[373.5581615723625, 2.503312521984626, 876.6438222748445]
	[372.8255029980946, 1.029770321701488, 878.3392798390882]
	[372.6839643308273, 1.252538206330613, 878.1491714413809]
	[372.0173891197434, 0.2302914077064955, 878.9217592446729]
	[372.3422458723346, 0.20449460357327, 880.0564714662941]
	[372.8829079906554, 0.1689005433688919, 878.6532185753932]
	[372.8258481769893, -0.2272084145350028, 878.2995427908564]
	[371.8923152745368, -0.5386321621314352, 879.6907327194731]
	[372.2599199103591, -0.3082332700542629, 879.1849616920424]
	[372.2628444654181, -1.056490582405655, 880.3384519846401]
	[372.7556222348519, -0.3107140213042179, 878.709184731115]
	[372.3853310263221, -0.9934071626531242, 879.8416385694353]
	[372.7671529814157, -1.282254277123926, 880.4416654801153]
	[372.2057116904217, -1.705485932804436, 880.767475220904]
	[373.300229626706, 0.5011825900346452, 879.5264666591127]
	[-79.62769206509086, 138.4530367618012, 896.2790000340913]
	[-53.57332451646933, 216.0498513345836, 921.5774331777062]
	[-60.72332041493529, 202.0434970388805, 915.7101206219588]
	[-63.70137318594682, 194.0632470226389, 912.0429435448902]
	[-64.98774122367337, 191.9303446701699, 909.7271971661321]
	[-64.60965926869734, 191.8686739233841, 910.1124267866874]
	[-64.3292211717467, 191.8455095893, 910.3053807530696]
	[-65.17466195674042, 190.8743539171233, 909.1782746429084]
	[-65.20303213133067, 190.0832482586162, 909.1630942244257]
	[-65.3017084590501, 189.7703881002248, 909.0460591805894]
	[-65.68123827120007, 188.221658362857, 908.4798935404415]
	[-66.21438278529818, 187.3585498249755, 907.5755675355025]
	[-65.72950531668951, 187.7641070988378, 908.0039989238409]
	[-65.95951971687575, 186.9571834180684, 907.7184327931952]
	[-66.08466970263116, 187.1241221695648, 907.6264473659164]
	[-67.12032647860011, 184.4510932207783, 906.2193806364266]
	[-67.57608087938472, 183.1594460153365, 905.9102418928994]
	[-67.77412430449832, 181.0994508352322, 905.1816853659479]
	[-68.83104596908709, 178.8398057544701, 903.679590325812]
25

	[150.3604717747793, 112.1894862600469, 962.8210848567352]
	[150.6041029937897, 111.6107438312065, 962.6324773353516]
	[150.9481738527189, 111.7723542315977, 962.5348362036689]
	[150.3521443783325, 111.8361031761761, 962.7843985368582]
	[150.9337416778579, 111.5520121023761, 962.8844138029012]
	[150.8235880706008, 111.5728512514553, 963.0292324799136]
	[150.5387770486142, 111.9336039210051, 962.6258324016371]
	[149.9269474044096, 112.6991564590828, 961.8007791536493]
	[150.0162418878213, 112.0742312357763, 962.5945981496536]
	[149.9610387260558, 112.103774586176, 962.6214989544129]
	[149.9800739509617, 111.911504449267, 962.577813497976]
	[150.4557815132812, 112.0136247630679, 962.564507974316]
	[151.0398407398054, 111.7948872031203, 962.6815884308496]
	[150.6213305049777, 111.7947105299032, 962.6489759728051]
	[150.8355073607445, 112.2288122391717, 962.1798470077931]
	[151.7624776899348, 110.9638390187594, 963.2223638955107]
	[150.7679673285741, 111.8722000586804, 962.6333916408206]
	[151.3618204588501, 110.5709516059662, 963.7510784499375]
	[150.0055770720919, 112.3752904292584, 962.2158141206279]
	[149.712385297659, 112.7167896994234, 961.7047009036967]
	[150.6730206292251, 112.4567357051664, 962.0782089248735]
	[151.1192738552131, 111.3701843295997, 963.1294755487941]
	[151.1966700025695, 111.2234806350796, 963.0328250854842]
	[151.4647521285385, 110.6219067867904, 963.2439009223531]
	[150.5111416683307, 111.7296496130712, 962.3873413210991]
	[151.0835718748925, 111.2472551583731, 962.7233734040253]
	[150.2105442323086, 111.1695770137566, 963.1402866171111]
	[-78.68767204316447, 100.538739494848, 863.9821857187272]
	[-78.68767204316447, 100.538739494848, 863.9821857187272]
	[-78.76382693823325, 101.2361974176277, 864.6711976133244]
	[-78.58511130104813, 100.8032512552574, 865.3400217264181]
	[-78.55588738600088, 100.7885805263572, 865.2909192029443]
	[-78.31423843239713, 101.2577892082609, 865.6735442758827]
	[-78.71470931844735, 100.8061840046957, 864.6767760707041]
	[-78.88644542704822, 99.03011874888087, 862.0271474061777]
	[-78.28611012362563, 100.2976841386422, 864.2972722360539]
	[-78.78409301482881, 99.58030968476413, 863.542941504244]
	[-78.6417546431432, 100.0521401120224, 863.9504566503061]
	[-78.82859640824125, 101.0274965036651, 864.5041718500639]
	[-78.950787536145, 100.6013681870613, 864.4685300032086]
	[-79.39644285494127, 100.8757760860518, 864.5559281395042]
	[-78.96468211926565, 99.82475703096107, 864.4874430607935]
	[-78.45789770121988, 101.389154019792, 865.6602299540768]
	[-79.71536960274091, 100.3139869479135, 864.7581045789893]
	[-78.62035086379414, 100.3556534138109, 865.3356560241961]
	[-78.76627271951253, 101.1112227443485, 865.3555981975671]
	[-79.44478669171997, 102.9406448892034, 867.2408553795034]
	[-78.91998575090776, 99.18943686555303, 864.9027942738747]
	[-79.39704883156006, 103.1575052336037, 868.7452847549974]
26
	[142.6782425136822, 135.0398984660405, 961.4172410706183]
	[350.6985568410916, 170.3651427229127, 772.6535081873985]
	[177.5279001663121, 148.3290159778217, 960.4204407675907]
	[178.2595621974625, 147.9081816525113, 961.1185024952554]
	[177.770246042759, 147.7957919580597, 960.6786160810775]
	[177.8555927741197, 147.6954823839239, 960.8672691988936]
	[177.1977426080563, 147.8311629911574, 961.1950599553077]
	[176.740770799698, 147.6213508222719, 960.6392584797088]
	[176.9068533623623, 147.5566366726005, 960.7135552397306]
	[176.8367842034249, 147.4274101657415, 960.9672887060001]
	[175.8018706747802, 147.8021068292852, 960.5748324515205]
	[176.3832440722187, 147.3166308283113, 960.4543557107642]
	[177.2841868620326, 146.8651885778525, 961.0209425315853]
	[177.0607377619943, 147.2147734277006, 961.4813222175738]
	[175.9797187704403, 147.9708923862989, 960.6117727515509]
	[177.9783066638564, 148.0632332653296, 960.8802652180661]
	[176.8724431250819, 149.6830180537887, 959.8946082198697]
	[177.3316361214095, 149.6527819761946, 959.593790100537]
	[176.9263201850057, 149.8167209886956, 959.0170059103463]
	[176.7960369618822, 149.9608925752428, 959.1695219440151]
	[176.7199202862423, 149.4498482651333, 959.5477419563372]
	[176.5948320243808, 149.7795059514586, 959.2463307669369]
	[16.42052926254614, 6.428752941869107, 579.9429043430645]
	[-91.87708739474651, 112.6945785527611, 877.0133568034721]
	[-93.06306119744008, 133.6222518294348, 889.3670460341541]
	[-92.79791491050365, 132.7624172810807, 887.5553660277058]
	[-93.73931027425373, 133.5643931430018, 889.4814515344976]
	[-92.81104630863972, 132.5237888566824, 889.5364404988535]
	[-92.35645980370879, 128.9136208926899, 886.9275075781592]
	[-92.70710404806098, 128.3756155369815, 887.3818128772238]
	[-93.39129415365893, 129.2132457622589, 886.5648000474055]
	[-93.07260477929785, 128.9744993915349, 886.545108545229]
	[-92.51814859941668, 130.4164164761406, 887.8853011473105]
	[-92.53832595313227, 130.0426719321357, 888.3211905147235]
	[-92.69100191370644, 129.5928117569392, 887.5606708280412]
	[-93.05301567690985, 129.4198469054225, 887.3864795743177]
	[-92.59465239099546, 129.0119457647908, 886.7417009307642]
	[-92.74884266893031, 128.9710930439222, 886.4967026310102]
	[-92.82599630704233, 129.704743390839, 887.190785767437]
	[-92.60949757832388, 129.0188389484069, 886.3712852757103]
	[-92.12600290359217, 130.7296090939991, 888.5688085111461]
	[-92.93069865469958, 128.829266845491, 886.6977033418466]
	[-93.67762654703559, 128.3720727780562, 885.9230599171987]
	[-92.82059063929324, 129.5370337017713, 886.7778098771603]
	[-92.61637567593506, 130.0379116469717, 887.2719205793535]
	[-92.44524772894135, 130.2896515803274, 888.3317907532944]
	[-92.29198073870948, 129.916992273412, 887.3292850249517]
	[-92.75791787148016, 129.3093884728402, 886.2305708710367]
	[-92.73710119927259, 129.6720722218018, 886.6307206902106]
	[-92.39693345153322, 130.010399495098, 886.9306675056193]
	[-92.37536362217364, 129.8739493660436, 887.2547676377445]
	[-92.65648737242702, 130.2818917212891, 886.6044221040084]
	[-93.08244306886408, 128.6244998124474, 885.2264375850066]
	[-93.01888598808756, 130.1900103030679, 886.1744571858036]
	[-92.84165739911023, 131.0073884032942, 887.4173555367507]
	[-93.02991350002662, 130.7244015530143, 886.7713722557519]
	[-92.94201406346448, 131.6495166314421, 887.5441776748794]
	[-92.3470735866385, 132.0154782827732, 888.0960621893598]
	[-92.98383613577498, 132.4817481325353, 887.8070945174185]
	[-93.17480773967034, 132.9741689345548, 887.9409803682337]
	[-93.15189407880351, 132.730453084425, 887.5254981802575]
	[-92.48189563293394, 133.0828538517321, 888.4493905970982]
	[-93.33810582185151, 133.0986594744738, 888.0375052044826]
27
	[-12.64379198611367, -298.4252081448337, 444.3459403165809]
	[362.3114314228953, 132.2055671386205, 851.0607554956918]
	[342.4228724520871, 14.11431187156921, 939.6383916118305]
	[367.8537618651117, 94.44782221669925, 882.5765750703465]
	[369.6346673284585, 105.4480146870429, 881.2662940578009]
	[370.3286085279971, 80.08043979006933, 901.5030687781162]
	[361.4012797444219, 42.91028934761066, 926.4135718633778]
	[346.6620061471822, 16.15004575575373, 945.8250577232941]
	[347.5038703011968, 15.72874572423236, 945.1059323666395]
	[347.0767550258884, 15.16419948197054, 946.1307520640293]
	[347.3447591270824, 14.85503974916198, 944.8032060308161]
	[346.9874194833179, 14.48231989835242, 945.9575420968272]
	[346.0544131684426, 13.89315303833379, 947.175025964835]
	[345.9054527944811, 13.90946403343239, 946.4867721588089]
	[346.7099286745756, 14.46386928281329, 945.6180158269551]
	[346.3296876414713, 13.98140117129915, 946.7305504324586]
	[346.8183238800131, 13.85034752689032, 946.6523988400115]
	[346.9748329124334, 14.15962259877076, 946.7743998745055]
	[346.2343399957982, 13.2764334426722, 947.5451846361748]
	[346.1008230312968, 13.26848172503144, 947.9311393405781]
	[345.4889000774569, 12.69823502653007, 948.5584064170816]
	[345.9430431058569, 13.17668741623863, 948.3577352596178]
	[345.9200552198358, 13.16788840277486, 948.6300537213177]
	[345.7297521752272, 12.57903450192987, 949.6356672782488]
	[346.069878892006, 12.95403549867176, 948.8609437060079]
	[346.2820742659011, 13.08396503652752, 948.773330430607]
	[346.3792116259128, 12.84859166822946, 949.4384814198548]
	[346.0605709696379, 12.70596967393508, 949.2959574803291]
	[346.3464215366097, 13.10132959172656, 949.2809890820409]
	[346.0801010321088, 12.98379797910717, 949.5728751070006]
	[345.7841228703572, 12.76195357429034, 949.5060251152795]
	[345.7431993787646, 12.99363053496458, 949.511403575157]
	[345.8299394695017, 13.03826757686525, 950.0692418760771]
	[345.3077493107116, 12.96421309602928, 949.7424089766625]
	[346.1583337896623, 13.51143885549991, 948.2262604932943]
	[344.0983325335267, 13.39395058733313, 942.8591225874545]
	[-18.67523999855166, 340.1970452309869, 917.9422996610797]
	[-81.26040188829641, 252.415010957067, 903.1622175854902]
	[137.4401903424476, 152.010542959163, 966.8972653292093]
	[-99.03075158495707, 176.1731502665878, 890.7566391338041]
	[-98.5489207585092, 173.868589330139, 889.0664219776738]
	[-98.43089783333954, 170.7646323635981, 889.835414209095]
	[137.3562651047924, 149.3484160316733, 967.1728997192137]
	[137.3562651047924, 149.3484160316733, 967.1728997192137]
	[137.5806641809183, 148.2256939200546, 967.4269126005636]
	[138.6792085591554, 148.1613775144327, 967.0883297573851]
	[138.7641390656091, 147.8095643959708, 967.2517207777682]
	[138.814559395406, 148.1978040813515, 967.3295133465447]
	[137.2922472154427, 148.4887761091749, 967.799857697971]
	[137.7165295449102, 149.0509856794944, 968.4300034786676]
	[138.0081290975387, 148.4397574408885, 967.2143257240518]
	[137.2703652985321, 148.7070441993781, 967.6703065279428]
	[138.583812385238, 148.4005741471429, 967.4415917965397]
	[138.181230833195, 148.204563154638, 967.6093110230076]
	[138.197033025788, 148.7728818034866, 967.5824351979049]
	[138.5152370713283, 148.1783090184509, 967.3917037262568]
	[139.2362393752331, 147.4945978274463, 967.896796906897]
	[138.1994158573717, 148.4387149956098, 967.5022984795947]
	[138.0936222650647, 148.4867642866875, 967.6835817002816]
	[-89.68649991867028, 117.9879560634825, 873.3728963507011]
