[651.2688598632813, 622.5800170898438, 622.254638671875, 642.4988403320313;
 464.9208984375, 472.8498229980469, 423.4061584472656, 426.4209594726563][651.328857421875, 622.3788452148438, 642.6142578125, 622.614501953125, 340.6929016113281, 416.6576843261719, 452.8828125;
 464.8190612792969, 423.287841796875, 426.343994140625, 472.7216796875, 700.5748901367188, 645.3184814453125, 618.5844116210938][651.5169067382813, 622.520263671875, 642.7424926757813, 622.85498046875, 343.0673217773438, 419.580810546875, 455.5878601074219;
 464.9866638183594, 423.4564819335938, 426.4665832519531, 472.9079895019531, 727.0686645507813, 662.7462768554688, 632.5714111328125][-6.277438562204192e+66, -6.277438562204192e+66, -6.277438562204192e+66, -6.277438562204192e+66;
 -6.277438562204192e+66, -6.277438562204192e+66, -6.277438562204192e+66, -6.277438562204192e+66][-6.277438562204192e+66, -6.277438562204192e+66, -6.277438562204192e+66, -6.277438562204192e+66;
 -6.277438562204192e+66, -6.277438562204192e+66, -6.277438562204192e+66, -6.277438562204192e+66][-6.277438562204192e+66, -6.277438562204192e+66, -6.277438562204192e+66, -6.277438562204192e+66;
 -6.277438562204192e+66, -6.277438562204192e+66, -6.277438562204192e+66, -6.277438562204192e+66][][394.2274780273438, 407.4750671386719, 413.3724975585938;
 332.6537780761719, 438.963134765625, 487.7880554199219][475.007568359375, 452.626953125, 464.80419921875, 485.0321350097656, 413.0582580566406, 407.0889282226563, 393.6988830566406;
 536.8492431640625, 501.4372253417969, 486.9299011230469, 499.2391662597656, 487.8321838378906, 438.9960327148438, 332.7325134277344][558.3953857421875, 558.35693359375, 578.63427734375, 541.20703125, 412.3970947265625, 406.2660217285156, 392.479248046875;
 544.5046997070313, 490.4869689941406, 510.1393432617188, 500.7247619628906, 487.9159545898438, 439.0767517089844, 332.7529907226563][624.2479248046875, 620.8673095703125, 648.3268432617188, 599.010498046875, 410.8516845703125, 404.37353515625, 389.7759094238281;
 560.1170043945313, 503.06787109375, 523.204345703125, 514.6433715820313, 488.10205078125, 439.2502746582031, 332.79345703125][624.2645263671875, 620.8590087890625, 648.3219604492188, 598.9925537109375, 384.9414978027344, 372.6555480957031, 342.7374572753906;
 560.130126953125, 503.0780639648438, 523.2220458984375, 514.6568603515625, 492.9420166015625, 444.6585998535156, 339.23779296875][624.3207397460938, 620.9148559570313, 648.388671875, 599.071044921875, 384.9832153320313, 372.6999816894531, 342.7616882324219;
 560.14501953125, 503.0846557617188, 523.2299194335938, 514.6617431640625, 492.95654296875, 444.6600646972656, 339.2455444335938][624.3192749023438, 620.920166015625, 648.3912963867188, 599.0711669921875, 384.9927368164063, 372.7059936523438, 342.7653198242188;
 560.1673583984375, 503.1046447753906, 523.2536010742188, 514.67919921875, 492.9657592773438, 444.6824645996094, 339.2640075683594][624.3238525390625, 620.9191284179688, 648.3964233398438, 599.0801391601563, 384.9858703613281, 372.7041015625, 342.7640075683594;
 560.1332397460938, 503.0802307128906, 523.2314453125, 514.6528930664063, 492.9513244628906, 444.6642150878906, 339.2411193847656][624.2971801757813, 620.9008178710938, 648.3692626953125, 599.0587158203125, 384.9827575683594, 372.6989135742188, 342.7597961425781;
 560.138671875, 503.0906677246094, 523.2345581054688, 514.6680908203125, 492.9504699707031, 444.65869140625, 339.2484436035156][624.2780151367188, 620.8818359375, 648.3466796875, 599.02978515625, 384.9600524902344, 372.686279296875, 342.7455444335938;
 560.1390380859375, 503.0778503417969, 523.228515625, 514.6529541015625, 492.9280395507813, 444.6546936035156, 339.2333374023438][478.3267822265625, 455.6214599609375, 430.4154968261719, 451.0114440917969;
 506.4866638183594, 529.7324829101563, 481.6587829589844, 473.2465209960938][478.3596801757813, 455.6636657714844, 430.4512329101563, 451.0517578125;
 506.47802734375, 529.718017578125, 481.6473083496094, 473.2374572753906][478.3418273925781, 455.6253662109375, 430.4165344238281, 451.01806640625;
 506.413818359375, 529.6505126953125, 481.5726318359375, 473.1458435058594][478.3419799804688, 455.6260681152344, 430.4169616699219, 451.0168762207031;
 506.3443298339844, 529.57080078125, 481.4985961914063, 473.0669860839844][478.1828308105469, 430.2636108398438, 450.8788452148438, 455.3981018066406, 765.0604248046875, 680.2247314453125, 638.9323120117188;
 506.369140625, 481.4757690429688, 473.0576477050781, 529.5699462890625, 592.8168334960938, 584.2295532226563, 580.1400146484375][478.183837890625, 430.277099609375, 450.8876647949219, 455.3838195800781, 743.3943481445313, 666.291748046875, 627.908203125;
 506.2914428710938, 481.3794555664063, 472.972900390625, 529.4925537109375, 565.3923950195313, 564.3756713867188, 563.781494140625][478.39892578125, 455.6601257324219, 430.458740234375, 451.0683288574219;
 506.0862426757813, 529.3037719726563, 481.2370910644531, 472.8046569824219][478.4537353515625, 455.7158813476563, 430.5322875976563, 451.1543884277344;
 505.9152526855469, 529.168701171875, 481.0635681152344, 472.6412658691406][683.7112426757813, 646.70458984375, 660.8861083984375, 685.06298828125;
 713.8057861328125, 719.9176025390625, 660.4102783203125, 666.300537109375][671.631591796875, 639.9838256835938, 661.6060180664063, 680.7506103515625;
 664.5947265625, 664.5374755859375, 623.44873046875, 630.5247192382813][-6.277438562204192e+66, -6.277438562204192e+66, -6.277438562204192e+66, -6.277438562204192e+66;
 -6.277438562204192e+66, -6.277438562204192e+66, -6.277438562204192e+66, -6.277438562204192e+66][][915.2534790039063, 782.6727905273438, -6.277438562204192e+66;
 427.7347412109375, 555.4231567382813, -6.277438562204192e+66][773.1390380859375, 725.3319702148438, 702.5427856445313;
 343.3675231933594, 441.5902099609375, 487.1928405761719][794.1324462890625, 739.8255004882813, 714.4285278320313;
 387.4935607910156, 458.1237182617188, 491.0191955566406][568.4572143554688, 544.3089599609375, 522.3618774414063, 543.3868408203125;
 402.9015808105469, 424.5103759765625, 374.0182189941406, 367.3678588867188][568.3491821289063, 544.1966552734375, 522.2343139648438, 543.2537231445313;
 402.9427185058594, 424.5021057128906, 374.0914611816406, 367.4254760742188][568.3372802734375, 522.2705078125, 543.2705078125, 544.209716796875, 788.9298095703125, 723.6959838867188, 690.8017578125;
 402.7800903320313, 373.8905639648438, 367.2520751953125, 424.2935791015625, 503.9231567382813, 492.6011657714844, 486.7100524902344][568.1407470703125, 543.9993896484375, 522.0387573242188, 543.0499877929688;
 402.7940063476563, 424.3251953125, 373.9314270019531, 367.2692260742188][682.32421875, 645.619873046875, 658.9161987304688, 682.9150390625;
 709.3778076171875, 715.7442626953125, 654.7620239257813, 660.7784423828125][648.61572265625, 620.5115356445313, 610.6123046875, 632.5693969726563;
 634.0435791015625, 648.79345703125, 599.2508544921875, 596.9635009765625][-6.277438562204192e+66, -6.277438562204192e+66, -6.277438562204192e+66, -6.277438562204192e+66;
 -6.277438562204192e+66, -6.277438562204192e+66, -6.277438562204192e+66, -6.277438562204192e+66][][757.2296142578125, 714.1384887695313, 693.66455078125;
 338.5284118652344, 437.8474731445313, 483.92529296875][781.0325317382813, 730.3103637695313, 706.1425170898438;
 368.5793151855469, 444.7165222167969, 480.3248596191406][671.72998046875, 635.4437866210938, 636.4459838867188, 662.2841186523438;
 698.8798217773438, 710.6143188476563, 647.7723999023438, 650.1552734375][664.4432373046875, 634.3659057617188, 640.1207885742188, 660.7056884765625;
 640.8362426757813, 650.0320434570313, 599.18115234375, 601.4314575195313][-6.277438562204192e+66, -6.277438562204192e+66, -6.277438562204192e+66, -6.277438562204192e+66;
 -6.277438562204192e+66, -6.277438562204192e+66, -6.277438562204192e+66, -6.277438562204192e+66][566.010009765625, 519.90234375, 538.9784545898438, 545.62646484375, 703.2734985351563, 739.0118408203125, 811.56396484375;
 422.4169921875, 399.5840148925781, 390.6834411621094, 446.0563049316406, 464.0375366210938, 460.4706420898438, 453.2648010253906][889.8163452148438, 772.6025390625, -6.277438562204192e+66;
 415.6124877929688, 555.8307495117188, -6.277438562204192e+66][814.7307739257813, 756.0462036132813, 728.3115844726563;
 390.8732299804688, 472.4944458007813, 511.0163269042969][797.8008422851563, 739.3926391601563, 713.1044921875;
 364.9758605957031, 446.0216369628906, 482.8470153808594][-6.277438562204192e+66, -6.277438562204192e+66, -6.277438562204192e+66, -6.277438562204192e+66, 588.6193237304688, 559.2061157226563, 604.9537353515625, 589.2030639648438, 481.7536010742188, 469.6780090332031, 444.7243347167969;
 -6.277438562204192e+66, -6.277438562204192e+66, -6.277438562204192e+66, -6.277438562204192e+66, 660.7593994140625, 652.0635375976563, 624.1456909179688, 610.6686401367188, 471.1409301757813, 421.7356262207031, 321.0191040039063][445.5367736816406, 470.2825012207031, 482.2011413574219;
 320.977783203125, 421.73095703125, 471.1648864746094][-6.277438562204192e+66, -6.277438562204192e+66, -6.277438562204192e+66, -6.277438562204192e+66;
 -6.277438562204192e+66, -6.277438562204192e+66, -6.277438562204192e+66, -6.277438562204192e+66][-6.277438562204192e+66, -6.277438562204192e+66, -6.277438562204192e+66, -6.277438562204192e+66;
 -6.277438562204192e+66, -6.277438562204192e+66, -6.277438562204192e+66, -6.277438562204192e+66][-6.277438562204192e+66, -6.277438562204192e+66, -6.277438562204192e+66, -6.277438562204192e+66;
 -6.277438562204192e+66, -6.277438562204192e+66, -6.277438562204192e+66, -6.277438562204192e+66][594.4794921875, 570.227294921875, 554.3355712890625, 574.1372680664063;
 619.7415771484375, 636.87744140625, 593.5411376953125, 588.064208984375][669.9552612304688, 649.0950927734375, 640.22509765625;
 303.6800537109375, 412.5283203125, 460.3978271484375][-6.277438562204192e+66, -6.277438562204192e+66, -6.277438562204192e+66, -6.277438562204192e+66, 585.9036865234375, 558.0521850585938, 605.9384155273438, 591.7617797851563, 465.5086059570313, 448.9491577148438, 413.7923583984375;
 -6.277438562204192e+66, -6.277438562204192e+66, -6.277438562204192e+66, -6.277438562204192e+66, 657.3267822265625, 646.6061401367188, 622.8270263671875, 608.8233642578125, 475.3883056640625, 427.4822692871094, 322.0867919921875][][][][][][][][][][][][][461.8249206542969, 486.8241882324219, 506.4043884277344, 485.2862243652344;
 353.0931396484375, 331.6867370605469, 382.9393615722656, 389.2959594726563][461.8071594238281, 486.8095092773438, 506.392822265625, 485.2802124023438;
 353.0981750488281, 331.7043762207031, 382.9477233886719, 389.3005676269531][461.8489074707031, 486.8537292480469, 506.4186096191406, 485.3097839355469;
 353.0773315429688, 331.6764831542969, 382.9327087402344, 389.2881469726563][461.8536682128906, 486.85498046875, 506.421630859375, 485.3175048828125;
 353.0838623046875, 331.6776733398438, 382.9356079101563, 389.2878112792969][461.8464050292969, 486.8435668945313, 506.4092712402344, 485.30078125;
 353.095458984375, 331.6802062988281, 382.92919921875, 389.28955078125][461.8465270996094, 486.8438110351563, 506.4155578613281, 485.3023681640625;
 353.0729064941406, 331.6766052246094, 382.92236328125, 389.2764282226563][461.9255676269531, 486.908447265625, 506.4649353027344, 485.3687133789063;
 353.0132141113281, 331.611572265625, 382.8806762695313, 389.2217407226563][461.9203491210938, 486.9131469726563, 506.4682006835938, 485.3649597167969;
 352.9755554199219, 331.5764465332031, 382.8468627929688, 389.1836547851563][461.9133911132813, 486.9078369140625, 506.4544067382813, 485.3541259765625;
 352.9771423339844, 331.5849914550781, 382.84765625, 389.1850891113281][461.9357299804688, 486.9285583496094, 506.4772033691406, 485.3823852539063;
 352.9753723144531, 331.5782470703125, 382.8447265625, 389.1776123046875][584.0189208984375, 562.3416137695313, 536.5035400390625, 556.4204711914063;
 455.166748046875, 478.4911499023438, 431.6504211425781, 422.8460998535156][][][-6.277438562204192e+66, -6.277438562204192e+66, -6.277438562204192e+66, -6.277438562204192e+66;
 -6.277438562204192e+66, -6.277438562204192e+66, -6.277438562204192e+66, -6.277438562204192e+66][526.825927734375, 506.7300720214844, 489.2842712402344, 506.6920776367188;
 583.58447265625, 600.1573486328125, 558.43701171875, 553.4893188476563][650.6026611328125, 616.1458740234375, 610.1506958007813, 635.9633178710938;
 706.4451904296875, 724.1753540039063, 661.7269897460938, 659.8359985351563][647.107421875, 614.548583984375, 627.1963500976563, 648.2864990234375;
 654.5262451171875, 657.5634765625, 605.6969604492188, 612.3652954101563][634.4479370117188, 607.0772094726563, 620.4078979492188, 637.787353515625;
 609.6590576171875, 609.7181396484375, 565.500732421875, 572.8329467773438][635.4697875976563, 609.4451904296875, 610.9999389648438, 629.3021240234375;
 597.460693359375, 606.6353759765625, 560.9581298828125, 562.2930297851563][570.6982421875, 524.4837036132813, 539.8775634765625, 557.1151123046875, 664.073486328125, 689.0293579101563, 743.20556640625;
 598.8984985351563, 587.9969482421875, 575.7237548828125, 625.102783203125, 492.6530151367188, 452.3231811523438, 366.0319213867188][570.6952514648438, 524.474853515625, 539.8524169921875, 557.1137084960938, 670.71484375, 696.465087890625, 750.2682495117188;
 598.8320922851563, 587.9676513671875, 575.6784057617188, 625.0487060546875, 509.6759643554688, 475.1966857910156, 402.3478088378906][538.3424682617188, 491.4657897949219, 507.33056640625, 524.1554565429688, 640.4093017578125, 667.7362670898438, 725.7351684570313;
 607.4791259765625, 595.0336303710938, 582.94287109375, 633.8814697265625, 507.4403381347656, 469.2328491210938, 388.2144775390625][569.201171875, 520.7865600585938, 537.0540771484375, 554.7334594726563, 677.0204467773438, 706.7321166992188, 770.0112915039063;
 612.4317626953125, 599.9935913085938, 587.5064697265625, 639.6533203125, 505.5073852539063, 464.1254272460938, 374.4879455566406][601.8328857421875, 554.7889404296875, 570.5777587890625, 587.7666625976563, 728.9583740234375, 762.2625732421875, 832.9415893554688;
 603.7542114257813, 591.748779296875, 579.5341796875, 630.31298828125, 523.599609375, 490.2457885742188, 418.3366088867188][][609.1185302734375, 582.9829711914063, 571.397705078125;
 307.5786743164063, 418.8604125976563, 469.1490173339844][671.2510375976563, 636.8302001953125, 621.373779296875;
 321.5527648925781, 422.74560546875, 469.1152954101563][672.8734741210938, 648.41650390625, 637.3142700195313;
 321.2582702636719, 422.1084289550781, 469.2106323242188][612.8648681640625, 596.5469970703125, 589.1085205078125;
 316.064208984375, 421.7896118164063, 471.0160827636719]