[625.6019897460938, 598.8777465820313, 595.654541015625, 615.0374145507813;
 448.1419067382813, 456.2111511230469, 405.5863342285156, 408.8666076660156][625.5992431640625, 595.7114868164063, 615.111083984375, 598.8309936523438, 283.9626159667969, 371.9030456542969, 412.854248046875;
 448.0526733398438, 405.4766540527344, 408.7709045410156, 456.0885009765625, 702.2105102539063, 639.8455810546875, 610.4608154296875][625.837646484375, 595.9393920898438, 615.306396484375, 599.1371459960938, 292.6112976074219, 379.2840881347656, 419.211669921875;
 448.1954040527344, 405.6374816894531, 408.9032287597656, 456.260009765625, 730.6385498046875, 658.364990234375, 625.15478515625][-6.277438562204192e+66, -6.277438562204192e+66, -6.277438562204192e+66, -6.277438562204192e+66;
 -6.277438562204192e+66, -6.277438562204192e+66, -6.277438562204192e+66, -6.277438562204192e+66][-6.277438562204192e+66, -6.277438562204192e+66, -6.277438562204192e+66, -6.277438562204192e+66;
 -6.277438562204192e+66, -6.277438562204192e+66, -6.277438562204192e+66, -6.277438562204192e+66][443.0308532714844, 415.0628967285156, 408.0459289550781, 429.1390991210938;
 631.9381713867188, 646.1187744140625, 593.37646484375, 592.498046875][][347.4361267089844, 363.8470458984375, 371.2980346679688;
 307.3551025390625, 420.8195495605469, 472.70458984375][409.7735290527344, 390.2956237792969, 418.3485717773438, 400.9672241210938, 370.9324645996094, 363.396728515625, 346.7640075683594;
 524.005126953125, 486.9815979003906, 484.493408203125, 471.6665649414063, 472.7309875488281, 420.8639526367188, 307.4308471679688][505.1387939453125, 505.653076171875, 523.419189453125, 490.2127075195313, 370.3297729492188, 362.6328125, 345.6525268554688;
 530.619873046875, 474.7624816894531, 494.8784790039063, 485.4637756347656, 472.8247680664063, 420.9355773925781, 307.4181518554688][588.0292358398438, 586.2361450195313, 612.5284423828125, 564.729736328125, 368.9212036132813, 360.8988342285156, 343.1064758300781;
 545.4606323242188, 487.1167907714844, 507.4041442871094, 499.1913757324219, 473.0471801757813, 421.1107482910156, 307.3956298828125][588.0276489257813, 586.224609375, 612.5253295898438, 564.707275390625, 342.8394775390625, 329.7022399902344, 295.0558166503906;
 545.4649658203125, 487.1210327148438, 507.4229736328125, 499.2040710449219, 478.3728637695313, 426.8274841308594, 313.1940307617188][588.083740234375, 586.2998657226563, 612.5946044921875, 564.7900390625, 342.8922119140625, 329.7530822753906, 295.0947265625;
 545.4544067382813, 487.1178283691406, 507.4211120605469, 499.1954345703125, 478.3638305664063, 426.8162841796875, 313.1881408691406][588.0901489257813, 586.2882690429688, 612.5992431640625, 564.7827758789063, 342.8936462402344, 329.7496948242188, 295.0984802246094;
 545.4668579101563, 487.1337890625, 507.4363403320313, 499.2081298828125, 478.3726806640625, 426.8216552734375, 313.1969299316406][588.0932006835938, 586.2996215820313, 612.5922241210938, 564.779296875, 342.8988647460938, 329.7518310546875, 295.0896301269531;
 545.45458984375, 487.1258544921875, 507.4093017578125, 499.1998901367188, 478.361572265625, 426.8129577636719, 313.1918640136719][588.06201171875, 586.2608032226563, 612.564697265625, 564.7587890625, 342.8783264160156, 329.7349853515625, 295.0796203613281;
 545.4666137695313, 487.1212768554688, 507.4228515625, 499.2012939453125, 478.3553161621094, 426.8175659179688, 313.1906433105469][588.031005859375, 586.2420043945313, 612.5425415039063, 564.73583984375, 342.8517456054688, 329.7156372070313, 295.0522766113281;
 545.4459228515625, 487.1051940917969, 507.4144287109375, 499.1903381347656, 478.34716796875, 426.8001708984375, 313.1812438964844][461.9281005859375, 438.2089233398438, 412.6603088378906, 434.1759338378906;
 490.0013122558594, 514.55419921875, 463.7352600097656, 454.9124450683594][461.9948120117188, 438.2574768066406, 412.7151489257813, 434.2335205078125;
 489.9857177734375, 514.5499267578125, 463.7213134765625, 454.9034729003906][461.9918518066406, 438.2469482421875, 412.7056579589844, 434.2239685058594;
 489.9248046875, 514.4973754882813, 463.6702880859375, 454.8453979492188][462.0377502441406, 438.2813110351563, 412.7371215820313, 434.2617492675781;
 489.9122314453125, 514.486328125, 463.6534423828125, 454.8239440917969][461.8500061035156, 412.5805969238281, 434.1253051757813, 438.0715942382813, 712.5697021484375, 639.1578369140625, 602.5202026367188;
 489.990478515625, 463.6612854003906, 454.8578491210938, 514.5142822265625, 575.464111328125, 568.2210693359375, 564.7052612304688][461.8991394042969, 412.6231689453125, 434.1614685058594, 438.1062316894531, 686.0029296875, 621.01318359375, 587.8710327148438;
 490.0776062011719, 463.74072265625, 454.9365539550781, 514.6029052734375, 548.3846435546875, 548.3888549804688, 548.296142578125][462.1249694824219, 438.3587951660156, 412.7980346679688, 434.3327941894531;
 489.940185546875, 514.5358276367188, 463.7031555175781, 454.852783203125][462.1839294433594, 438.4169311523438, 412.8529357910156, 434.3899841308594;
 490.0112915039063, 514.5957641601563, 463.7749633789063, 454.909423828125][715.8900146484375, 681.279541015625, 697.8493041992188, 719.7373046875;
 699.5744018554688, 707.4147338867188, 646.2511596679688, 651.4793090820313][655.8489379882813, 625.3890380859375, 651.7233276367188, 668.9677124023438;
 650.1826171875, 651.1678466796875, 608.679443359375, 615.4386596679688][-6.277438562204192e+66, -6.277438562204192e+66, -6.277438562204192e+66, -6.277438562204192e+66;
 -6.277438562204192e+66, -6.277438562204192e+66, -6.277438562204192e+66, -6.277438562204192e+66][][908.0281372070313, 825.8471069335938, 787.1157836914063;
 412.3282775878906, 497.5885925292969, 538.130126953125][741.9434204101563, 698.4105224609375, 677.3935546875;
 326.8346862792969, 424.4477844238281, 470.29052734375][723.62841796875, 674.7171020507813, 651.7555541992188;
 371.2421875, 441.0692138671875, 474.1781616210938][557.0343017578125, 533.5449829101563, 511.2144775390625, 531.919189453125;
 383.4920043945313, 405.4698181152344, 352.5792236328125, 346.1528930664063][556.9035034179688, 533.4280395507813, 511.0710144042969, 531.768310546875;
 383.5485534667969, 405.5057067871094, 352.6540222167969, 346.2113647460938][556.578125, 531.4002685546875, 533.1124267578125, 510.730712890625, 727.1007080078125, 675.8876342773438, 649.6065673828125;
 383.6695861816406, 346.390869140625, 405.623046875, 352.8277282714844, 486.9429016113281, 475.8569030761719, 470.0167236328125][556.374755859375, 532.91064453125, 510.4935913085938, 531.1801147460938;
 383.6920776367188, 405.6557006835938, 352.8732299804688, 346.4236755371094][714.1874389648438, 680.0789794921875, 694.2529296875, 716.071533203125;
 695.4459228515625, 703.5150756835938, 640.8526611328125, 646.2235107421875][635.39306640625, 606.593994140625, 599.3554077148438, 621.345458984375;
 620.2702026367188, 636.2278442382813, 585.662109375, 582.8800048828125][-6.277438562204192e+66, -6.277438562204192e+66, -6.277438562204192e+66, -6.277438562204192e+66;
 -6.277438562204192e+66, -6.277438562204192e+66, -6.277438562204192e+66, -6.277438562204192e+66][][724.6080932617188, 686.0264892578125, 667.5498657226563;
 321.7329406738281, 420.7806091308594, 467.2458190917969][713.4898681640625, 667.4635009765625, 645.161865234375;
 352.2528381347656, 427.87353515625, 463.6270141601563][706.2761840820313, 670.8009643554688, 672.4009399414063, 697.5380859375;
 685.3369750976563, 698.8244018554688, 634.6091918945313, 636.2255859375][647.6431274414063, 619.0955810546875, 626.8876953125, 645.880859375;
 626.7557983398438, 637.0479125976563, 584.9365234375, 586.7791748046875][-6.277438562204192e+66, -6.277438562204192e+66, -6.277438562204192e+66, -6.277438562204192e+66;
 -6.277438562204192e+66, -6.277438562204192e+66, -6.277438562204192e+66, -6.277438562204192e+66][545.5126342773438, 501.1423034667969, 519.6478271484375, 525.831787109375, 657.6585693359375, 687.607666015625, 747.067138671875;
 404.1480102539063, 379.8406066894531, 370.8954162597656, 428.4787902832031, 447.2181396484375, 443.6460266113281, 436.6287536621094][887.33935546875, 819.3619995117188, 786.7257690429688;
 399.9198303222656, 493.2874450683594, 538.6091918945313][770.53564453125, 720.3396606445313, 696.18505859375;
 374.7825317382813, 455.5506896972656, 494.3026428222656][740.4521484375, 684.0140991210938, 658.217529296875;
 348.9209899902344, 429.0508728027344, 466.1962280273438][-6.277438562204192e+66, -6.277438562204192e+66, -6.277438562204192e+66, -6.277438562204192e+66, 562.3807373046875, 532.6265258789063, 578.65673828125, 562.8991088867188, 450.7881774902344, 438.4178161621094, 413.1632690429688;
 -6.277438562204192e+66, -6.277438562204192e+66, -6.277438562204192e+66, -6.277438562204192e+66, 648.3125610351563, 640.2274780273438, 610.2754516601563, 596.7659301757813, 452.7212219238281, 400.5696716308594, 293.7461547851563][413.93310546875, 438.90625, 451.0971984863281;
 293.6952209472656, 400.5541381835938, 452.6899719238281][-6.277438562204192e+66, -6.277438562204192e+66, -6.277438562204192e+66, -6.277438562204192e+66;
 -6.277438562204192e+66, -6.277438562204192e+66, -6.277438562204192e+66, -6.277438562204192e+66][-6.277438562204192e+66, -6.277438562204192e+66, -6.277438562204192e+66, -6.277438562204192e+66;
 -6.277438562204192e+66, -6.277438562204192e+66, -6.277438562204192e+66, -6.277438562204192e+66][-6.277438562204192e+66, -6.277438562204192e+66, -6.277438562204192e+66, -6.277438562204192e+66;
 -6.277438562204192e+66, -6.277438562204192e+66, -6.277438562204192e+66, -6.277438562204192e+66][567.0719604492188, 541.5135498046875, 528.2743530273438, 548.950927734375;
 606.0181884765625, 624.2554321289063, 579.6605224609375, 573.7890625][644.4942626953125, 618.0203857421875, 606.5543212890625;
 283.46826171875, 393.6975708007813, 442.3681640625][-6.277438562204192e+66, -6.277438562204192e+66, -6.277438562204192e+66, -6.277438562204192e+66, 560.9346313476563, 530.9234008789063, 578.6715087890625, 563.0146484375, 431.72607421875, 414.2691040039063, 376.5582275390625;
 -6.277438562204192e+66, -6.277438562204192e+66, -6.277438562204192e+66, -6.277438562204192e+66, 644.8963623046875, 634.6438598632813, 608.9119873046875, 594.8539428710938, 457.0399780273438, 406.3663024902344, 293.8827514648438][][][][][][][][][][][][][449.2033386230469, 474.7310791015625, 492.6109008789063, 471.3468017578125;
 328.3771362304688, 306.6134338378906, 360.8364868164063, 367.0050659179688][449.1806945800781, 474.6952209472656, 492.5864868164063, 471.3231201171875;
 328.3863220214844, 306.6291198730469, 360.8425598144531, 367.02001953125][449.2210083007813, 474.7472229003906, 492.6288757324219, 471.3599243164063;
 328.3840026855469, 306.6180725097656, 360.8526611328125, 367.0085144042969][449.2333679199219, 474.7534790039063, 492.6335144042969, 471.3609924316406;
 328.3928833007813, 306.62939453125, 360.8500671386719, 367.0220336914063][449.1941528320313, 474.7145385742188, 492.5941467285156, 471.3342895507813;
 328.4037475585938, 306.642822265625, 360.8616943359375, 367.0302124023438][449.1652526855469, 474.6763000488281, 492.5722961425781, 471.3153381347656;
 328.4320068359375, 306.6737976074219, 360.8965759277344, 367.0632629394531][449.1653137207031, 474.6701049804688, 492.5775146484375, 471.3095703125;
 328.4955444335938, 306.7338256835938, 360.9486389160156, 367.1159057617188][449.1195373535156, 474.6288757324219, 492.5299682617188, 471.2685852050781;
 328.5032043457031, 306.7464904785156, 360.9454345703125, 367.1331481933594][449.0976867675781, 474.6051025390625, 492.506591796875, 471.2543640136719;
 328.5255737304688, 306.7610473632813, 360.9649047851563, 367.1457824707031][449.1239929199219, 474.6275634765625, 492.5267333984375, 471.271240234375;
 328.5191345214844, 306.7705078125, 360.9729614257813, 367.1475219726563][568.0155639648438, 545.309326171875, 519.8460083007813, 540.538818359375;
 437.1236267089844, 461.1407470703125, 412.361572265625, 403.4535827636719][][][-6.277438562204192e+66, -6.277438562204192e+66, -6.277438562204192e+66, -6.277438562204192e+66;
 -6.277438562204192e+66, -6.277438562204192e+66, -6.277438562204192e+66, -6.277438562204192e+66][472.2139282226563, 450.1177673339844, 432.5075988769531, 451.2580871582031;
 570.682861328125, 588.4105224609375, 545.0423583984375, 539.6814575195313][689.7886352539063, 657.602783203125, 654.0120849609375, 677.92041015625;
 693.4660034179688, 713.0938720703125, 649.2501220703125, 646.5474853515625][636.4406127929688, 604.080078125, 617.87548828125, 638.5702514648438;
 640.6576538085938, 644.8143310546875, 591.3809204101563, 597.7496337890625][587.884521484375, 559.0601806640625, 573.0780639648438, 591.1968383789063;
 595.2785034179688, 595.9944458007813, 550.4188842773438, 557.6842651367188][585.8396606445313, 560.6366577148438, 563.197265625, 580.7108764648438;
 582.7753295898438, 592.7492065429688, 545.8773193359375, 547.0255737304688][536.3615112304688, 491.8325500488281, 506.2452392578125, 524.2639770507813, 623.3511352539063, 646.7578735351563, 696.595947265625;
 585.8057861328125, 575.4434814453125, 562.4432373046875, 613.2085571289063, 475.7457885742188, 434.9124755859375, 348.7672424316406][536.3690795898438, 491.8247985839844, 506.2514953613281, 524.2955322265625, 622.8307495117188, 645.2123413085938, 691.5028076171875;
 585.7758178710938, 575.4446411132813, 562.4208984375, 613.1981811523438, 493.0513000488281, 457.9734497070313, 385.2099304199219][508.999267578125, 463.7330322265625, 478.5131530761719, 496.5937805175781, 602.2887573242188, 627.1539916992188, 679.251708984375;
 595.4992065429688, 583.5313110351563, 570.59814453125, 623.3157348632813, 490.9651489257813, 451.8754272460938, 370.6886291503906][547.3485717773438, 500.8252563476563, 515.8677978515625, 534.8609619140625, 650.7642211914063, 678.9599609375, 737.9479370117188;
 599.886474609375, 588.0852661132813, 574.73095703125, 628.3961791992188, 488.7875671386719, 446.9486999511719, 357.6293029785156][573.952392578125, 529.0191040039063, 543.6202392578125, 561.7607421875, 691.0538330078125, 721.3577270507813, 784.5272827148438;
 590.150390625, 578.7579956054688, 565.8203125, 617.7753295898438, 506.737548828125, 473.1198120117188, 402.1082153320313][][586.790771484375, 558.662109375, 545.9677124023438;
 286.11279296875, 399.9705810546875, 451.8128356933594][632.9623413085938, 599.923583984375, 584.8717041015625;
 302.2756958007813, 404.5019836425781, 451.8559875488281][632.5067138671875, 611.8175659179688, 602.3070068359375;
 301.9547424316406, 404.0045166015625, 452.0042114257813][578.9170532226563, 566.1392822265625, 560.2390747070313;
 294.91748046875, 403.1779174804688, 453.7108764648438]