-154.3014848135184	252.3810216733597	898.9196244817501
-154.3014848135184	252.3810216733597	898.9196244817501
-154.2103779425229	252.4261417796638	898.4435854588667
-154.2167231496758	252.4118199393519	898.6147404644312
-154.1184397479188	252.4100377046545	898.5981831433586
-154.2241800975093	252.4512631098654	898.2848540137749
-154.344948764285	252.4068520631124	898.7499885934258
-154.3307134163125	252.4080239377428	898.743972229887
-154.3014848135184	252.3810216733597	898.9196244817501
-154.3134316925576	252.4275890064616	898.5381718988007
-154.2167231496758	252.4118199393519	898.6147404644312
-154.4040303512666	252.4191322930004	898.6680018619722
-154.2947586723162	252.4583774992361	898.237684686174
-154.3014848135184	252.3810216733597	898.9196244817501
-154.1997597662149	252.4313031227798	898.4087043786388
-154.3134316925576	252.4275890064616	898.5381718988007
-154.3014848135184	252.3810216733597	898.9196244817501
-154.3134316925576	252.4275890064616	898.5381718988007
-154.2039569910595	252.4665438954953	898.1079483559995
-154.3284250652785	252.4091964427021	898.7512140346047
-154.1363901577614	252.4370440169891	898.2756725715275
-154.3089192749698	252.3876718471869	898.8645746583205
-154.1997597662149	252.4313031227798	898.4087043786388
-154.0784389528074	252.4250039963943	898.3540562377199
-154.3307134163125	252.4080239377428	898.743972229887
-154.3840557781497	252.434661442383	898.4915010752211
-154.3134316925576	252.4275890064616	898.5381718988007
-154.2817360294808	252.3969981881461	898.741424029143
-154.1997597662149	252.4313031227798	898.4087043786388
-154.3307134163125	252.4080239377428	898.743972229887
-154.3014848135184	252.3810216733597	898.9196244817501
-154.1879321572614	252.4175709168861	898.5478817750036
-154.3307134163125	252.4080239377428	898.743972229887
-154.3106991053208	252.4236807555369	898.566881198843
-154.0810685759401	252.4281972774899	898.3311687229432
-154.1751546466161	252.4401845840272	898.2824985912588
-154.2817360294808	252.3969981881461	898.741424029143
-154.4100566132187	252.3363113287422	899.3758648097445
-154.3134316925576	252.4275890064616	898.5381718988007
-154.3127120060709	252.4263234683139	898.5231066631795
-154.3014848135184	252.3810216733597	898.9196244817501
-154.3723983810377	252.3884506672664	898.8711216958691
-154.3014848135184	252.3810216733597	898.9196244817501
-154.3307134163125	252.4080239377428	898.743972229887
-154.3134316925576	252.4275890064616	898.5381718988007
-154.3134316925576	252.4275890064616	898.5381718988007
-154.2817360294808	252.3969981881461	898.741424029143
-154.3134316925576	252.4275890064616	898.5381718988007
-154.3245355500607	252.4224549691647	898.5730312557554
-154.2591215402457	252.4338388065675	898.3739194322313
-154.180049284274	252.4466399434079	898.2320188393331
-154.4159192054306	252.3981628673306	898.8237121503839
-154.3287167938733	252.5019932809509	897.9077039860707
-154.006522675325	252.4134641541198	898.4716677117693
-154.3014848135184	252.3810216733597	898.9196244817501
-154.0927807099771	252.4737874808277	897.9499310390969
-154.3924167972981	252.3723768236941	899.0493177225529
-154.2591215402457	252.4338388065675	898.3739194322313
-154.293622230487	252.4430485233393	898.3613938949037
-154.3730453298525	252.3628516721982	899.0623102410225
-154.2066613204651	252.470397017174	898.0792458159447
-154.1997597662149	252.4313031227798	898.4087043786388
-154.1876496496452	252.3849565192465	898.7901282638716
-154.293622230487	252.4430485233393	898.3613938949037
-154.3134316925576	252.4275890064616	898.5381718988007
-154.293622230487	252.4430485233393	898.3613938949037
-154.4048615185726	252.3937144254687	898.8589737895419
-154.3089192749698	252.3876718471869	898.8645746583205
-154.1648968329378	252.4221547559448	898.4204044698256
-154.0550759753461	252.4607818151065	897.9904588254333
-154.4223925898648	252.3836336384416	898.9942044018073
-154.2167231496758	252.4118199393519	898.6147404644312
-154.293622230487	252.4430485233393	898.3613938949037
-154.3089192749698	252.3876718471869	898.8645746583205
-154.293622230487	252.4430485233393	898.3613938949037
-154.4027838465257	252.3994678737304	898.8172282729336
-154.1997597662149	252.4313031227798	898.4087043786388
-154.3307134163125	252.4080239377428	898.743972229887
-154.293622230487	252.4430485233393	898.3613938949037
-154.4220133793182	252.3738381093495	899.0649967337923
-154.2716847625791	252.4132744923882	898.552441222279
-154.2047322619629	252.3656944876931	898.991171362955
-154.3042981879184	252.3916639077269	898.7460986304467
-154.2894087982833	252.4033831271959	898.6876896016032
-154.11659489783	252.452278099707	898.0989529699667
-154.2789407159536	252.3507757922435	899.1110498784802
-154.2103779425229	252.4261417796638	898.4435854588667
-154.3061446561605	252.3837232851138	898.8932971446819
-154.4048615185726	252.3937144254687	898.8589737895419
-154.1817652514483	252.4367699536768	898.300252556789
-154.2817360294808	252.3969981881461	898.741424029143
-154.4223925898648	252.3836336384416	898.9942044018073
-154.180049284274	252.4466399434079	898.2320188393331
-154.1679984249384	252.4008084149694	898.6120211466853
-154.3506608921847	252.4002414592771	898.6944323528238
-154.3462148427425	252.3603373998577	899.0193818504541
-154.3851638589483	252.4094447055091	898.6819890196749
-154.1678413483463	252.4561412783665	898.1059637547733
-154.1997597662149	252.4313031227798	898.4087043786388
-154.1450777184007	252.4364537403615	898.2288487559841
-154.1753220770826	252.4169914404032	898.4551770088996
-154.3462148427425	252.3603373998577	899.0193818504541
-154.3703080174866	252.3845147874543	898.8713041499689
-154.1997597662149	252.4313031227798	898.4087043786388
-154.3683478547694	252.32234729498	899.3882798872978
-154.3682987240802	252.3902663644768	898.8296324104404
-154.2692407642309	252.4384303809745	898.3608113488449
-154.2399956557163	252.3640278538116	898.9535552468216
-154.1465476902345	252.3904516991883	898.6293938368191
-154.1047146375205	252.4066468642006	898.4790816000849
-154.3905112579546	252.352665625087	899.1974693834621
-154.0900617884998	252.46994903088	897.9786376823112
-154.256419359634	252.3885266462744	898.7409517118699
-154.2591215402457	252.4338388065675	898.3739194322313
-154.2591215402457	252.4338388065675	898.3739194322313
-154.2535514781549	252.3845842066672	898.7696803819175
-154.1679984249384	252.4008084149694	898.6120211466853
-154.2767291377749	252.355530741085	899.053024736244
-154.2783823037665	252.4523741528877	898.224217695614
-154.1330377447012	252.3916531079992	898.6236025277143
-154.2788804203043	252.4183826963295	898.5505845619883
-154.2772320775327	252.3764830507032	898.9185229797057
-154.1648968329378	252.4221547559448	898.4204044698256
-154.2903113503964	252.3555753658725	899.0739628527202
-154.2591215402457	252.4338388065675	898.3739194322313
-154.288519723706	252.393733990859	898.7580649591501
-154.180049284274	252.4466399434079	898.2320188393331
-154.2368682092693	252.4041288739864	898.5641723723431
-154.0752351982745	252.4173560677827	898.4194752844631
-154.2546105092111	252.3942396688143	898.6993817672887
-154.145234473813	252.4374867254826	898.2438326899701
-154.4223925898648	252.3836336384416	898.9942044018073
-154.0817772754256	252.4431183060283	898.1108020748078
-154.2368682092693	252.4041288739864	898.5641723723431
-154.3851638589483	252.4094447055091	898.6819890196749
-154.3607863961306	252.4048431171426	898.6813539916527
-154.2874535925141	252.4061116784038	898.5618092830312
-154.3626791147805	252.3571417011687	899.0672055464388
-154.381014790031	252.3694729621535	899.0077724191152
-154.3905112579546	252.352665625087	899.1974693834621
-154.3284593098709	252.3785231488301	898.8584933988882
-154.2894087982833	252.4033831271959	898.6876896016032
-154.11659489783	252.452278099707	898.0989529699667
-154.1679984249384	252.4008084149694	898.6120211466853
-154.145234473813	252.4374867254826	898.2438326899701
-154.3462148427425	252.3603373998577	899.0193818504541
-154.2368682092693	252.4041288739864	898.5641723723431
-154.145234473813	252.4374867254826	898.2438326899701
-154.385225435729	252.3851333241429	898.8523365504705
-154.2716847625791	252.4132744923882	898.552441222279
-154.145234473813	252.4374867254826	898.2438326899701
-154.3220172112707	252.3765196155712	898.9026855998867
-154.3417415129103	252.3996931840245	898.7263505051251
-154.0697510168425	252.397484805991	898.4906980528682
-154.2546105092111	252.3942396688143	898.6993817672887
-154.2076142707513	252.3968089693212	898.5578329145667
-154.145234473813	252.4374867254826	898.2438326899701
-154.23064365073	252.407388426083	898.5392295384031
-154.2591215402457	252.4338388065675	898.3739194322313
-154.2368682092693	252.4041288739864	898.5641723723431
-154.1913206933394	252.4000669718012	898.5667948842971
-154.3537436843031	252.4524358935769	898.3688138699832
-154.2546105092111	252.3942396688143	898.6993817672887
-154.2829389040147	252.3663620107974	898.8865703236876
-154.2591215402457	252.4338388065675	898.3739194322313
-154.2546105092111	252.3942396688143	898.6993817672887
-154.2040353240466	252.3987265691478	898.5732238430086
-154.226617792395	252.4561737845299	898.2176757392292
-154.0817772754256	252.4431183060283	898.1108020748078
-154.3089192749698	252.3876718471869	898.8645746583205
-154.195778822696	252.4395737479266	898.2409191347374
-154.238925615735	252.4078694852676	898.5616029357633
-154.2546105092111	252.3942396688143	898.6993817672887
-154.1527395147179	252.375815099224	898.8015789785767
-154.222771244659	252.3832191115904	898.7527035127018
-154.145234473813	252.4374867254826	898.2438326899701
-154.145234473813	252.4374867254826	898.2438326899701
-154.145234473813	252.4374867254826	898.2438326899701
-154.1330377447012	252.3916531079992	898.6236025277143
-154.1372447956755	252.4861690847595	897.815846260975
-154.0817772754256	252.4431183060283	898.1108020748078
-154.2546105092111	252.3942396688143	898.6993817672887
-154.2546105092111	252.3942396688143	898.6993817672887
-154.0817772754256	252.4431183060283	898.1108020748078
-154.2870441024806	252.3772476887171	898.8824132329776
-154.2694967622535	252.3872417881211	898.7472118518508
-154.145234473813	252.4374867254826	898.2438326899701
-154.2546105092111	252.3942396688143	898.6993817672887
-154.180049284274	252.4466399434079	898.2320188393331
-154.1913206933394	252.4000669718012	898.5667948842971
-154.2547954486966	252.4297043693576	898.420969154054
-154.1342602062492	252.4448658659543	898.0911566584024
-154.1527395147179	252.375815099224	898.8015789785767
-154.1781280627514	252.4208848359748	898.426504124918
-154.2212757153842	252.4177018499884	898.4262869606792
-154.2788804203043	252.4183826963295	898.5505845619883
-154.2836279228078	252.365254605569	898.8709631770046
-154.2829389040147	252.3663620107974	898.8865703236876
-154.2863003101714	252.3759453381242	898.8676377025531
-153.9878136589459	252.4836856739801	897.6583105844115
-154.1912858732884	252.3990579703184	898.5515747706179
-154.2100639615482	252.3747242187378	898.8145060620977
-154.145234473813	252.4374867254826	898.2438326899701
-154.2661147315044	252.3917839701416	898.690961366205
-154.145234473813	252.4374867254826	898.2438326899701
-154.145234473813	252.4374867254826	898.2438326899701
-154.1620461195551	252.4182519112855	898.4491162130803
-154.263234648508	252.3918046691385	898.6846117537368
-154.2040353240466	252.3987265691478	898.5732238430086
-154.2368682092693	252.4041288739864	898.5641723723431
-154.195778822696	252.4395737479266	898.2409191347374
-154.173396875964	252.4088845286412	898.4162960236657
-154.145234473813	252.4374867254826	898.2438326899701
-154.2368682092693	252.4041288739864	898.5641723723431
-154.1918454087558	252.3989389215452	898.5513873256068
-154.1913206933394	252.4000669718012	898.5667948842971
-154.3177418781731	252.3755043347424	898.8749257165147
-154.2559505231552	252.3874480392415	898.7259682299704
-154.1444897818369	252.4055376205283	898.492304626123
-154.173546374122	252.4098960410944	898.4315184591932
-154.1971067450042	252.397381045941	898.5355605375382
-154.2565128249827	252.3873293530606	898.7257803702986
-154.0814606336929	252.442086420947	898.0957808596972
-154.2374378492553	252.4029970975951	898.5487997297093
-154.3009533392455	252.3547864894119	899.0174144885008
-154.2223134594658	252.4652369108517	898.0671010831211
-154.1739577167494	252.4087654615025	898.4161084164879
-154.0986860970141	252.4240005589506	898.3161309340095
-154.2829389040147	252.3663620107974	898.8865703236876
-154.2552934102575	252.3931103555111	898.6840116556136
-154.1931172695553	252.3932001604768	898.5931229986833
-154.2239767631768	252.3831767406749	898.7498924918353
-154.0817772754256	252.4431183060283	898.1108020748078
-154.2829389040147	252.3663620107974	898.8865703236876
-154.2813309288362	252.4202167151693	898.5255868270303
-154.1931822591108	252.3943961582594	898.6083324133735
-154.2368682092693	252.4041288739864	898.5641723723431
-154.1913206933394	252.4000669718012	898.5667948842971
-154.4758197302163	252.3518637630877	899.1256220978995
-154.145234473813	252.4374867254826	898.2438326899701
-154.2911131644196	252.3822501108266	898.7076802562477
-154.1971067450042	252.397381045941	898.5355605375382
-154.2873115106521	252.4049242517754	898.5464474584176
-154.3220172112707	252.3765196155712	898.9026855998867
-154.1780519232779	252.4080578300808	898.4158006141703
-154.1029575247624	252.4211262086047	898.2857608571653
-154.0814606336929	252.442086420947	898.0957808596972
-154.2076142707513	252.3968089693212	898.5578329145667
-154.286746660952	252.4050431326758	898.5466346984795
-154.2179680468165	252.4259607107785	898.3929221354131
-154.2829389040147	252.3663620107974	898.8865703236876
-154.0901211931169	252.4406670799954	898.0961412200376
-154.2420290607654	252.3476549042493	899.0793656599388
-154.3538788956795	252.3544585425309	899.079995871576
-154.4145483933732	252.3504085390777	899.1477174349149
-154.1959224008515	252.3982312745466	898.5510804685173
-154.1931172695553	252.3932001604768	898.5931229986833
-154.1913206933394	252.4000669718012	898.5667948842971
-154.1771534536739	252.3759798138173	898.6635532734376
-154.1930625191343	252.3980777254193	898.5357313744128
-154.2546105092111	252.3942396688143	898.6993817672887
-154.2080021212508	252.3805196150595	898.772332975649
-154.1930625191343	252.3980777254193	898.5357313744128
-154.0870493985028	252.4403882366124	898.0799413545516
-154.2944356489461	252.3639123682197	898.8781046320642
-154.1998393746989	252.3976332730128	898.5519979943963
-154.1913206933394	252.4000669718012	898.5667948842971
-154.2179680468165	252.4259607107785	898.3929221354131
-154.2063974785079	252.3931108689119	898.6146238580592
-154.2830702083305	252.3653737113767	898.8711494497277
-154.1913206933394	252.4000669718012	898.5667948842971
-154.1913206933394	252.4000669718012	898.5667948842971
-154.2829389040147	252.3663620107974	898.8865703236876
-154.173396875964	252.4088845286412	898.4162960236657
-154.1674914481471	252.3597700816178	898.7659369814564
-154.2829389040147	252.3663620107974	898.8865703236876
-154.1863671923603	252.40855676974	898.4379468042983
-154.2836279228078	252.365254605569	898.8709631770046
-154.2955008108059	252.3650063203183	898.8931606687485
-154.3188243536551	252.4263387200543	898.4324887134139
-154.2278123976812	252.4585812993117	898.0969610067032
-154.1898495266559	252.4066367944777	898.4225518204709
-154.2850095362056	252.3644143463723	898.8551043218412
-154.3186591775132	252.4254714488669	898.4225452861879
-154.1603029679679	252.3625597951345	898.7971107284887
-154.0901447063997	252.4352266222829	898.135133726271
-154.2829389040147	252.3663620107974	898.8865703236876
-154.3621375539086	252.3400701322552	899.098474891787
-154.1913206933394	252.4000669718012	898.5667948842971
-154.2876805803928	252.3645451474433	898.8706787136171
-154.4105650868554	252.3046196965238	899.5090368924981
-154.0947516429534	252.4417940531699	898.1170687592935
-154.3292319111561	252.3730558120351	898.8664288990032
-154.3476905719897	252.4513336159179	898.2411518267778
-154.0630928582493	252.4210025331187	898.2239516966446
-154.0861419550127	252.4412615490814	898.0952618666729
-154.2457171667503	252.3936081445638	898.7319875133057
-154.2972057286998	252.3622680914319	898.8554821721984
-154.2002287865626	252.3965502604961	898.5191812141046
-154.3045527161197	252.3924432993826	898.5827084216328
-154.3198641075497	252.4255278021516	898.4162381699425
-154.2836279228078	252.365254605569	898.8709631770046
-154.2850095362056	252.3644143463723	898.8551043218412
-154.2830702083305	252.3653737113767	898.8711494497277
-154.2915610753461	252.3639437644827	898.8716336384783
-154.1750606481876	252.4079015577359	898.4004509857075
-154.2007601988533	252.3967625878486	898.5365289016991
-154.1978107588655	252.3972532335252	898.5351474553908
-154.3867571663718	252.3120612190541	899.4289000613372
-154.1898495266559	252.4066367944777	898.4225518204709
-154.3016203564607	252.3612390936076	898.8461507401549
-154.1978107588655	252.3972532335252	898.5351474553908
-154.2836279228078	252.365254605569	898.8709631770046
-154.1972652249482	252.392500089697	898.5928004433584
-154.1912858732884	252.3990579703184	898.5515747706179
-154.2993576499196	252.3621681996541	898.8622739104502
-154.1821330582545	252.4063711920179	898.3838988381829
-154.2876805803928	252.3645451474433	898.8706787136171
-154.2956712592309	252.3622495185838	898.8394846097949
-154.1725129432619	252.3768078030925	898.6640222712913
-154.0817772754256	252.4431183060283	898.1108020748078
-154.1782773277101	252.3751489308886	898.6478208878816
-154.0719728160465	252.4176913295128	898.1936590904439
-154.3276496936652	252.3877023737649	898.6641067105379
-154.3016203564607	252.3612390936076	898.8461507401549
-154.0682493517841	252.4183089241453	898.1926894059745
-154.1959224008515	252.3982312745466	898.5510804685173
-154.1913206933394	252.4000669718012	898.5667948842971
-154.1821330582545	252.4063711920179	898.3838988381829
-154.072666301587	252.4175474395971	898.1932891368729
-154.189708751877	252.4056745550006	898.4074277776853
-154.2829389040147	252.3663620107974	898.8865703236876
-154.238205130657	252.3769748634253	898.6889556313033
-154.1874066480279	252.4057628317137	898.4007398934801
-154.1821330582545	252.4063711920179	898.3838988381829
-154.0820233012425	252.4419674085813	898.0955920821924
-154.2829389040147	252.3663620107974	898.8865703236876
-154.2915610753461	252.3639437644827	898.8716336384783
-154.1918454087558	252.3989389215452	898.5513873256068
-154.0862806921993	252.4085828837333	898.3280566283487
-154.3055432017581	252.3539579805271	899.0169443516544
-154.1780519232779	252.4080578300808	898.4158006141703
-154.2817116940545	252.3662967506887	898.8928414247275
-154.2661560435772	252.3877013352277	898.6082647839515
-154.0862806921993	252.4085828837333	898.3280566283487
-154.2915610753461	252.3639437644827	898.8716336384783
-154.1771534536739	252.3759798138173	898.6635532734376
-154.173546374122	252.4098960410944	898.4315184591932
-154.2923109184699	252.3629060329425	898.8383753796106
-154.2993576499196	252.3621681996541	898.8622739104502
-154.293337455934	252.3629500371149	898.8555939666443
-154.3036114251427	252.3608533369656	898.8226145637525
-154.2076142707513	252.3968089693212	898.5578329145667
-154.3078221614624	252.3607610941219	898.8627248692129
-154.2955008108059	252.3650063203183	898.8931606687485
-154.1828020193016	252.4065867074593	898.4012465766929
-154.3001158795417	252.3613989385128	898.8390310572385
-154.2890278288333	252.3637156530947	898.8549582526173
-154.2850095362056	252.3644143463723	898.8551043218412
-154.3300765994948	252.4233678851176	898.4004233200934
-154.2830702083305	252.3653737113767	898.8711494497277
-154.2519114285621	252.396206364824	898.4335927308181
-154.2318941996922	252.3677981904981	898.7119298966044
-154.1742282483139	252.3758470980322	898.6479654036275
-154.1750606481876	252.4079015577359	898.4004509857075
-154.0978701690842	252.4380374689659	898.0642936594244
-154.2390244116042	252.3662948546378	898.6951122338904
-154.1971067450042	252.397381045941	898.5355605375382
-154.189239505005	252.4050256330403	898.3850704750664
-154.1789806533979	252.3750213548805	898.6474068782571
-154.247857166516	252.3969252531487	898.4504784282408
-154.3036114251427	252.3608533369656	898.8226145637525
-154.2318941996922	252.3677981904981	898.7119298966044
-154.3974529257995	252.3194206008199	899.315459764543
-154.0891793128383	252.4077507440407	898.3116674229515
-154.3606517118939	252.3235631822628	899.2484860817134
-154.0749829261339	252.4174479178641	898.2001024578793
-154.2588390149602	252.3884152654717	898.5845754488552
-154.3001334016577	252.3620181047881	898.8619722205789
-154.1771534536739	252.3759798138173	898.6635532734376
-154.0641559032019	252.4190050178031	898.1928597748386
-154.3323546837694	252.4230192616177	898.4073820935471
-154.1900438696733	252.4048697472509	898.3844897831196
-154.2827695995071	252.3319528249973	899.1083101551202
-154.2836279228078	252.365254605569	898.8709631770046
-154.3199129491229	252.3893368298188	898.6813783024612
-154.1847963769816	252.3742725880107	898.6553777256948
-154.2923109184699	252.3629060329425	898.8383753796106
-154.1791232791045	252.4072049207799	898.4002791042309
-154.1924928977954	252.3722851013495	898.6154612588841
-154.0933549715912	252.4388843129322	898.0647966759232
-154.1865298451737	252.3737025316106	898.6483486680232
-154.3036114251427	252.3608533369656	898.8226145637525
-154.181337238499	252.3743379984546	898.6312277717199
-154.4043147958057	252.3179747514597	899.2998305328094
-154.3958212186689	252.3202268188898	899.3313700768404
-154.2390244116042	252.3662948546378	898.6951122338904
-154.2890278288333	252.3637156530947	898.8549582526173
-154.3708311684651	252.3285006288263	899.267070732623
-154.2955008108059	252.3650063203183	898.8931606687485
-154.1895774133198	252.3734535900093	898.6548452366851
-154.2993576499196	252.3621681996541	898.8622739104502
-154.0534725603237	252.4280003976393	898.1130830716287
-154.1592656966369	252.3983389437462	898.3998369815108
-154.3052170710729	252.3606135532317	898.847183140945
-154.1930743894397	252.3739772130017	898.6713419856786
-154.2836279228078	252.365254605569	898.8709631770046
-154.1887998875935	252.3736036097969	898.6551468226799
-154.1863671923603	252.40855676974	898.4379468042983
-154.181337238499	252.3743379984546	898.6312277717199
-154.4010178508352	252.3186349820747	899.2986834446062
-154.4079062464213	252.3172772970431	899.299986581048
-154.2890278288333	252.3637156530947	898.8549582526173
-154.2897316091233	252.363588025472	898.8545442580423
-154.2318941996922	252.3677981904981	898.7119298966044
-154.293337455934	252.3629500371149	898.8555939666443
-154.0790882105014	252.3928550502789	898.4464320742626
-154.3587466040434	252.3537362478737	898.927896697647
-154.3065997036891	252.3606955918982	898.8690032517369
-154.1412596805009	252.4092512541763	898.2798697576972
-154.1865298451737	252.3737025316106	898.6483486680232
-154.3974529257995	252.3194206008199	899.315459764543
-154.247857166516	252.3969252531487	898.4504784282408
-154.184742545335	252.373682069719	898.6323389556227
-154.3530256636991	252.355624536284	898.9441084444661
-154.181337238499	252.3743379984546	898.6312277717199
-154.1978107588655	252.3972532335252	898.5351474553908
-154.4010178508352	252.3186349820747	899.2986834446062
-154.0674017596972	252.4191633487321	898.2082224167284
-154.1819395511305	252.3745276849353	898.6488290099687
-154.1924928977954	252.3722851013495	898.6154612588841
-154.0988341567515	252.4061019706704	898.3192826298994
-154.2002803441574	252.3960834633307	898.5293954426901
-154.0790278362823	252.416780799916	898.1998480386718
-154.3001158795417	252.3613989385128	898.8390310572385
-154.0859342400147	252.3816900242653	898.540779329094
-154.2390244116042	252.3662948546378	898.6951122338904
-154.1601629184984	252.3975279171837	898.3841769716078
-154.2464709822613	252.4602669873004	898.0179011951582
-154.1742282483139	252.3758470980322	898.6479654036275
-154.1924928977954	252.3722851013495	898.6154612588841
-154.1619224047541	252.4292438222976	898.1378492206902
-154.3427033256465	252.4214541399111	898.3654479427063
-153.9755386378018	252.4520729505618	897.8879190782444
-154.0869842487875	252.4084551229031	898.3276435343378
-154.34044079172	252.323767256751	899.1723569532476
-154.170104553384	252.3266785881295	899.014585734639
-154.1924928977954	252.3722851013495	898.6154612588841
-154.2566832174668	252.3631573117179	898.703570996178
-154.1924928977954	252.3722851013495	898.6154612588841
-154.2923109184699	252.3629060329425	898.8383753796106
-154.1927234886726	252.3730164193787	898.656055911224
-154.0820272258152	252.4154024065202	898.1606702533197
-154.1782773277101	252.3751489308886	898.6478208878816
-154.1892173232784	252.3728320524531	898.6318867655449
-154.1924928977954	252.3722851013495	898.6154612588841
-154.2010526745533	252.3705459862118	898.6236183878639
-154.108947721684	252.4039592802056	898.3040277722342
-154.2956712592309	252.3622495185838	898.8394846097949
-154.2953826177269	252.3628376869849	898.8625064312409
-154.2876805803928	252.3645451474433	898.8706787136171
-154.0500769156697	252.4402709529757	897.928609341824
-154.1924928977954	252.3722851013495	898.6154612588841
-154.2366452403191	252.3669714119138	898.7113802900851
-154.2390244116042	252.3662948546378	898.6951122338904
-154.181337238499	252.3743379984546	898.6312277717199
-154.358583200178	252.3218358534826	899.1963227960121
-154.1326283698323	252.4095274400505	898.2640515255075
-154.2501976298134	252.3642461589566	898.6792816594426
-154.0869842487875	252.4084551229031	898.3276435343378
-154.3478072264781	252.3222860950345	899.1553706894912
-154.1601629184984	252.3975279171837	898.3841769716078
-154.0627165477886	252.4199894552205	898.2087161247146
-154.2359416278992	252.3670989889736	898.7117949161766
-154.2501976298134	252.3642461589566	898.6792816594426
-154.1924928977954	252.3722851013495	898.6154612588841
-154.3706336210547	252.3508416108804	898.8965349654731
-154.3097354638769	252.3266742463722	899.0838302798032
-154.1924928977954	252.3722851013495	898.6154612588841
-154.4035865710848	252.3185275174476	899.3231453880887
-154.2970804132955	252.3291091593016	899.0927104611674
-154.1366995038353	252.4080624117055	898.2407171221134
-154.1771534536739	252.3759798138173	898.6635532734376
-154.2501976298134	252.3642461589566	898.6792816594426
-154.0260711627967	252.507983369842	897.4013340747119
-154.1924928977954	252.3722851013495	898.6154612588841
-154.3591492560074	252.320255907471	899.1394096243773
-154.0908424682116	252.4136813631812	898.1686538858355
-154.2468999943436	252.3647864566252	898.6957956674455
-154.3014392429948	252.3284312920931	899.0755069170415
-154.3074193904929	252.3273137913146	899.0999939592654
-154.3097354638769	252.3266742463722	899.0838302798032
-154.1892173232784	252.3728320524531	898.6318867655449
-154.1579256243617	252.3977412530907	898.3597887775733
-154.2830754426895	252.4254741632411	898.2637846958995
-154.3341258151454	252.328443148	899.0755747057005
-154.1204116477577	252.4747500657192	897.7035662844038
-154.2468999943436	252.3647864566252	898.6957956674455
-154.4711372279998	252.3082302569635	899.3482759934279
-154.2501976298134	252.3642461589566	898.6792816594426
-154.4672346961655	252.2782336482153	899.5460091856052
-154.2202082573278	252.3985216740703	898.4400956607583
-154.2501976298134	252.3642461589566	898.6792816594426
-154.2890387067728	252.4246114287823	898.2217673080609
-154.3043458432999	252.4217419528229	898.2114277346574
-154.226347069424	252.433040536447	898.176031115156
-154.2076768533655	252.3693607606587	898.6072718079004
-154.2501976298134	252.3642461589566	898.6792816594426
-154.1397271549382	252.4074978315558	898.2244054002263
-154.2501976298134	252.3642461589566	898.6792816594426
-154.2968768406554	252.4227184363921	898.2306411107369
-154.1924928977954	252.3722851013495	898.6154612588841
-154.3220782095341	252.376437151216	898.573485144608
-154.3785991000945	252.3810138425245	898.7290474031319
-154.1924928977954	252.3722851013495	898.6154612588841
-154.1397271549382	252.4074978315558	898.2244054002263
-154.2468999943436	252.3647864566252	898.6957956674455
-154.2934566922206	252.329806113878	899.0925529679245
-154.2460958586253	252.3649418001063	898.6963800356212
-154.3014392429948	252.3284312920931	899.0755069170415
-154.2318941996922	252.3677981904981	898.7119298966044
-154.0413201665972	252.3836260982262	898.4000582351505
-154.3232973752529	252.3957143913677	898.5629879789349
-154.254298617022	252.3633263436344	898.6868697611399
-154.24904450201	252.3642184610001	898.6852981041138
-154.3074193904929	252.3273137913146	899.0999939592654
-154.1924928977954	252.3722851013495	898.6154612588841
-154.0334700805495	252.3854470090062	898.3917537851455
-154.0890772958058	252.4143681802846	898.1844282127972
-154.1892173232784	252.3728320524531	898.6318867655449
-154.2501976298134	252.3642461589566	898.6792816594426
-154.24904450201	252.3642184610001	898.6852981041138
-154.3984326110668	252.381509362934	898.6817334844433
-154.2468999943436	252.3647864566252	898.6957956674455
-154.1924928977954	252.3722851013495	898.6154612588841
-154.1666197815439	252.3960123898513	898.3678462734933
-154.2468999943436	252.3647864566252	898.6957956674455
-154.3014392429948	252.3284312920931	899.0755069170415
-154.4672346961655	252.2782336482153	899.5460091856052
-154.3742897250211	252.3173680687571	899.1292716043783
-154.2763036634495	252.3466382935582	898.8019021703827
-154.0820272258152	252.4154024065202	898.1606702533197
-154.2587419714447	252.3625009609659	898.687509472961
-154.0908424682116	252.4136813631812	898.1686538858355
-154.2587419714447	252.3625009609659	898.687509472961
-154.3591492560074	252.320255907471	899.1394096243773
-154.2501976298134	252.3642461589566	898.6792816594426
-154.1397271549382	252.4074978315558	898.2244054002263
-154.2501976298134	252.3642461589566	898.6792816594426
-154.2501976298134	252.3642461589566	898.6792816594426
-154.2587419714447	252.3625009609659	898.687509472961
-154.181337238499	252.3743379984546	898.6312277717199
-154.3591492560074	252.320255907471	899.1394096243773
-154.2390244116042	252.3662948546378	898.6951122338904
-154.2501976298134	252.3642461589566	898.6792816594426
-154.1892173232784	252.3728320524531	898.6318867655449
-154.1287179458732	252.4095650834557	898.240098557229
-154.2501976298134	252.3642461589566	898.6792816594426
-154.2501976298134	252.3642461589566	898.6792816594426
-154.4316519586266	252.2857351327283	899.5521216956288
-154.2501976298134	252.3642461589566	898.6792816594426
-154.0334700805495	252.3854470090062	898.3917537851455
-154.1384634504553	252.4079119426461	898.2477812500215
-154.4672346961655	252.2782336482153	899.5460091856052
-154.3855135455116	252.2920137314202	899.4721180683636
-154.2501976298134	252.3642461589566	898.6792816594426
-154.3547678374669	252.3209269368799	899.1567030298557
-154.2744116014179	252.3369950895887	899.0351415367629
-154.0911494922025	252.3775176860045	898.455438947747
-154.3591492560074	252.320255907471	899.1394096243773
-154.3478072264781	252.3222860950345	899.1553706894912
-154.3341258151454	252.328443148	899.0755747057005
-154.2566832174668	252.3631573117179	898.703570996178
-154.19409733178	252.4945756328206	897.6076771811954
-154.3320349534186	252.328794087101	899.0994524756875
-154.2890387067728	252.4246114287823	898.2217673080609
-154.367429974811	252.3184926738552	899.1478037217183
-154.2890387067728	252.4246114287823	898.2217673080609
-154.367429974811	252.3184926738552	899.1478037217183
-154.3269589455366	252.3747768319412	898.5557503052354
-154.1924928977954	252.3722851013495	898.6154612588841
-154.2501976298134	252.3642461589566	898.6792816594426
-154.3591492560074	252.320255907471	899.1394096243773
-154.3915772022734	252.3458475765848	898.9708312427048
-154.1924928977954	252.3722851013495	898.6154612588841
-154.3591492560074	252.320255907471	899.1394096243773
-154.1924928977954	252.3722851013495	898.6154612588841
-154.1924928977954	252.3722851013495	898.6154612588841
-154.2890387067728	252.4246114287823	898.2217673080609
-154.2501976298134	252.3642461589566	898.6792816594426
-154.2460958586253	252.3649418001063	898.6963800356212
-154.4060090552611	252.3795976014423	898.6907767393577
-154.3591492560074	252.320255907471	899.1394096243773
-154.5053317139021	252.3379547266514	899.1445714633534
-154.2653864267928	252.3613214200704	898.6710839066931
-154.242426576396	252.3656374854153	898.6962388805887
-154.2501976298134	252.3642461589566	898.6792816594426
-154.3014392429948	252.3284312920931	899.0755069170415
-154.2939440676413	252.4232023269939	898.2475364805489
-154.373373760564	252.3895631675637	898.618033801118
-154.2501976298134	252.3642461589566	898.6792816594426
-154.0908424682116	252.4136813631812	898.1686538858355
-154.0908424682116	252.4136813631812	898.1686538858355
-154.3097354638769	252.3266742463722	899.0838302798032
-154.2890387067728	252.4246114287823	898.2217673080609
-154.2501976298134	252.3642461589566	898.6792816594426
-154.2501976298134	252.3642461589566	898.6792816594426
-154.3570302359915	252.3205974107136	899.1633899208518
-154.2390244116042	252.3662948546378	898.6951122338904
-154.2772497270734	252.4265431467606	898.2382350861354
-154.4203002147187	252.299034196692	899.318270128187
-154.3020580464377	252.3305827158505	899.0272184770724
-154.1924928977954	252.3722851013495	898.6154612588841
-154.4711854758899	252.3106115142414	899.3606651935602
-154.2587419714447	252.3625009609659	898.687509472961
-154.4431512820855	252.2837191526891	899.5360775554088
-154.402246466339	252.3439919106895	898.9537250497569
-154.2390244116042	252.3662948546378	898.6951122338904
-154.355573395114	252.3207720436774	899.1561165648574
-154.1924928977954	252.3722851013495	898.6154612588841
-154.3984326110668	252.381509362934	898.6817334844433
-154.2587419714447	252.3625009609659	898.687509472961
-154.2301688493103	252.4324951822452	898.164207160431
-154.2501976298134	252.3642461589566	898.6792816594426
-154.444747299635	252.326578283351	899.1409252629282
-154.3591492560074	252.320255907471	899.1394096243773
-154.367429974811	252.3184926738552	899.1478037217183
-154.2501976298134	252.3642461589566	898.6792816594426
-154.4655951518116	252.2758106451033	899.602371185498
-154.3165937851064	252.3255109335325	899.0673155653715
-154.4952587665615	252.3051413784486	899.3705017690535
-154.2890387067728	252.4246114287823	898.2217673080609
-154.4093858013113	252.3668582691449	898.805374903646
-154.4431512820855	252.2837191526891	899.5360775554088
-154.4624008346333	252.2790713904473	899.5495743658922
-154.2738296285301	252.3596000798656	898.679351248688
-154.1439239024964	252.4066194033562	898.2299438727023
-154.1924928977954	252.3722851013495	898.6154612588841
-154.367429974811	252.3184926738552	899.1478037217183
-154.3556365752878	252.3210570987751	899.1375992363596
-154.3090845453554	252.3434401063062	898.8789897625986
-154.3984326110668	252.381509362934	898.6817334844433
-154.2501976298134	252.3642461589566	898.6792816594426
-154.2587419714447	252.3625009609659	898.687509472961
-154.5497138807858	252.2385465915779	899.9994055478319
-154.0794228254192	252.3794922991367	898.471433665671
-154.3984326110668	252.381509362934	898.6817334844433
-154.2501976298134	252.3642461589566	898.6792816594426
-154.2390244116042	252.3662948546378	898.6951122338904
-154.3591492560074	252.320255907471	899.1394096243773
-154.4726148639816	252.2742083542589	899.6113735019414
-154.3591492560074	252.320255907471	899.1394096243773
-154.3591492560074	252.320255907471	899.1394096243773
-154.3020580464377	252.3305827158505	899.0272184770724
-154.1397271549382	252.4074978315558	898.2244054002263
-154.3124532394463	252.3429147925951	898.8623208863102
-154.3591492560074	252.320255907471	899.1394096243773
-154.2533483214146	252.3038926338683	899.204877828732
-154.3870414574715	252.3468697251076	898.9639603672993
-154.2501976298134	252.3642461589566	898.6792816594426
-154.340695092741	252.3895466933173	898.6180450060106
-154.2993891977482	252.3310984786255	899.0277847734282
-154.3591492560074	252.320255907471	899.1394096243773
-154.3014392429948	252.3284312920931	899.0755069170415
-154.3097354638769	252.3266742463722	899.0838302798032
-154.2501976298134	252.3642461589566	898.6792816594426
-154.5865373602623	252.2683075503603	899.6609619492705
-154.3591492560074	252.320255907471	899.1394096243773
-154.3591492560074	252.320255907471	899.1394096243773
-154.4672346961655	252.2782336482153	899.5460091856052
-154.3591492560074	252.320255907471	899.1394096243773
-154.3591492560074	252.320255907471	899.1394096243773
-154.2547022661072	252.3510456715827	898.7981529854148
-154.3591492560074	252.320255907471	899.1394096243773
-154.3650915917502	252.3191253295584	899.1640552625032
-154.2501976298134	252.3642461589566	898.6792816594426
-154.4655951518116	252.2758106451033	899.602371185498
-154.2979054112919	252.3292638748556	899.0734007310897
-154.3591492560074	252.320255907471	899.1394096243773
-154.340695092741	252.3895466933173	898.6180450060106
-154.4060090552611	252.3795976014423	898.6907767393577
-154.24904450201	252.3642184610001	898.6852981041138
-154.4637822055414	252.2790450379113	899.5441891141168
-154.2901147823742	252.3304657789771	899.0914039292535
-154.3591492560074	252.320255907471	899.1394096243773
-154.367429974811	252.3184926738552	899.1478037217183
-154.2501976298134	252.3642461589566	898.6792816594426
-154.2653300112808	252.3613512564615	898.6691710680963
-154.3591492560074	252.320255907471	899.1394096243773
-154.3743086040416	252.3173351653349	899.1312100119094
-154.3666648240325	252.4007324795208	898.3961979660854
-154.242426576396	252.3656374854153	898.6962388805887
-154.3451455077624	252.3229386777878	899.1718316255642
-154.367429974811	252.3184926738552	899.1478037217183
-154.367429974811	252.3184926738552	899.1478037217183
-154.2469384225883	252.3929298059161	898.4665848279441
-154.2010526745533	252.3705459862118	898.6236183878639
-154.4209323103258	252.3011769066906	899.2706242366077
-154.3984326110668	252.381509362934	898.6817334844433
-154.0947064559741	252.3765337729727	898.4631473968888
-154.2501976298134	252.3642461589566	898.6792816594426
-154.2501976298134	252.3642461589566	898.6792816594426
-154.3591492560074	252.320255907471	899.1394096243773
-154.4655951518116	252.2758106451033	899.602371185498
-154.3456792675446	252.3260392042248	899.0820364836371
-154.1427410033832	252.34212644169	898.851622144176
-154.3097354638769	252.3266742463722	899.0838302798032
-154.3984326110668	252.381509362934	898.6817334844433
-154.2779321600815	252.3905324298518	898.5038408091641
-154.1924928977954	252.3722851013495	898.6154612588841
-154.2501976298134	252.3642461589566	898.6792816594426
-154.3591492560074	252.320255907471	899.1394096243773
-154.6109889341499	252.2198764600362	900.1157003960718
-154.3591492560074	252.320255907471	899.1394096243773
-154.373373760564	252.3895631675637	898.618033801118
-154.5465161370373	252.3583133007511	898.9444175766113
-154.2202082573278	252.3985216740703	898.4400956607583
-154.5422983762206	252.2543360563475	899.710228210167
-154.0935117919312	252.369286719171	898.4692745028842
-154.2391599632224	252.430625784032	898.1669643843594
-154.5326359818631	252.2883495911968	899.4650622650992
-154.3591492560074	252.320255907471	899.1394096243773
-154.367429974811	252.3184926738552	899.1478037217183
-154.2468999943436	252.3647864566252	898.6957956674455
-154.460314315188	252.3030825896835	899.3292797016572
-154.3591492560074	252.320255907471	899.1394096243773
-154.1956691116087	252.3120676217615	899.1408742156144
-154.3591492560074	252.320255907471	899.1394096243773
-154.4672346961655	252.2782336482153	899.5460091856052
-154.3984326110668	252.381509362934	898.6817334844433
-154.0911494922025	252.3775176860045	898.455438947747
-154.4229380721395	252.3330306015066	899.0108558866988
-154.422659991144	252.4078222555712	898.5315070800167
-154.3824900887321	252.3155958362869	899.1396426191682
-154.4807238820009	252.2728939269454	899.5941710167447
-154.4203002147187	252.299034196692	899.318270128187
-154.3556365752878	252.3210570987751	899.1375992363596
-154.4354529789841	252.2961150321157	899.3100629891424
-154.2501976298134	252.3642461589566	898.6792816594426
-154.2764691036559	252.336633600787	899.0113984329028
-154.3673411562003	252.3186336377473	899.1460115851394
-154.3591492560074	252.320255907471	899.1394096243773
-154.6387563358057	252.2109136307671	900.1827972268062
-154.6387563358057	252.2109136307671	900.1827972268062
-154.2890387067728	252.4246114287823	898.2217673080609
-154.5271488018238	252.2572136553796	899.7204278003223
-154.2407689817782	252.3719785506175	898.7089738934475
-154.413654640777	252.3785914655934	898.6734134890485
-154.3864764135758	252.3834218616178	898.6983341104873
-154.4823709740337	252.2753164613533	899.5378037639598
-154.3240073599737	252.2896660898739	899.3115127967518
-154.4672346961655	252.2782336482153	899.5460091856052
-154.4672346961655	252.2782336482153	899.5460091856052
-154.2587419714447	252.3625009609659	898.687509472961
-154.2731937558481	252.3451569620711	898.7885603041777
-154.3749415848785	252.3194983070873	899.0829200893489
-154.3124532394463	252.3429147925951	898.8623208863102
-154.3591492560074	252.320255907471	899.1394096243773
-154.3591492560074	252.320255907471	899.1394096243773
-154.3591492560074	252.320255907471	899.1394096243773
-154.3235482590581	252.2810166999078	899.3917386983238
-154.4672346961655	252.2782336482153	899.5460091856052
-154.3984326110668	252.381509362934	898.6817334844433
-154.4582987493792	252.2808370525514	899.5259248782617
-154.4203002147187	252.299034196692	899.318270128187
-154.3763652195654	252.2588874058416	899.603620874852
-154.5256602607444	252.2547067401862	899.7770409966434
-154.2768769649166	252.3102070361247	899.0838216821877
-154.165415967997	252.3374401893618	898.8499434979651
-154.4203002147187	252.299034196692	899.318270128187
-154.3870414574715	252.3468697251076	898.9639603672993
-154.4060090552611	252.3795976014423	898.6907767393577
-154.4952587665615	252.3051413784486	899.3705017690535
-154.4361897380925	252.2378403710863	899.7782085043089
-154.3223483169996	252.2872421595894	899.3699524608384
-154.4476789724581	252.3491267798042	899.0133888496645
-154.367429974811	252.3184926738552	899.1478037217183
-154.5983553723574	252.2333030733376	899.9057336316705
-154.1446699338353	252.3479548399787	898.744505051129
-154.4672346961655	252.2782336482153	899.5460091856052
-154.3743086040416	252.3173351653349	899.1312100119094
-154.3742897250211	252.3173680687571	899.1292716043783
-154.4180739916193	252.2993529805431	899.3424828598761
-154.3591492560074	252.320255907471	899.1394096243773
-154.5271488018238	252.2572136553796	899.7204278003223
-154.2501976298134	252.3642461589566	898.6792816594426
-154.3743086040416	252.3173351653349	899.1312100119094
-154.3525118999762	252.3163883456147	899.1205276257741
-154.5722898827793	252.2336521596187	900.0034255365089
-154.3870414574715	252.3468697251076	898.9639603672993
-154.3934619597593	252.3026234463827	899.2679880786033
-154.4637240812213	252.3595213900214	898.8676881127653
-154.2501976298134	252.3642461589566	898.6792816594426
-154.3612056497665	252.2618057235517	899.6117470302271
-154.323888606328	252.289616691554	899.3135071607212
-154.4113752781057	252.3040574314786	899.2485689517358
-154.4137038747367	252.2568311091934	899.6122346535044
-154.5422983762206	252.2543360563475	899.710228210167
-154.6479597710878	252.3260475536592	899.1787601673309
-154.2469384225883	252.3929298059161	898.4665848279441
-154.3701954038811	252.2601735194555	899.6196255903501
-154.3742897250211	252.3173680687571	899.1292716043783
-154.6404040466252	252.2456691067438	899.8718343402001
-154.4236185238593	252.3351348795577	898.9632045929949
-154.3591492560074	252.320255907471	899.1394096243773
-154.4672346961655	252.2782336482153	899.5460091856052
-154.5722898827793	252.2336521596187	900.0034255365089
-154.4362063536165	252.2378717637056	899.7762608985372
-154.3984326110668	252.381509362934	898.6817334844433
-154.4903453752273	252.2735579521947	899.5464213943801
-154.3742897250211	252.3173680687571	899.1292716043783
-154.3743086040416	252.3173351653349	899.1312100119094
-154.4137474442929	252.3786471998976	898.6713660778343
-154.4211640014681	252.3767543124459	898.6804433409103
-154.6713625788283	252.1928949667337	900.3917924877097
-154.3514200639279	252.4036528624305	898.4045238894909
-154.3776278353716	252.3043774765169	899.2458160403883
-154.5326359818631	252.2883495911968	899.4650622650992
-154.2533483214146	252.3038926338683	899.204877828732
-154.5068776617025	252.340284746743	899.0880566771173
-154.3591492560074	252.320255907471	899.1394096243773
-154.2890387067728	252.4246114287823	898.2217673080609
-154.3186460345283	252.2672486424908	899.5373273762568
-154.3591492560074	252.320255907471	899.1394096243773
-154.6194850850476	252.2946333284268	899.5547459965707
-154.4736049006242	252.2740297431092	899.6109222607757
-154.4299631269125	252.2391134027821	899.7943440273125
-154.2079984051409	252.3322159189023	898.9239339215823
-154.3591492560074	252.320255907471	899.1394096243773
-154.1444263285763	252.2841821614576	899.3236973387343
-154.3591492560074	252.320255907471	899.1394096243773
-154.5501912567223	252.2525277042177	899.7209563176375
-154.7149719259551	252.1746761415478	900.5695819120529
-154.3984326110668	252.381509362934	898.6817334844433
-154.3144134637572	252.2826419889111	899.3839182902434
-154.402246466339	252.3439919106895	898.9537250497569
-154.4441773224879	252.2965340793924	899.2690291419767
-154.5800941697412	252.2318519615802	900.0121600475354
-154.4354432883777	252.2961498628972	899.3081046617336
-154.4807238820009	252.2728939269454	899.5941710167447
-154.4896697061919	252.3423452364718	898.9056682777833
-154.5951042616329	252.22896276368	900.0039907698675
-154.7339705644114	252.2808609106968	899.5947863972807
-154.2775770575696	252.2993746005923	899.2045164565975
-154.4354529789841	252.2961150321157	899.3100629891424
-154.475306778316	252.2764511762858	899.5545893923157
-154.6555169464676	252.2427389013138	899.8637049129882
-154.483596891938	252.2983928404593	899.3297336414837
-154.4672346961655	252.2782336482153	899.5460091856052
-154.5365215196675	252.2478955336791	899.715907475082
-154.4846490789973	252.2872841918552	899.5519216430504
-154.3402195745408	252.2776791264978	899.3796164899917
-154.4976739553547	252.3529706522754	898.8507312483201
-154.4672188375297	252.3587289714608	898.8694872286358
-154.5271488018238	252.2572136553796	899.7204278003223
-154.3209309116181	252.3411577659224	898.8706775041433
-154.3630323323603	252.3193546607885	899.145157086207
-154.3749415848785	252.3194983070873	899.0829200893489
-154.3591492560074	252.320255907471	899.1394096243773
-154.3124532394463	252.3429147925951	898.8623208863102
-154.5197580856596	252.2004439203837	900.173649178626
-154.3597759945527	252.3224194586052	899.0911239076277
-154.4203002147187	252.299034196692	899.318270128187
-154.6636351397265	252.2191280106558	900.1704492476031
-154.3763652195654	252.2588874058416	899.603620874852
-154.4812480318951	252.3309472696703	899.0658672667114
-154.391660364347	252.2559651249908	899.5934884295699
-154.5269035297223	252.3184891212225	899.2548249991792
-154.3539081781182	252.3498905584395	898.9294240043764
-154.5271488018238	252.2572136553796	899.7204278003223
-154.3733540688048	252.3026823651179	899.2405586292938
-154.3087457531752	252.2925242797093	899.3217559429785
-154.5873957304505	252.2307389528164	899.9952198013855
-154.4765371926629	252.2908180037263	899.360067898148
-154.5374936017836	252.3217525823958	899.2453061365089
-154.1374900811117	252.3776305879674	898.5095286678174
-154.7301354880368	252.1718113562147	900.559344490958
-154.4615033729712	252.2937286562418	899.3700977253761
-154.3824055840266	252.3156227419361	899.1377016370276
-154.1704147814912	252.2936718579545	899.1500422961057
-154.4672346961655	252.2782336482153	899.5460091856052
-154.3984326110668	252.381509362934	898.6817334844433
-154.475306778316	252.2764511762858	899.5545893923157
-154.5055954229935	252.2799994334643	899.6124870414649
-154.3685718695447	252.3412618878703	898.9188763093601
-154.6004726618517	252.2608841497835	899.8279266499808
-154.4346442342986	252.2353256437101	899.8347897211656
-154.4142949000077	252.3807296857473	898.622951130885
-154.2540166330827	252.306063308478	899.1566207242208
-154.4902909235185	252.2735880786803	899.5444516363855
-154.475306778316	252.2764511762858	899.5545893923157
-154.4910187954453	252.283069456875	899.6172216555685
-154.2554940212781	252.3920837096133	898.4469468764572
-154.6308809542013	252.3787152487403	898.7674057704925
-154.3073898071067	252.3621461673065	898.7401201363429
-154.4209323103258	252.3011769066906	899.2706242366077
-154.4742170379008	252.2978018696539	899.3757077376408
-154.3987682252158	252.3214360695245	899.2114335332496
-154.6527996816884	252.2254221056488	899.9515924558468
-154.5351585410561	252.2554193369881	899.7291323339714
-154.3610452009925	252.2152800216818	899.9495367941602
-154.469808148804	252.2700470212211	899.5601106713897
-154.4823709740337	252.2753164613533	899.5378037639598
-154.7086675747131	252.3000384409938	899.4524313535276
-154.4756830969919	252.2893831542786	899.3925810427774
-154.5376364800167	252.2693878610202	899.5390199940302
-154.6974278292227	252.2752488523652	899.7108968020239
-154.333767828083	252.3975912461339	898.5459904601021
-154.4537931595895	252.2964786229372	899.3354564859312
-154.8448579466793	252.2428082977943	900.0420174163773
-154.402353123821	252.2371124013875	899.7921660703984
-154.35242393621	252.3602614622197	898.7711354375557
-154.2619931378283	252.2551361814869	899.5623547723995
-154.5655157150963	252.3172080676981	899.318967776623
-154.651156397967	252.2830378119689	899.6574540188044
-154.5142472988668	252.3383532064677	899.0972887797521
-154.6001228833337	252.2681994078822	899.6026254466992
-154.6461117805663	252.2098140255097	900.1657272415531
-154.4299631269125	252.2391134027821	899.7943440273125
-154.6374865094287	252.2140559582225	900.1198070820629
-154.4823709740337	252.2753164613533	899.5378037639598
-154.4955934096268	252.3429036456821	899.0794713404816
-154.5460502298028	252.3344526283728	899.0379880162216
-154.2311552807263	252.3282730556592	898.8967623937109
-154.4354529789841	252.2961150321157	899.3100629891424
-154.3882008068095	252.3404312556642	898.9206288882348
-154.3013794596605	252.3742953689727	898.6357734116003
-154.5977345318768	252.3138452334834	899.2432623667821
-154.5117079512267	252.2372614190267	899.8781309774294
-154.7914577546423	252.1407880375346	900.7445984264828
-154.4905468991086	252.354865793977	898.8414157590598
-154.0735365729497	252.2976126453274	898.9966620114375
-154.4203002147187	252.299034196692	899.318270128187
-154.4939585879077	252.3604275832112	898.8985705727539
-154.564353538644	252.2593938869871	899.7829081880932
-154.3976425942349	252.312698822727	899.129439468093
-154.5538894507544	252.1753194429066	900.3326098398888
-154.594774351237	252.2966386534006	899.4119384758374
-154.5384851594751	252.254485035538	899.7312348817164
-154.4613550712362	252.2814618430892	899.4828753943599
-154.4655951518116	252.2758106451033	899.602371185498
-154.4585660238699	252.2191649704961	900.0552129005548
-154.3448805266018	252.2767962624617	899.3656652621318
-154.5271488018238	252.2572136553796	899.7204278003223
-154.4275952266479	252.2721690248684	899.5297202219821
-154.7083023835143	252.2739648631824	899.7059491997582
-154.5271488018238	252.2572136553796	899.7204278003223
-154.6310121968464	252.212725702989	900.1739401659981
-154.4131192800232	252.2429991729157	899.7691508799164
-154.2540166330827	252.306063308478	899.1566207242208
-154.3763652195654	252.2588874058416	899.603620874852
-154.4277526275997	252.2804996835808	899.439732519168
-154.4597059394991	252.3606526903528	898.8603161013434
-154.3746851735451	252.2564859118563	899.6580271949332
-154.4941662707899	252.2290813209444	899.8237749061449
-154.3763652195654	252.2588874058416	899.603620874852
-154.5825173365579	252.2588513025693	899.7149713792264
-154.5162223594015	252.2176892992971	899.961298432758
-154.4978258730021	252.2724235590011	899.5274554014285
-154.5672725293164	252.268073581642	899.4954964491635
-154.5873957304505	252.2307389528164	899.9952198013855
-154.6337009029442	252.1886434820143	900.3256559055213
-154.389649533679	252.1986719531325	900.0037488762952
-154.3763652195654	252.2588874058416	899.603620874852
-154.2021211908654	252.2759605480747	899.3879479719103
-154.3763727767137	252.258916893436	899.6016928077418
-154.3676748743421	252.3267585279476	899.0281340275584
-154.5220765341264	252.3373705065768	899.0797309030648
-154.530320267819	252.3044840130034	899.2670756201725
-154.5422786784233	252.2542980167523	899.7122150355709
-154.7762610863231	252.2190253884198	900.0991602412845
-154.5362663100501	252.2741994135831	899.5938542224827
-154.5336077641127	252.2529139648917	899.7857168168871
-154.5271488018238	252.2572136553796	899.7204278003223
-154.5487767766913	252.2694654398236	899.4984470037232
-154.5513562547276	252.2410509382623	899.942826941044
-154.7052803690181	252.2454484724524	899.9234196329527
-154.5408111344804	252.2518294179131	899.766851390052
-154.3002936178395	252.3146986775419	899.1617672374776
-154.5753704755704	252.3460480005689	899.1132859349432
-154.4282987267633	252.2691311872329	899.5591555362444
-154.5749862573184	252.2606383321006	899.7060447519432
-154.7002483323349	252.2243453431171	900.0464533803217
-154.7275655888075	252.253731244414	899.9229662347466
-154.5422786784233	252.2542980167523	899.7122150355709
-154.5397515721739	252.1932839818682	900.2319456246265
-154.6380464976828	252.2323949263505	899.9284327873366
-154.4157066482867	252.3209121926912	899.1446727689012
-154.5422786784233	252.2542980167523	899.7122150355709
-154.4659869367659	252.2171517069114	900.0693912141147
-154.5814650858168	252.24890980387	899.7850725230893
-154.6431857735348	252.2908134930123	899.5264259202087
-154.7923118699583	252.2719633276017	899.643569002421
-154.3172637542137	252.2543947108559	899.638995548815
-154.4211424093581	252.3382889457786	898.9745452419968
-154.5271488018238	252.2572136553796	899.7204278003223
-154.5669107137685	252.3196214687415	899.2622028828229
-154.7478202092682	252.2854703906959	899.5980748292161
-154.3073898071067	252.3621461673065	898.7401201363429
-154.3591492560074	252.320255907471	899.1394096243773
