-178.6429192849261	252.9439786661834	945.492046348916
-178.6429192849261	252.9439786661834	945.492046348916
-178.4675129809052	252.9293495830631	945.8179148318801
-178.9703756838153	252.9591101965331	945.9353144665207
-178.498571518366	252.9288904658083	945.295036278865
-178.5491639859824	252.936845353597	945.2600584571168
-178.434122445905	252.9309707809455	944.7821255592396
-178.5302245209928	252.9377497628687	945.2391139377476
-178.5004724314523	252.9397435130213	946.2532247180786
-178.3931760301978	252.9329839914578	944.9265914557832
-178.4736975861616	252.9305958473746	945.5774654043803
-178.4733299179708	252.9377722571177	945.1881546575853
-178.2593138114306	252.9332594651231	945.5205925314932
-178.7718696830425	252.9397501865246	945.5791822270909
-178.4615283445877	252.9330685799837	946.1313906339032
-178.9780059841818	252.9428007070487	947.0451403289647
-178.2037760347462	252.9286520741954	945.7625605275252
-178.7301165084315	252.9449789691926	945.6465729327593
-178.242775281563	252.9268946228336	945.1728242531593
-178.2477375881725	252.9234541037628	945.3833035254306
-178.4213936988627	252.9303254992671	946.1517523301542
-178.2438643914823	252.9248631231095	946.0475887136523
-178.5653294212981	252.9409123515144	945.32185631623
-178.3353428391235	252.9305966758885	945.5469658207192
-178.3188316146813	252.9204909290277	945.2638341014875
-178.5260111613028	252.9298474962773	945.1822577000335
-178.7188634698724	252.9359026559698	945.9576173519521
-178.2457862635895	252.9226873209473	944.7968992574733
-178.2455028013682	252.9320831818898	944.774649850368
-178.763681493542	252.9452527342631	946.1630493604804
-178.1824625160411	252.9195330355656	944.2699731680734
-178.4528297613739	252.9282873906961	944.7804162313317
-178.2632972768822	252.9325148489395	945.3872474810297
-178.2818222706157	252.933812490499	945.3482927424287
-178.6237786510356	252.9329810197897	945.3781437812609
-178.4240278268368	252.9256748214836	944.7436460906983
-178.7188634698724	252.9359026559698	945.9576173519521
-178.7173766391673	252.9340954450378	945.5828191233948
-178.4395233667889	252.9243600957449	945.2294134096727
-178.481231321234	252.9315639547572	944.845033243196
-178.4541514966209	252.9274207342064	945.5540951327647
-178.1978135420588	252.9214872816831	945.2530395093079
-178.6051362895935	252.9356525408	945.3798155462698
-178.7298559405861	252.9338315627807	945.635945937971
-178.8411715415636	252.9405392728322	946.1608790199748
-178.2633292275503	252.9325432140107	945.3330899311422
-178.3417374740015	252.9211562000128	945.0381886460953
-178.3923255727436	252.9202108671964	944.6419659357122
-178.3546234245391	252.9161824656183	944.5974165662423
-178.2787385563805	252.9282113815859	944.77791814509
-178.2787385563805	252.9282113815859	944.77791814509
-178.6242913869494	252.9369524617296	945.3354791718119
-178.5838237126502	252.9395023707562	944.9205906542069
-178.8747309394297	252.9451093111502	945.7969733065431
-178.6989766202257	252.9389135519827	945.1768851835345
-178.4356482113293	252.931429167319	945.6246372818488
-178.165235967586	252.9183415932202	944.2540692403458
-178.8603467285398	252.9495914141815	945.7418272454927
-178.1636216597264	252.9183243718993	944.3149435227829
-178.2787385563805	252.9282113815859	944.77791814509
-178.5126387210284	252.9245063600681	944.7934918829458
-178.7564646989922	252.9374816824686	946.1756119870721
-178.6527362812931	252.9342265776276	945.6389610214846
-178.2954972008945	252.9294314001006	944.794078658461
-178.7159297707753	252.9303504001261	945.9320360311777
-178.5434162759677	252.9325077648898	945.1555065966231
-178.0537607346779	252.9077482283925	944.5514466659097
-178.6862134988974	252.9402528293021	945.2455787447574
-178.4582172605467	252.9302997035371	945.6137951500009
-178.5022002512781	252.9319723712042	945.354643157764
-178.6242913869494	252.9369524617296	945.3354791718119
-178.2787385563805	252.9282113815859	944.77791814509
-178.2799412321564	252.9234795586164	944.4025521879151
-178.6076960288046	252.936426744264	945.7442456665131
-178.0574088724715	252.911058901644	944.9039764568995
-178.5653294212981	252.9409123515144	945.32185631623
-178.8031002664894	252.9477957786792	946.2124387928194
-178.2615257181388	252.9291378512016	945.3155945802545
-178.1824625160411	252.9195330355656	944.2699731680734
-178.5311105855478	252.9435550845081	945.1996688306087
-178.2237906112298	252.9222535239743	945.1398697425852
-178.6588604141107	252.9398502807658	944.9695955319323
-178.1930177827161	252.9198230412712	945.4739992556341
-178.1680738894821	252.9144890498283	944.2360040240259
-178.6605623074304	252.9319271663952	945.3328838845773
-178.478001365371	252.9316004698385	945.6286899668106
-178.2655007289069	252.9309628362209	945.2712014381771
-178.2101806512596	252.9272040941895	945.7047160570459
-178.2924280551485	252.9382584648701	945.4548857465298
-178.2274083162795	252.921766229292	945.1399303361709
-178.5252856013844	252.9318820534416	945.1911006026802
-178.5408712385112	252.9363923728765	945.2334845609009
-178.5315868348833	252.9296667508728	944.8266320842329
-178.6952979852234	252.9302934773226	946.2174881097795
-178.4916359505026	252.9390526157521	945.7152000175059
-178.8399466342543	252.9399951096032	946.1968953465046
-178.4290869968473	252.9256332245977	944.6405519779488
-178.4115791783898	252.9267260137443	945.8253307763838
-178.239768440965	252.9149943115802	944.6896591828632
-178.5416666159383	252.9364176099621	945.173511213428
-178.5322079975831	252.942683376825	945.8602876525691
-178.2798492560167	252.9263560860178	944.7689831172275
-178.3382593163112	252.9231580419603	945.6998381463166
-178.6143557300323	252.9393862873884	945.8789782965913
-178.8853612413251	252.9402873679643	945.7141696572332
-178.462873913068	252.9249127135483	945.2324473545999
-178.8894236199013	252.943762411549	945.7318560732191
-178.1071440164374	252.9094909009441	944.1766749552908
-178.1177043647093	252.9176151329198	946.2380301391067
-178.5158358794798	252.919929133598	945.0432980745351
-178.4400363280692	252.920251395851	945.2652045143899
-178.3212720846742	252.9141918912009	945.105104642948
-178.6600116643874	252.9259846827657	945.0284683153842
-178.492916085364	252.9358346520539	945.7382202654809
-178.8726821034071	252.9416514098913	945.7789632430341
-178.2270431555862	252.9195872087892	944.773387628104
-178.6643644819391	252.9303375870778	945.9563291692843
-178.1071440164374	252.9094909009441	944.1766749552908
-178.3957755856321	252.9190404649503	945.4717966715567
-178.457005963385	252.9396189620063	945.7357390986766
-178.5750498753989	252.9325657742071	945.7569154778739
-178.7718696830425	252.9397501865246	945.5791822270909
-178.1680738894821	252.9144890498283	944.2360040240259
-178.7555622897843	252.9462107077207	946.3638167742351
-178.4490437164957	252.924061194589	945.1058943822891
-178.5259752800995	252.9337852322568	945.1996662471819
-178.7464825690857	252.9375497878871	946.2922816688462
-178.5006440914757	252.9275051922171	945.2796052615691
-178.7045728590955	252.93531352218	946.0154771039854
-178.0386518155441	252.9191141179184	944.4395337473442
-178.8892402448156	252.9398011923378	945.7142555961519
-178.3945563621955	252.9236089064052	944.6597359801126
-178.7615821486533	252.9415798006276	946.1223150324017
-178.7449081075783	252.938148208053	946.023321585242
-178.794577426493	252.9410264514948	945.6168750805995
-178.921407137605	252.9278106621268	946.621862072828
-178.5055234138623	252.9291032373951	945.1659085866301
-178.3945563621955	252.9236089064052	944.6597359801126
-178.5416666159383	252.9364176099621	945.173511213428
-178.7382394911814	252.9332538198729	945.9558454738279
-178.602562128966	252.9252565241675	945.416113747087
-178.6105749641807	252.9388569826465	946.2627288594305
-178.3009695095167	252.9200660833907	945.8024038372655
-178.7718696830425	252.9397501865246	945.5791822270909
-178.5416666159383	252.9364176099621	945.173511213428
-178.6006798983864	252.9233479329759	944.9768267377276
-178.2061205373796	252.9240946822326	944.367812985144
-178.5073895416281	252.9325209037161	945.1838909646168
-178.5073895416281	252.9325209037161	945.1838909646168
-178.5092054096685	252.9286143664712	945.1659996580838
-178.2207996193672	252.9195506845341	944.7002557669078
-178.7652715032717	252.9392738086988	945.7604626925054
-179.0407247101159	252.9443947038558	946.0531887768284
-178.3360562005996	252.9149581006401	944.5820049335239
-178.5612426196399	252.9238509030815	945.8703434363953
-178.0961077050191	252.9113648429413	944.6565819703656
-178.5416666159383	252.9364176099621	945.173511213428
-178.7603448376455	252.9371472988742	945.627290840035
-178.7583206539705	252.9420735565849	946.1332434931441
-178.3395279829867	252.9301826707284	945.3060619667413
-178.3780834148203	252.9369430387246	945.481765487354
-178.3387791666456	252.9249083288257	945.279784915968
-178.7340934557111	252.936705418395	945.5567242351286
-178.6436731517661	252.9382344734908	945.3512223732663
-178.4490437164957	252.924061194589	945.1058943822891
-178.7129808501797	252.9314993964468	945.5011054487287
-178.6642429631746	252.9286487425572	945.9250236487954
-178.4517045436734	252.9340033471554	946.3332590158341
-178.9261001944702	252.9449903454362	945.8274409130499
-178.4582172605467	252.9302997035371	945.6137951500009
-178.8111016245531	252.946633992146	945.7012940936935
-178.2207996193672	252.9195506845341	944.7002557669078
-178.2633292275503	252.9325432140107	945.3330899311422
-178.4817157242589	252.9245521787575	945.0774521196914
-178.4800132434429	252.9355294169517	945.669794430179
-178.2787385563805	252.9282113815859	944.77791814509
-178.165235967586	252.9183415932202	944.2540692403458
-178.2290995958172	252.9267423195744	945.2085026741964
-178.3342126215164	252.9115707013162	944.5643178770147
-178.1505676237404	252.9238290307386	944.8087801869632
-178.5073895416281	252.9325209037161	945.1838909646168
-178.7188634698724	252.9359026559698	945.9576173519521
-178.7188634698724	252.9359026559698	945.9576173519521
-178.7216235850317	252.9354223298957	946.0642794996912
-178.3931760301978	252.9329839914578	944.9265914557832
-178.5092054096685	252.9286143664712	945.1659996580838
-178.2780102095811	252.9115505006277	945.0886226694312
-178.3140716194818	252.9213366394237	944.7666073392354
-178.4927020942738	252.933949026724	945.729866694606
-178.7034921043723	252.9367836226265	945.2045854272067
-178.9199878472313	252.952611606888	946.4990749678899
-178.1680738894821	252.9144890498283	944.2360040240259
-178.6242913869494	252.9369524617296	945.3354791718119
-178.2787385563805	252.9282113815859	944.77791814509
-178.2798492560167	252.9263560860178	944.7689831172275
-178.5073895416281	252.9325209037161	945.1838909646168
-178.9476503846212	252.9341041839956	946.0485791970221
-178.5631601592807	252.9287215962769	945.1968489109532
-178.8275540434482	252.9268390026516	945.8781942180822
-178.4274387123789	252.9222355998289	944.6225179219859
-178.5094781768787	252.9217545865652	945.6143583945653
-178.9966023681629	252.9432883461311	946.5775607548543
-178.4306795001979	252.9185575420153	944.6569958672258
-178.5708657902974	252.9316065952054	945.7058787769967
-178.2819001331054	252.9298882350307	945.3313336331336
-178.6115920779136	252.9297213266352	945.4838706610612
-178.8894236199013	252.943762411549	945.7318560732191
-178.4913735342328	252.9303246689651	945.7124663323364
-178.7670783126788	252.9286522244606	945.5044576076987
-178.8087382001239	252.9347323049869	945.5765646893989
-178.4934262955172	252.9319052346718	945.7211363850741
-178.4865961080291	252.9221998674571	945.0685889553218
-178.6436731517661	252.9382344734908	945.3512223732663
-178.6249526369518	252.9295787736506	945.2995901155357
-178.7718696830425	252.9397501865246	945.5791822270909
-178.5967884194091	252.9315672931081	946.1101683671757
-178.3360562005996	252.9149581006401	944.5820049335239
-178.4582028619863	252.9284187796251	945.605411571045
-178.5073895416281	252.9325209037161	945.1838909646168
-178.2303074044375	252.921307274057	945.1820931274242
-178.2207996193672	252.9195506845341	944.7002557669078
-178.4582172605467	252.9302997035371	945.6137951500009
-178.4496568410991	252.9221922580005	945.0971792473867
-178.7184881707312	252.9319454305237	945.9406453555254
-178.7009773338612	252.92768435505	945.6604847384652
-179.0312130328171	252.9390929775915	946.5387213008078
-178.6880974792988	252.9336761345358	945.6934945855439
-178.4764973415852	252.9349417363853	945.1761481148856
-178.4365066963692	252.9218262731509	945.6292790014152
-178.4829493930588	252.9226853934624	945.0685361411635
-178.518818140379	252.9172927028756	945.2440008725905
-178.6433480189723	252.9332110383019	945.5946601972047
-178.4671403238437	252.9253144507576	945.1215574715636
-178.5066164321488	252.9272333119574	945.1570135830767
-178.335317288099	252.9097141790336	944.5555566758576
-178.4860391013627	252.9151155724178	945.0856325144697
-178.7571371227926	252.9362077470827	946.1079738179551
-178.7716009105835	252.9378572073684	945.5705472933911
-178.3954085061551	252.9154399027417	945.4543431564528
-178.5078274733328	252.930647144028	945.1751388512557
-178.6258772958923	252.926428329877	945.5511676463669
-178.1938108796579	252.9134259629795	944.7770385914688
-178.8888630936021	252.9418616768538	945.7232441901868
-178.1996958043559	252.9124953072306	945.290944693181
-178.7488204484091	252.9246163332488	945.4899750217107
-178.2798492560167	252.9263560860178	944.7689831172275
-178.2250094751259	252.9256448036883	945.1574957467412
-178.5221947479064	252.9284414372569	945.1734229000534
-178.2243116757724	252.9156917109143	944.6820604479267
-178.4551438021252	252.9253829780212	945.5453037112234
-178.2319255132278	252.9272678537335	945.3778477813255
-178.2261671273408	252.912308700216	944.6636189513169
-178.4490437164957	252.924061194589	945.1058943822891
-178.6004214175011	252.9214679614014	944.9683254987801
-178.8893302990557	252.9379080850967	945.7054736439301
-178.4597638778938	252.9245073017743	945.5880897780312
-178.2833840326533	252.9209482567841	944.7411390879979
-178.2798492560167	252.9263560860178	944.7689831172275
-178.8471343482838	252.9276806072017	946.0778383875792
-178.4884081724536	252.9313398393018	945.543842278687
-178.7722704378799	252.9358047296751	945.5615328375392
-178.5102907438464	252.9267486038839	945.1570655933103
-178.699861301737	252.9340746855717	946.0497409750855
-178.4934262955172	252.9319052346718	945.7211363850741
-178.4608362808732	252.9270808294432	945.6850618713275
-178.4513954977453	252.9258676191815	945.5452596307075
-178.4693013420048	252.9315450641556	945.6446396458115
-178.7488204484091	252.9246163332488	945.4899750217107
-178.5092054096685	252.9286143664712	945.1659996580838
-178.6452446470278	252.929429568571	945.5832765574097
-178.5444683475143	252.9306403323192	945.1465162568466
-178.5092054096685	252.9286143664712	945.1659996580838
-178.7684495570612	252.9362915261122	945.5614482464644
-178.1478887251456	252.8993129683371	944.152063945783
-178.3405145578313	252.9156937165847	945.0125507553247
-178.2207961842243	252.9161838053679	944.6819601373655
-178.7716009105835	252.9378572073684	945.5705472933911
-178.4001309080315	252.9244777279024	945.1535506073387
-178.5055234138623	252.9291032373951	945.1659085866301
-178.2798492560167	252.9263560860178	944.7689831172275
-178.4847215324478	252.9204644286485	945.237700635692
-178.2801109827662	252.9229821353851	944.7504581945202
-178.5078865523713	252.9270491097222	945.1568823919703
-178.2639130053182	252.9270929726029	945.3067837860949
-178.6217858199364	252.9335172974954	945.3175504703179
-178.5629092134893	252.9252554723214	944.9639387412684
-178.4278671461651	252.9265491465947	945.2968587412602
-178.5750498753989	252.9325657742071	945.7569154778739
-178.6250544453342	252.9319243619082	945.5785661033916
-178.6850644619339	252.9204497405154	945.6160445888806
-178.4838496080873	252.9260921097256	945.086703906274
-178.6600082852725	252.9237861237545	945.857701205018
-178.7726513945467	252.9339195152367	945.5527244264626
-178.4823135640565	252.9207643724828	945.2375318369442
-178.5410906906947	252.9222095540653	945.154746571084
-178.6412798373851	252.929909170024	945.5832969476364
-178.8888630936021	252.9418616768538	945.7232441901868
-178.7911430971589	252.9315089589482	946.105254353803
-178.5102907438464	252.9267486038839	945.1570655933103
-178.4847215324478	252.9204644286485	945.237700635692
-178.2801109827662	252.9229821353851	944.7504581945202
-178.8544836634275	252.924694760839	945.9138488689595
-178.2546574774493	252.9154523797627	945.168387510339
-178.7718696830425	252.9397501865246	945.5791822270909
-178.7726513945467	252.9339195152367	945.5527244264626
-178.4927020942738	252.933949026724	945.729866694606
-178.5712256728087	252.9266501808783	945.9453259508932
-178.4516327098981	252.9167416240138	945.0700392938064
-178.7688404016459	252.9344021755646	945.5526790538072
-178.6154252427147	252.9242432892356	945.4319695223062
-178.4220521579778	252.9143902126272	945.1682535145986
-177.8529027725037	252.8948660209891	943.8044789706668
-178.2239586028334	252.914152653367	944.6727768291098
-178.5066164321488	252.9272333119574	945.1570135830767
-178.9979012287281	252.9346191446178	945.9832980100642
-178.2787385563805	252.9282113815859	944.77791814509
-178.7452131939534	252.9299941760099	945.644466737707
-178.2783498617892	252.9248335281782	944.7595443739206
-178.535912209641	252.9219849921448	945.4692192405927
-178.8616204649039	252.9308492175817	946.3749249153342
-178.5930206701412	252.9179214034595	945.8165761287397
-178.4920964999149	252.9284459999244	945.7038820777578
-178.2813485972607	252.9227973685028	944.7503297619323
-178.3342126215164	252.9115707013162	944.5643178770147
-178.5102907438464	252.9267486038839	945.1570655933103
-178.5055234138623	252.9291032373951	945.1659085866301
-178.7484216508252	252.9315610265535	945.6534196182635
-178.4927020942738	252.933949026724	945.729866694606
-178.5092054096685	252.9286143664712	945.1659996580838
-178.3748785840556	252.9163713118718	945.2213899120035
-178.7716009105835	252.9378572073684	945.5705472933911
-178.6263214102875	252.9311550311038	945.3087374919752
-178.4823472991728	252.9243626890436	945.2555179853194
-178.5507746609708	252.9243535813224	945.772406519923
-178.8648083271169	252.9134353329179	946.0843668629495
-178.6137503483627	252.9281615269132	945.4496676571799
-178.3945359981	252.9181643163146	944.633033659156
-178.9235351234344	252.9259511202712	945.9364483639325
-178.2813485972607	252.9227973685028	944.7503297619323
-178.542547708333	252.921992162196	945.1546525264609
-178.452109081604	252.9239925090479	945.5367095421273
-178.5397257181146	252.9329969004474	945.1554061770411
-178.5066164321488	252.9272333119574	945.1570135830767
-178.7726513945467	252.9339195152367	945.5527244264626
-178.5102907438464	252.9267486038839	945.1570655933103
-178.8893302990557	252.9379080850967	945.7054736439301
-178.4476848546248	252.9127378070444	946.1610032763471
-178.4799933382269	252.9228181042081	945.2464351684944
-178.300200139674	252.9236410650992	945.313020364797
-178.542547708333	252.921992162196	945.1546525264609
-178.7716009105835	252.9378572073684	945.5705472933911
-178.4475645021656	252.9206538455541	945.0879935874893
-178.4830270220689	252.9137614456215	945.0767997879371
-178.4877967830956	252.9177751579995	945.1369219399522
-178.4900743284682	252.9305070451503	945.7126082447892
-178.4433912826075	252.9207054683716	945.6405769970183
-178.6249526369518	252.9295787736506	945.2995901155357
-178.5905613309243	252.9177956476299	945.5152758002301
-178.3111209701535	252.906990108951	944.6536154618553
-178.493864924039	252.9300282446014	945.7126091407977
-178.7688404016459	252.9344021755646	945.5526790538072
-178.6113689106869	252.9285433905234	946.1076061502989
-178.4847215324478	252.9204644286485	945.237700635692
-178.7300475302249	252.9301795976677	946.1902673840143
-178.5078865523713	252.9270491097222	945.1568823919703
-178.4854527892634	252.9117070892857	945.0678592491993
-178.46232833351	252.9023619759593	944.8165002704529
-178.7722704378799	252.9358047296751	945.5615328375392
-178.5102907438464	252.9267486038839	945.1570655933103
-178.5177674239744	252.9138738726638	945.2264162397819
-178.4836366827243	252.9188968216605	945.2286645112229
-178.544313441183	252.923568980148	945.1636242579405
-178.5444683475143	252.9306403323192	945.1465162568466
-178.452469575066	252.918303505711	945.0791772875604
-177.9422235455819	252.8992076292019	944.4011080427061
-178.8893302990557	252.9379080850967	945.7054736439301
-178.4166868308337	252.9188302589627	945.6433349428536
-178.4866382710774	252.9132803846335	945.076886866005
-178.6264323676932	252.9215090254424	945.523049884383
-178.7726513945467	252.9339195152367	945.5527244264626
-178.544313441183	252.923568980148	945.1636242579405
-178.6250544453342	252.9319243619082	945.5785661033916
-178.4860391013627	252.9151155724178	945.0856325144697
-178.4500920461972	252.9186044604657	945.0790001651465
-178.5042324074471	252.927595024594	945.1571872085142
-178.5078274733328	252.930647144028	945.1751388512557
-178.5185571202808	252.922927619689	945.2167509450334
-178.7137328047827	252.9275629770281	945.4835328882618
-178.4419553777361	252.9148036399197	945.6715871030071
-178.7323584558519	252.925024732097	945.8353981722416
-178.7128877070501	252.9296108813023	945.4925094015659
-178.6015621219292	252.9248332300402	945.3908484895835
-178.5890261398058	252.9162164478272	945.5064488439477
-178.7708092745487	252.9323310804392	945.5436825052909
-178.749371099355	252.9276227391011	945.6358506451451
-178.4488313136269	252.9187887731832	945.079133622648
-178.5055234138623	252.9291032373951	945.1659085866301
-178.4103247164716	252.9172367913631	945.7177568223597
-178.6911019578035	252.9194075835717	945.5573245558526
-178.5561251196416	252.914349719411	945.344984248715
-178.7545588935878	252.9346038960545	946.0993734720902
-178.821147030441	252.9227554395602	945.7503477016933
-178.2566175066685	252.9163509451769	944.8276573841271
-178.8897912811056	252.9344438623725	945.9565447268609
-178.3748785840556	252.9163713118718	945.2213899120035
-178.8059611522101	252.9273133181858	945.54154339668
-178.5092533457292	252.9251813953336	945.1478871778656
-178.6993125347834	252.9301147421698	946.0329523494853
-178.6506149375606	252.9137192081736	945.5925853759314
-178.7708968053396	252.9328810444659	945.6870745078744
-178.8570495076492	252.9243979146417	945.9139946750475
-178.8774348877375	252.929268045281	945.8199204972983
-178.5081185407374	252.923711802858	945.1386835974521
-178.4682256143881	252.926045970455	945.6188138157347
-178.6953331415401	252.9286997486781	946.0245888277233
-178.7583206539705	252.9420735565849	946.1332434931441
-178.7474746631838	252.9260334243382	945.6269498755281
-178.5066164321488	252.9272333119574	945.1570135830767
-178.5092533457292	252.9251813953336	945.1478871778656
-178.5687169948646	252.9155018938668	946.0440929176052
-178.4365066963692	252.9218262731509	945.6292790014152
-178.2901138714083	252.91132137531	944.8253998311023
-178.4836366827243	252.9188968216605	945.2286645112229
-178.2261671273408	252.912308700216	944.6636189513169
-178.5102907438464	252.9267486038839	945.1570655933103
-178.6992239152756	252.9282224670082	946.0245762171437
-178.5066164321488	252.9272333119574	945.1570135830767
-178.8797270806513	252.9308674785638	945.8287616660253
-178.5838972864014	252.9152183338581	945.4975099257703
-178.7569893467885	252.929960489644	945.5506764446388
-178.452469575066	252.918303505711	945.0791772875604
-178.7688404016459	252.9344021755646	945.5526790538072
-178.4847215324478	252.9204644286485	945.237700635692
-178.4823135640565	252.9207643724828	945.2375318369442
-178.5413532836116	252.9187393151491	945.1367113565395
-178.5890261398058	252.9162164478272	945.5064488439477
-178.5447378931315	252.9217290368831	945.1548421329646
-178.5092533457292	252.9251813953336	945.1478871778656
-178.8885531723371	252.9309540745848	945.9384322491139
-178.4250561448022	252.9090140479423	945.1415303297541
-178.5283970128692	252.9139258738836	946.1040887320937
-178.5102907438464	252.9267486038839	945.1570655933103
-178.5978256803042	252.9253163278437	945.3908144850487
-178.8703796522515	252.9344469393714	946.5035324156205
-178.7826656496634	252.9210238913721	945.6246783221619
-178.4866382710774	252.9132803846335	945.076886866005
-178.5066164321488	252.9272333119574	945.1570135830767
-178.544313441183	252.923568980148	945.1636242579405
-178.456907536299	252.9146739804001	945.6068499273241
-178.4251941298686	252.9074632898706	945.1322061625901
-178.5655201185636	252.9201908322235	945.482142679702
-178.832650009329	252.9198658518715	946.0954303945443
-178.5790079060694	252.9139247644458	945.5328157269845
-178.4645307658249	252.9240197923068	945.7927001863166
-178.3569373650543	252.909353871701	944.9490560316337
-178.50810324062	252.922155767465	945.1291772576695
-178.5066164321488	252.9272333119574	945.1570135830767
-178.5102907438464	252.9267486038839	945.1570655933103
-178.4071416666099	252.9158428115788	945.7094137962978
-178.6139419917153	252.9226648497583	945.4229983532382
-178.4092913645692	252.9137865585795	945.700839229119
-178.2214408366467	252.911621647682	944.8734272561891
-178.8864868387315	252.933032074285	945.9475472504085
-178.5697867747192	252.9162635570076	945.463942719108
-178.8527731732562	252.9041786349628	945.8110392746768
-178.4508855237732	252.9137267956887	945.051407694547
-178.7141966699616	252.9189004831166	945.9466841168096
-178.6327689243306	252.920304639414	945.3884320875119
-178.4665094632547	252.9219587117684	945.7840965373447
-178.7496032430098	252.9225266787221	945.481075446799
-178.5092533457292	252.9251813953336	945.1478871778656
-178.7708092745487	252.9323310804392	945.5436825052909
-178.4721706086519	252.9129793281233	945.0649709848841
-178.6139419917153	252.9226648497583	945.4229983532382
-178.7984950044149	252.9163112340753	945.8355936677978
-178.7165379246822	252.9267616185396	946.3905396617537
-178.2801109827662	252.9229821353851	944.7504581945202
-178.2833840326533	252.9209482567841	944.7411390879979
-178.2085711879105	252.9168269654421	945.215038803851
-178.4577487823424	252.9114408507388	944.9653812458813
-178.2819017845797	252.9243420740821	944.7596529468408
-178.749371099355	252.9276227391011	945.6358506451451
-178.7726513945467	252.9339195152367	945.5527244264626
-178.7367805170855	252.9125692204637	946.8688864225041
-178.4072393670853	252.9134521608512	944.9970489047569
-178.5066164321488	252.9272333119574	945.1570135830767
-178.5081185407374	252.923711802858	945.1386835974521
-178.8062450631364	252.9183698422215	945.9517549843873
-178.2639130053182	252.9270929726029	945.3067837860949
-178.7041262931231	252.9121369735752	946.0786204171415
-178.6485937932503	252.9176486207619	945.4207398721009
-178.4184886474201	252.9140026208736	945.0090414469468
-178.518818140379	252.9172927028756	945.2440008725905
-178.4516327098981	252.9167416240138	945.0700392938064
-178.7455542472494	252.9281044933593	945.6358236817746
-178.6282654802115	252.9261292054244	945.5513668488552
-178.6688034558332	252.9153086257939	945.1091588548808
-178.7007722007526	252.9185006872356	945.9007147261974
-178.5995301241212	252.9250521517139	945.2087863010645
-178.4836366827243	252.9188968216605	945.2286645112229
-178.6489422027744	252.9121358732161	945.583830985576
-178.5447378931315	252.9217290368831	945.1548421329646
-178.5433915014448	252.9290715656094	945.137274717266
-178.5398609395465	252.9171747776169	945.8948490443651
-179.0921301478338	252.9258348923672	946.3419211296622
-178.4401657408601	252.9084909668448	944.9951346119533
-178.4854527892634	252.9117070892857	945.0678592491993
-178.6139419917153	252.9226648497583	945.4229983532382
-178.5433540441736	252.9201505631487	945.1457733762932
-178.5092533457292	252.9251813953336	945.1478871778656
-178.6447303091383	252.923578864711	945.3897376217033
-178.572102913748	252.9110382141954	945.1918752035135
-178.5078865523713	252.9270491097222	945.1568823919703
-178.4836366827243	252.9188968216605	945.2286645112229
-178.4245371892004	252.9123412648841	945.159382843417
-178.4810425371484	252.9209482821156	945.2376672874626
-178.4847215324478	252.9204644286485	945.237700635692
-178.5697867747192	252.9162635570076	945.463942719108
-178.741315217774	252.9099944585974	945.8985937125542
-178.6861142773097	252.9220299127779	945.6252914597438
-178.4844723643334	252.9135439086447	945.0767029130793
-178.5185571202808	252.922927619689	945.2167509450334
-178.7102393562079	252.908122741881	946.0849610153439
-178.4863712568515	252.9080725504773	945.928502071852
-178.5672062293939	252.9044971769749	945.4344039825587
-178.4920964999149	252.9284459999244	945.7038820777578
-178.6911019578035	252.9194075835717	945.5573245558526
-178.6465977459603	252.921018880542	945.5372244577322
-178.9970126615845	252.930915654061	946.2326532621493
-178.4260345965655	252.9104786361311	945.1505497443296
-178.4516327098981	252.9167416240138	945.0700392938064
-178.6369316866999	252.9147346523612	945.6297650190387
-178.6356177740354	252.9131468694	945.6206978496795
-178.6113689106869	252.9285433905234	946.1076061502989
-178.674749686682	252.9137907250039	945.9924097677294
-178.5092533457292	252.9251813953336	945.1478871778656
-178.6016561095857	252.9181544443821	945.6227887154345
-178.5311238465889	252.90792350688	945.4281823610305
-178.6139419917153	252.9226648497583	945.4229983532382
-178.7708092745487	252.9323310804392	945.5436825052909
-178.7826656496634	252.9210238913721	945.6246783221619
-178.4836366827243	252.9188968216605	945.2286645112229
-178.452469575066	252.918303505711	945.0791772875604
-178.6154252427147	252.9242432892356	945.4319695223062
-178.5122555139715	252.9239085947436	945.1817925003462
-178.6001428503393	252.9232563860699	945.3818437955237
-178.3532399881143	252.9137989683846	945.0569498560632
-178.5697867747192	252.9162635570076	945.463942719108
-178.4440129973557	252.9088110053735	945.6981757223861
-178.9138261522294	252.9128821268871	946.2216588205606
-178.7437738544938	252.9160668366742	945.4455278150174
-178.5904955844107	252.9093300683979	945.3426581478232
-178.8651539923779	252.917867181633	945.8582049563571
-178.6239222463163	252.9125625554678	945.6086871056287
-178.6740354636885	252.9133899542139	945.7391471389018
-178.4438774496502	252.9039816726867	945.1275709358566
-178.8991004409753	252.9236479430219	945.8061527467752
-178.5561251196416	252.914349719411	945.344984248715
-178.5102907438464	252.9267486038839	945.1570655933103
-178.8037743042538	252.9154863973472	945.6110677817447
-178.7708092745487	252.9323310804392	945.5436825052909
-178.1676414448336	252.9025194678302	944.7956672120985
-178.5723367637636	252.918583701061	946.061175195377
-178.6139419917153	252.9226648497583	945.4229983532382
-178.821147030441	252.9227554395602	945.7503477016933
-178.4836366827243	252.9188968216605	945.2286645112229
-178.4847215324478	252.9204644286485	945.237700635692
-178.3667063360806	252.9200059366224	944.9686276808392
-178.5185571202808	252.922927619689	945.2167509450334
-178.9949299108934	252.9274052733743	946.2149256809187
-178.7474746631838	252.9260334243382	945.6269498755281
-178.7901710695148	252.9237108008852	945.5113434784654
-178.2464623898283	252.9043094279165	944.8039904403877
-178.4696371869867	252.9152655203984	945.6180589027449
-178.9138261522294	252.9128821268871	946.2216588205606
-178.8931337076317	252.9194127016484	945.9114916660764
-178.5092533457292	252.9251813953336	945.1478871778656
-178.8620029650563	252.9327581268065	946.3832090465045
-178.6359805492164	252.9170647060538	945.4090632354477
-178.5058586078201	252.9133066890329	945.2146468576727
-178.452469575066	252.918303505711	945.0791772875604
-178.4598841988951	252.9054519150854	945.1482352802062
-178.8797270806513	252.9308674785638	945.8287616660253
-178.7337089934698	252.9200013870588	946.0623147205913
-178.5697867747192	252.9162635570076	945.463942719108
-178.5511581374591	252.9060357861482	946.092349234114
-178.4836366827243	252.9188968216605	945.2286645112229
-178.6447303091383	252.923578864711	945.3897376217033
-178.4744515522523	252.9127205408447	945.0652034930708
-178.8750301365995	252.9277657841637	945.8110636559541
-178.5705057406351	252.9178346440782	945.4732225750843
-178.4810425371484	252.9209482821156	945.2376672874626
-178.8870346414477	252.9189254008137	946.0077378800851
-178.5868092139169	252.9182775406515	945.5152642764532
-178.524310615758	252.9344261192416	945.7023173338814
-178.5972125321543	252.9252399453286	945.9782995527731
-178.2261671273408	252.912308700216	944.6636189513169
-178.5092533457292	252.9251813953336	945.1478871778656
-178.7708490352906	252.9220197425059	945.6221360620902
-178.5972125321543	252.9252399453286	945.9782995527731
-178.8059611522101	252.9273133181858	945.54154339668
-178.958756815989	252.9100669604572	946.9015634309609
-178.4260345965655	252.9104786361311	945.1505497443296
-178.5648864689602	252.9146282245776	945.1318959412869
-178.8420197064267	252.9257834855046	946.4679956948187
-178.6865228932132	252.9252879846973	946.015457718981
-178.4251941298686	252.9074632898706	945.1322061625901
-178.4847215324478	252.9204644286485	945.237700635692
-178.4948336014508	252.9094853703916	945.1366360611726
-178.3014365060679	252.9057987818591	945.0222219379993
-178.4847215324478	252.9204644286485	945.237700635692
-178.4251941298686	252.9074632898706	945.1322061625901
-178.5655289973153	252.9029120999201	945.4257203643529
-178.8059611522101	252.9273133181858	945.54154339668
-178.4598841988951	252.9054519150854	945.1482352802062
-178.6201833704307	252.9082057908726	945.4863736641591
-178.7445982972021	252.9229630094797	945.6088162800153
-178.5177674239744	252.9138738726638	945.2264162397819
-178.5516789733559	252.8993568208206	945.3964713572711
-178.8380029357451	252.9243942449352	946.5766383774877
-178.3407188627023	252.9161494878541	945.6464986853388
-178.9112450294874	252.9330194444638	946.5181867659306
-179.1113210891139	252.918008842906	946.8284403933686
-178.6110184372007	252.9106210769745	945.4926169511425
-178.5177674239744	252.9138738726638	945.2264162397819
-178.5561251196416	252.914349719411	945.344984248715
-178.8546993609278	252.9227972699669	945.9052960613133
-178.6873213965591	252.9198898224908	945.5573062614711
-178.5083486425458	252.9091482375258	945.2293056873067
-178.7082363299532	252.9083856649082	945.7369776223165
-178.749371099355	252.9276227391011	945.6358506451451
-178.6064468226951	252.9099327045425	945.495794922493
-178.6237132794413	252.9112085198703	945.5040545201739
-178.4847215324478	252.9204644286485	945.237700635692
-178.7708092745487	252.9323310804392	945.5436825052909
-178.5177674239744	252.9138738726638	945.2264162397819
-178.6946066696858	252.912013435968	946.2957145252926
-178.741315217774	252.9099944585974	945.8985937125542
-178.7528454948242	252.9098045672701	946.0211150672839
-178.4260345965655	252.9104786361311	945.1505497443296
-178.5541635652177	252.9039139921759	945.4232803891266
-178.6489626478767	252.9131812489623	945.7424725520366
-178.7256215885162	252.9239897380325	945.6496115824785
-178.4609151716652	252.9145151266047	945.1388802839282
-178.6504187364484	252.9192379967833	945.4296074016627
-178.3614124810844	252.9103187383143	945.8074254292981
-178.5655289973153	252.9029120999201	945.4257203643529
-178.8142432085077	252.9028192987635	946.3538442872434
-178.6118965218867	252.9196165703311	945.4047150987932
-178.5751062578271	252.912206111636	945.8921797456568
-178.4251941298686	252.9074632898706	945.1322061625901
-178.5544836676525	252.9113119355566	945.326781388345
-178.5058586078201	252.9133066890329	945.2146468576727
-178.7826656496634	252.9210238913721	945.6246783221619
-178.9816854157469	252.9211348809123	945.8882437216031
-178.6951928363096	252.9145516636355	946.0846928272856
-178.4665094632547	252.9219587117684	945.7840965373447
-178.3824568150888	252.8999721671264	944.9174127813219
-178.7998568025934	252.9125243500657	945.5932075548764
-178.5655289973153	252.9029120999201	945.4257203643529
-178.5516789733559	252.8993568208206	945.3964713572711
-178.3843430370126	252.9160302269838	944.9924834711618
-178.7701454051912	252.9342183506505	945.5525477113226
-178.7067981381001	252.9149871272745	945.9008323679172
-178.5392559740048	252.9083563470246	945.2126400234471
-178.5635173867329	252.9049754715297	945.434357169606
-178.6697220799189	252.9170517831268	946.0810079212243
-178.8616489933622	252.9148382158196	945.8398981228808
-178.6016561095857	252.9181544443821	945.6227887154345
-178.7474746631838	252.9260334243382	945.6269498755281
-178.6001428503393	252.9232563860699	945.3818437955237
-178.6118965218867	252.9196165703311	945.4047150987932
-178.8318163256756	252.9097171818798	945.8244589947672
-178.6803078106022	252.8988388043137	945.802125428069
-178.6235223607934	252.9027982428589	945.4293456055207
-178.8727747783007	252.9141520409225	945.8739403033652
-178.7708092745487	252.9323310804392	945.5436825052909
-178.8180437762575	252.9091042194391	945.8132839953774
-178.7113351379059	252.9122176016793	945.534628682303
-178.6201833704307	252.9082057908726	945.4863736641591
-178.8763159873837	252.9171815228608	945.891630975332
-178.4999094766401	252.9190553136905	945.7899607445073
-178.9201374415111	252.9067810665451	946.7522486334085
-178.8509115950321	252.9197039435307	945.8875790254364
-178.4814543474677	252.8999390515948	945.1344691084846
-179.014364453441	252.9203448105494	946.1921637881148
-178.5441157570129	252.9098871041548	945.5444176429509
-178.5410906906947	252.9222095540653	945.154746571084
-178.5582504803745	252.9141479509427	946.0436321740833
-178.6831934545805	252.9018497657161	945.8200048903184
-178.7630845110154	252.9135338210114	945.7970627644944
-178.8408025173572	252.9155452204244	945.7277926107694
-178.5526366729788	252.9189149377142	946.0151871413384
-178.5866919541424	252.9176536352536	945.3036405280671
-178.8418758618674	252.9114817006879	945.9407438929868
-178.7475178352793	252.9190779897204	945.4635541904102
-178.8087126995197	252.9180725877821	945.9519269089867
-178.7475178352793	252.9190779897204	945.4635541904102
-178.4477127907816	252.9019404305043	945.1182205265532
-178.7963469486489	252.9147153874897	945.8269386131532
-178.544881405679	252.9114586592145	945.5535550557901
-178.4260345965655	252.9104786361311	945.1505497443296
-178.6983868890775	252.9138537461197	945.8730963743459
-178.1232836742159	252.900859938936	944.6879012112049
-178.6431463974359	252.9071077539035	945.2877673051144
-178.7963469486489	252.9147153874897	945.8269386131532
-178.7145884809372	252.9232633333103	946.3734091374521
-178.7048882149955	252.9119189766307	945.8825574477386
-178.4611164926027	252.907025580139	945.1571231007538
-178.5925727260534	252.9095415020048	945.6920601903938
-178.6034382309567	252.9112444984492	945.461920975029
-178.9411665753882	252.917695108197	946.3829495097327
-178.6710753701683	252.9012531101987	945.8084047111242
-178.7198886998329	252.9083274032093	946.0816711079009
-178.5270768181297	252.9234661279372	945.7014162654997
-178.4251941298686	252.9074632898706	945.1322061625901
-178.9974308270666	252.9239622310912	946.4528125996379
-178.3583733920078	252.9127450378164	945.0911580764152
-178.7468604580538	252.9279209713365	945.635688150409
-178.5868774031464	252.9131668117184	945.4884578383069
-178.7113351379059	252.9122176016793	945.534628682303
-178.6118965218867	252.9196165703311	945.4047150987932
-178.8546993609278	252.9227972699669	945.9052960613133
-178.4739481105087	252.9101803446169	944.9914526383114
-178.8780036165299	252.9221845500581	946.3444332115934
-178.9760430593889	252.9209763967353	946.9908320497613
-178.8755727410804	252.9192221308838	946.4569896932834
-178.5357215336597	252.9109785079021	945.6353719250199
-178.5531962702706	252.9023328066377	945.4143599149963
-178.4483363952334	252.9048931803355	945.136541029522
-178.8904515698636	252.9178018378156	945.9028868599877
-178.6079086049612	252.9136275492639	946.0584369334317
-178.5177674239744	252.9138738726638	945.2264162397819
-178.5826854224604	252.9018775326207	946.0794093276683
-178.6201833704307	252.9082057908726	945.4863736641591
-178.9469578129581	252.9125589022979	946.9186978350283
-178.7783018127261	252.9112400197392	945.6471498860478
-178.6873582962993	252.9090621850813	946.0707542322199
-178.2584198288261	252.913314705662	945.5342570039605
-178.8318163256756	252.9097171818798	945.8244589947672
-178.5270768181297	252.9234661279372	945.7014162654997
-178.8382648643867	252.908450816762	945.922720085904
-178.4251941298686	252.9074632898706	945.1322061625901
-178.5768268780364	252.9057793645981	945.3128800441546
-178.4883425908596	252.9163833278894	945.7704524401039
-178.7687549271491	252.913540654966	945.4498538449971
-178.7067981381001	252.9149871272745	945.9008323679172
-178.4808780948431	252.9091260444131	945.2974123500554
-178.8509115950321	252.9197039435307	945.8875790254364
-178.2460699287437	252.9072903526701	944.8226931820024
-178.57779636258	252.9048759713436	945.5422610504397
-178.847484019255	252.8979180535894	946.35195851476
-178.9138261522294	252.9128821268871	946.2216588205606
-178.6474532549515	252.9037878140455	945.8041152111211
-178.6489582856259	252.9068456986784	945.8223107505637
-178.7920644051009	252.9084120824868	946.3678436575087
-178.9721153058168	252.9208117102572	946.3002696288979
-178.3788476442298	252.9073187219062	945.2527593265868
-178.3839453072925	252.9063713509908	945.0953510330245
-178.3516604984243	252.9011663340754	945.1089787845879
-178.5092533457292	252.9251813953336	945.1478871778656
-178.4729092656189	252.893301738439	945.5657922003122
-178.6924627127511	252.8960932266689	945.4879248442988
-178.9940065096132	252.920845451081	946.4347781449882
-179.0076962352741	252.9158310764602	946.2980134485186
-178.5890261398058	252.9162164478272	945.5064488439477
-178.7673850300291	252.9073154182862	945.8455273663473
-178.885284537605	252.9147567232644	945.8854644513813
-179.1563620891267	252.9192193554294	946.7289758043236
-178.7474746631838	252.9260334243382	945.6269498755281
-178.9355684762913	252.9072691473467	946.2079218012747
-178.5311238465889	252.90792350688	945.4281823610305
-178.8754887412903	252.9106112429158	945.7256818316725
-178.6201833704307	252.9082057908726	945.4863736641591
-178.5890261398058	252.9162164478272	945.5064488439477
-178.6777738291578	252.9096165030879	945.6473330750607
-179.1212394342341	252.9254090551593	946.5839225496152
-178.7070307636544	252.9203419738914	945.6619792170874
-178.7909181444631	252.9053306176866	946.3493237192547
-178.5868669469874	252.8973938831684	945.4121377306096
-178.8546993609278	252.9227972699669	945.9052960613133
-178.8304535699818	252.9228729306862	945.8602573936735
-179.0906124796076	252.9261156825952	946.4652073838066
-178.6250867244063	252.9030287157143	945.680877294269
-179.0076962352741	252.9158310764602	946.2980134485186
-178.9113265052312	252.9122587398101	945.8894555427194
-178.7929653573759	252.9116318259387	945.8093061866467
-178.9937775413776	252.9151942342848	946.2865224480179
-178.7243159143432	252.9128106024528	945.546125682419
-178.8546993609278	252.9227972699669	945.9052960613133
-178.5904955844107	252.9093300683979	945.3426581478232
-178.8321612769917	252.9028663158515	946.3432749076055
-178.7630845110154	252.9135338210114	945.7970627644944
-178.9163950805293	252.9173018760009	946.6692269731768
-178.5263968459068	252.9036245784999	945.9634778283952
-178.9620108974272	252.9227047929287	946.2888262839859
-178.8382648643867	252.908450816762	945.922720085904
-178.626471141945	252.8973068620176	946.0254055201223
-178.6831934545805	252.9018497657161	945.8200048903184
-178.9001627283525	252.9195426903802	946.0195509576183
-178.8318163256756	252.9097171818798	945.8244589947672
-178.6213943290358	252.9029764129959	945.5774913295498
-178.6110184372007	252.9106210769745	945.4926169511425
-179.1922185913922	252.914459153712	946.5488231887414
-178.6449693824676	252.9056856518504	945.4904613241291
-178.6731130647391	252.9186020588716	945.498884295419
-178.9355684762913	252.9072691473467	946.2079218012747
-178.885284537605	252.9147567232644	945.8854644513813
-178.5813343764198	252.9036450154575	945.5754776912754
-178.5712235453219	252.9000783177534	945.9614425329729
-178.7243159143432	252.9128106024528	945.546125682419
-178.8782939187542	252.9187892412815	945.900460599205
-178.8509115950321	252.9197039435307	945.8875790254364
-178.8711856013084	252.9076387584245	945.7080285827402
-178.6894074233378	252.9178232410465	945.5484659983809
-178.7288352105621	252.9093899509546	945.8869171875701
-178.6015460753777	252.9082577282195	945.443330614026
-178.7621637947899	252.9203817840277	945.6380556714696
-178.7082363299532	252.9083856649082	945.7369776223165
-178.7652024601054	252.9211658515347	945.586516496502
-178.6356177740354	252.9131468694	945.6206978496795
-178.9326673440284	252.9042312661656	946.1900356209327
-178.7983394722167	252.9196197230588	946.0437594951709
-178.6745712962682	252.9103236360794	945.9747424098828
-178.7558152265058	252.9161029726123	946.142255822682
-178.9355684762913	252.9072691473467	946.2079218012747
-178.7455064570048	252.9072776713572	945.5325260375459
-178.8172378349848	252.9151214564593	946.2847614479689
-178.9104925142769	252.9253376953343	945.9244009013255
-178.7210241746444	252.9071313163154	946.0877392808909
-179.0240372049678	252.9072846142551	946.2667715509587
-178.766776659911	252.9134250665326	946.0511137062891
-178.6697935343424	252.8982585395873	945.7902333919898
-178.5624044145533	252.8999197174254	945.4081224410701
-178.6827692054077	252.9112404103819	945.7593696024758
-178.9659495771737	252.8993659808719	946.1881866583647
-178.7243159143432	252.9128106024528	945.546125682419
-178.4854527892634	252.9117070892857	945.0678592491993
-178.8631126786514	252.9059468984644	945.9270612945974
-178.6489582856259	252.9068456986784	945.8223107505637
-178.8071375996208	252.9164792070961	945.9429289697115
-178.9340677277425	252.9187167308417	945.8041110971485
-178.673187663335	252.9072602220156	945.9565066918877
-178.7243159143432	252.9128106024528	945.546125682419
-178.8727747783007	252.9141520409225	945.8739403033652
-178.8252067259317	252.9153804421178	945.924073723544
-178.8904515698636	252.9178018378156	945.9028868599877
-178.6201833704307	252.9082057908726	945.4863736641591
-179.0537339876975	252.9107377217034	946.3641015222095
-178.7245022238999	252.8994649614574	945.9519004702789
-178.6291144197245	252.9149565902439	945.6144433140537
-178.9355684762913	252.9072691473467	946.2079218012747
-178.5697867747192	252.9162635570076	945.463942719108
-178.977568152274	252.9302159207089	946.7791564484834
-178.9113265052312	252.9122587398101	945.8894555427194
-178.6911019578035	252.9194075835717	945.5573245558526
-178.8763159873837	252.9171815228608	945.891630975332
-178.5293802547625	252.9048844752967	945.4102716646078
-178.7963469486489	252.9147153874897	945.8269386131532
-178.5868774031464	252.9131668117184	945.4884578383069
-178.5531962702706	252.9023328066377	945.4143599149963
-178.7626174360644	252.9044696767041	945.8849173502175
-178.8289965679047	252.9184734744466	945.9416213074022
-178.9495100158925	252.9129946134296	946.4506048785146
-178.7445982972021	252.9229630094797	945.6088162800153
-178.0464561175734	252.8913976631956	944.5866701004891
-179.0056452495952	252.9224273793457	946.5491855706396
-178.6862753128844	252.9137292278156	945.3330885608976
-178.8227429306806	252.8968957138776	945.8298637397822
-178.5311238465889	252.90792350688	945.4281823610305
-178.8008599819255	252.9141251455144	945.60238697568
-178.5052578612706	252.9032808345572	945.0356513220853
-178.4477127907816	252.9019404305043	945.1182205265532
-179.0864070255811	252.9210743153543	946.4386250086012
-178.5293802547625	252.9048844752967	945.4102716646078
-178.4854527892634	252.9117070892857	945.0678592491993
-178.5868669469874	252.8973938831684	945.4121377306096
-178.9113265052312	252.9122587398101	945.8894555427194
-178.7963469486489	252.9147153874897	945.8269386131532
-178.9138261522294	252.9128821268871	946.2216588205606
-178.8544829145051	252.9161540101069	945.73920390146
-178.7963469486489	252.9147153874897	945.8269386131532
-178.9954256244956	252.9055725660407	946.3583229040782
-178.7474746631838	252.9260334243382	945.6269498755281
-178.7137693089623	252.9013097808474	946.5088221763659
-178.7927037207686	252.9267162963747	945.529734018098
-178.3873210458359	252.8985834358478	945.4526002949708
-178.6091000473456	252.9076346401577	945.474649802966
-178.5544836676525	252.9113119355566	945.326781388345
-178.5405128080822	252.9042440247952	945.2275262274695
-178.7380244938231	252.9069734908792	945.880632241578
-178.3583771255902	252.9053261769906	944.8844520653955
-178.6158985906522	252.8983810121107	945.5515314883592
-178.3233287374074	252.898671952329	944.9991855504504
-178.7102834340396	252.921039955956	945.4474252872287
-178.7067981381001	252.9149871272745	945.9008323679172
-178.9035056420418	252.9078496991355	946.2288740822473
-178.8271168246285	252.9217714249014	945.5278318199223
-178.6550851206875	252.9046897575606	945.5884199828256
-178.2974415744275	252.8996247654096	945.5536660422887
-178.5239197494359	252.9006189333766	945.6942349281816
-178.7380244938231	252.9069734908792	945.880632241578
-178.7247796079729	252.9068190566624	945.5622381250629
-178.5531962702706	252.9023328066377	945.4143599149963
-178.6719356492273	252.9120416127014	945.7722517191154
-178.7023531668495	252.8949736510044	945.7976339348362
-178.322998680303	252.8855446384991	945.0250267238738
-178.834298600047	252.9113234014821	945.8330195517789
-178.786647588419	252.9021410491485	945.9462695338665
-178.6201947317439	252.8997041828674	945.6590506121591
-178.4518351437136	252.9037139911909	945.1698067791368
-178.5904955844107	252.9093300683979	945.3426581478232
-178.1452236244124	252.8954507362283	944.4473151029503
-179.0493978885048	252.9104384591809	946.4192906697248
-178.6449693824676	252.9056856518504	945.4904613241291
-178.321390838545	252.8988821224814	945.1744821425459
-178.5693832972358	252.9105062518549	945.6781975594888
-178.8131213824201	252.9145034803771	945.9540914601757
-178.7929653573759	252.9116318259387	945.8093061866467
-178.7852570697562	252.9049360483608	946.0193939547585
-178.4483363952334	252.9048931803355	945.136541029522
-178.6067510744285	252.9007955173118	945.5577234091273
-178.9904745174766	252.9121470643321	946.2685543399593
-178.7272076446611	252.8999120930235	945.7050058030512
-178.8377771118191	252.9125274542893	945.7098975433802
-178.2796355179091	252.8990568980784	944.8481584340634
-178.8190568425557	252.9211607683722	945.7415499609374
-178.8546993609278	252.9227972699669	945.9052960613133
-178.9125067819533	252.9222586607517	946.1602940791921
-178.5840718751243	252.8944618589401	945.3945030747326
-179.1665858897258	252.9076151828927	946.8130291339614
-179.1074990977118	252.9215474546427	946.8248513663473
-178.910685620129	252.9097802830288	946.20374600473
-178.7501869574472	252.9217533025754	945.4071801271026
-178.8149047036527	252.906084362104	945.7956761718068
-178.7032568919794	252.9023694576911	945.7736793449031
-178.8544829145051	252.9161540101069	945.73920390146
-178.8291102490417	252.9108718039336	945.9290085771072
-179.1498212570986	252.9161839645654	946.8446729613953
-178.7974362444844	252.9000627720628	946.0193841361463
-179.1198390376636	252.9135880038049	946.2698534512884
-178.9760268064632	252.9062482168447	945.942387771426
-178.9913681264207	252.9025745950429	946.3406415068556
-178.7931272951129	252.9056137468865	945.8504947162411
-178.5655289973153	252.9029120999201	945.4257203643529
-178.7443760073472	252.9171134198132	946.1493703133732
-178.7082363299532	252.9083856649082	945.7369776223165
-178.7561270105868	252.9115514355814	946.0683999951291
-179.1087929752776	252.9203981749897	946.7789215790058
-178.4968421958696	252.9065900092241	945.6466797584679
-178.984513219126	252.912712294167	946.4868582153289
-178.8718281654467	252.9323594134773	946.494811372456
-178.5840718751243	252.8944618589401	945.3945030747326
-178.885284537605	252.9147567232644	945.8854644513813
-178.8268569100718	252.9055947667595	946.1251952909441
-179.0638983856508	252.9150261686532	946.552197974635
-178.6355015648743	252.9191389236354	945.5921018213189
-178.8674714996929	252.9006874486702	946.4974593618596
-178.6110184372007	252.9106210769745	945.4926169511425
-178.7007722007526	252.9185006872356	945.9007147261974
-178.862505156242	252.9214489064443	946.0032519089476
-178.9720732688384	252.9120802277427	946.4748516994372
-178.8509115950321	252.9197039435307	945.8875790254364
-178.970128007686	252.9023584732788	946.2058307032084
-178.9838195335876	252.9170889659202	946.2749767309488
-178.8180437762575	252.9091042194391	945.8132839953774
-178.4819574722903	252.9015776003127	945.5457475966056
-178.8149047036527	252.906084362104	945.7956761718068
-178.7666829728483	252.9174162072106	945.5949963236369
-178.6868969629112	252.9231950059405	945.692678678036
-178.4661985340657	252.9093409008986	945.1301606106676
-178.7522920124461	252.9129490216785	945.784858303348
-178.5664616524335	252.9042998090878	945.5303246668439
-178.886023751309	252.9278675196258	945.9197297151891
-178.8149047036527	252.906084362104	945.7956761718068
-178.6496558899011	252.9189561827312	945.5278438019749
-178.587473282622	252.9063391267873	945.3247709665291
-179.0256573540602	252.9193558587931	946.1948181528171
-179.1613090569471	252.9235715059689	946.5997515841503
-178.5664616524335	252.9042998090878	945.5303246668439
-178.8509115950321	252.9197039435307	945.8875790254364
-178.3406680469494	252.8980694258086	945.636885031575
-178.7929653573759	252.9116318259387	945.8093061866467
-178.9744035714273	252.911111719493	946.3718344648686
-178.7475178352793	252.9190779897204	945.4635541904102
-178.4808780948431	252.9091260444131	945.2974123500554
-178.5340959068216	252.8956707557158	945.2635189824672
-179.0494499798296	252.9073653471606	946.2242251096446
-178.8096898180208	252.9081481095209	946.4068447954917
-178.7204653264081	252.9097977665598	945.5283817440153
-179.0240372049678	252.9072846142551	946.2667715509587
-178.7666829728483	252.9174162072106	945.5949963236369
-179.175097493734	252.9163509455572	946.8025889001742
-178.6873582962993	252.9090621850813	946.0707542322199
-178.8271088300078	252.9078567057901	945.9107011793806
-178.9125067819533	252.9222586607517	946.1602940791921
-178.4638009998194	252.9189018421238	945.7665959082915
-179.0899402330739	252.9055160438432	946.2390740146635
-178.632029951667	252.8975001360607	945.5272376622027
-178.5534653001694	252.8981681984903	945.4255155409523
