-69.8688	139.289	1199.24	
-59.2282	140.258	1191.95	
-150.116	71.8441	1135.38	
-151.632	71.6357	1134.99	
-126.775	97.0797	1147.25	
-125.609	99.9867	1153.19	
-152.441	4.27286	1112.4	
-169.552	10.959	1092.96	
-181.052	25.7021	1078.65	
-185.41	167.164	1091.85	
-185.41	167.164	1091.85	
-185.419	167.191	1091.92	
-162.803	47.1384	1033.24	
-162.803	47.1384	1033.24	
-162.786	47.1567	1033.3	
-162.757	47.149	1033.28	
-162.768	47.1428	1033.26	
-162.681	47.1334	1033.19	
-162.699	47.1541	1033.27	
-162.761	47.1567	1033.28	
-162.785	47.1517	1033.27	
-162.719	47.1239	1033.19	
-162.699	47.151	1033.24	
-162.688	47.1392	1033.21	
-162.737	47.1575	1033.26	
-162.744	47.1495	1033.29	
-162.738	47.1582	1033.23	
-162.737	47.1512	1033.23	
-162.757	47.1638	1033.29	
-162.761	47.1708	1033.33	
-162.697	47.1449	1033.23	
-162.695	47.1341	1033.19	
-162.692	47.1486	1033.24	
-162.742	47.162	1033.28	
-162.719	47.1506	1033.25	
-162.729	47.1581	1033.26	
-162.773	47.1636	1033.32	
-162.74	47.1614	1033.28	
-162.661	47.1393	1033.19	
-162.821	47.1626	1033.33	
-162.714	47.1397	1033.22	
-162.697	47.1245	1033.17	
-162.762	47.1506	1033.29	
-162.672	47.1467	1033.24	
-162.705	47.1498	1033.26	
-162.805	47.159	1033.31	
-162.667	47.146	1033.22	
-162.73	47.1474	1033.24	
-162.729	47.1479	1033.23	
-162.702	47.1543	1033.22	
-162.729	47.1662	1033.29	
-162.771	47.1617	1033.31	
-162.739	47.1515	1033.28	
-162.687	47.1364	1033.22	
-162.77	47.1474	1033.3	
-162.743	47.1446	1033.27	
-162.811	47.1586	1033.31	
-162.776	47.176	1033.32	
-162.809	47.1704	1033.36	
-162.769	47.1638	1033.29	
-162.734	47.1668	1033.27	
-162.693	47.1476	1033.25	
-162.743	47.1562	1033.28	
-162.73	47.1618	1033.31	
-162.745	47.1487	1033.26	
-162.729	47.1598	1033.29	
-162.75	47.1427	1033.23	
-162.715	47.1404	1033.2	
-162.721	47.1563	1033.28	
-162.816	47.1662	1033.34	
-162.784	47.1544	1033.31	
-162.732	47.1428	1033.27	
-162.77	47.1597	1033.3	
-162.7	47.1477	1033.23	
-162.715	47.1536	1033.27	
-162.72	47.1375	1033.21	
-162.715	47.149	1033.23	
-162.671	47.1369	1033.2	
-162.72	47.1519	1033.25	
-162.767	47.161	1033.29	
-162.729	47.1518	1033.26	
-162.71	47.1471	1033.26	
-162.697	47.1375	1033.23	
-162.759	47.1548	1033.27	
-162.68	47.1534	1033.24	
-162.62	47.1186	1033.12	
-162.707	47.1445	1033.19	
-162.745	47.1404	1033.21	
-162.73	47.1508	1033.24	
-162.708	47.1481	1033.24	
-162.748	47.1528	1033.24	
-162.72	47.1499	1033.24	
-162.661	47.1421	1033.24	
-162.768	47.1551	1033.29	
-162.725	47.1474	1033.26	
-162.775	47.1635	1033.33	
-162.774	47.1503	1033.27	
-162.685	47.1422	1033.21	
-162.754	47.1423	1033.25	
-162.754	47.1423	1033.25	
-162.744	47.1403	1033.25	
-162.789	47.1527	1033.3	
-162.699	47.136	1033.21	
-162.741	47.1433	1033.25	
-162.798	47.1501	1033.3	
-162.681	47.1297	1033.17	
-162.744	47.1389	1033.25	
-162.798	47.1438	1033.3	
-162.759	47.1421	1033.27	
-162.718	47.1331	1033.19	
-162.685	47.1343	1033.2	
-162.747	47.1508	1033.28	
-162.681	47.1404	1033.21	
-162.784	47.1451	1033.28	
-162.742	47.1442	1033.25	
-162.68	47.1283	1033.17	
-162.725	47.1285	1033.2	
-162.732	47.1433	1033.25	
-162.754	47.1419	1033.24	
-162.787	47.1665	1033.33	
-162.723	47.1482	1033.25	
-162.716	47.1267	1033.17	
-162.778	47.1471	1033.28	
-162.764	47.1641	1033.34	
-162.766	47.1299	1033.21	
-162.751	47.1374	1033.22	
-162.73	47.1365	1033.22	
-162.725	47.1445	1033.25	
-162.679	47.1296	1033.18	
-162.746	47.1341	1033.21	
-162.723	47.1353	1033.21	
-162.718	47.1452	1033.26	
-162.717	47.1251	1033.14	
-162.733	47.1534	1033.26	
-162.791	47.1594	1033.28	
-162.722	47.1442	1033.26	
-162.742	47.1555	1033.31	
-162.78	47.1478	1033.29	
-162.682	47.1261	1033.19	
-162.738	47.1567	1033.3	
-162.803	47.1513	1033.27	
-162.663	47.1374	1033.19	
-162.752	47.1421	1033.2	
-162.746	47.158	1033.28	
-162.686	47.1261	1033.16	
-162.742	47.1249	1033.2	
-162.714	47.1412	1033.24	
-162.733	47.1508	1033.27	
-162.663	47.13	1033.15	
-162.696	47.1241	1033.16	
-162.799	47.138	1033.25	
-162.75	47.1351	1033.22	
-162.709	47.1448	1033.24	
-162.704	47.1471	1033.24	
-162.768	47.1485	1033.27	
-162.755	47.1611	1033.26	
-162.73	47.1307	1033.2	
-162.75	47.1512	1033.28	
-162.713	47.1384	1033.24	
-162.781	47.1476	1033.29	
-162.748	47.1418	1033.26	
-162.634	47.1294	1033.12	
-162.754	47.1471	1033.24	
-162.792	47.1499	1033.28	
-162.777	47.1419	1033.28	
-162.663	47.1327	1033.21	
-162.765	47.1408	1033.26	
-162.778	47.1496	1033.29	
-162.703	47.1509	1033.25	
-162.751	47.1604	1033.28	
-162.734	47.1321	1033.18	
-162.683	47.1341	1033.21	
-162.721	47.1193	1033.18	
-162.761	47.1404	1033.29	
-162.752	47.1249	1033.22	
-162.758	47.1451	1033.28	
-162.755	47.1361	1033.2	
-162.753	47.1493	1033.21	
-162.743	47.1434	1033.23	
-162.787	47.1348	1033.25	
-162.717	47.1469	1033.29	
-162.721	47.1316	1033.24	
-162.746	47.1429	1033.26	
-162.711	47.1535	1033.27	
-162.675	47.1236	1033.12	
-162.738	47.1625	1033.31	
-162.755	47.152	1033.27	
-162.686	47.1284	1033.18	
-162.695	47.1241	1033.22	
-162.71	47.1374	1033.21	
-162.83	47.1671	1033.36	
-162.767	47.1421	1033.24	
-162.622	47.1299	1033.13	
-162.765	47.1503	1033.29	
-162.727	47.1233	1033.18	
-162.814	47.1607	1033.35	
-162.681	47.1377	1033.25	
-162.752	47.1292	1033.21	
-162.733	47.1408	1033.23	
-162.742	47.1266	1033.19	
-162.728	47.1422	1033.22	
-162.748	47.1581	1033.31	
-162.799	47.1455	1033.28	
-162.722	47.1338	1033.22	
-162.735	47.1435	1033.23	
-162.791	47.1554	1033.32	
-162.714	47.1376	1033.21	
-162.765	47.1448	1033.24	
-162.737	47.1525	1033.27	
-162.782	47.1635	1033.36	
-162.793	47.1572	1033.33	
-162.752	47.1537	1033.29	
-162.767	47.134	1033.22	
-162.759	47.1358	1033.22	
-162.676	47.1241	1033.17	
-162.791	47.1555	1033.3	
-162.744	47.1586	1033.31	
-162.679	47.1382	1033.21	
-162.701	47.1359	1033.24	
-162.726	47.1273	1033.2	
-162.771	47.1571	1033.31	
-162.788	47.1447	1033.28	
-162.811	47.1456	1033.3	
-162.724	47.1356	1033.24	
-162.736	47.1361	1033.21	
-162.782	47.1546	1033.32	
-162.778	47.1403	1033.26	
-162.75	47.1327	1033.2	
-67.5586	138.94	1066.57	
-67.5586	138.94	1066.57	
-67.6048	138.944	1066.65	
-70.7888	339.026	912.086	
-70.7888	339.026	912.086	
-69.9864	339.534	912.646	
-65.5398	342.829	914.25	
-65.5578	342.82	914.577	
-53.2478	349.246	912.934	
-52.3271	349.701	912.752	
-52.1291	349.814	912.801	
-51.8972	349.803	911.871	
-51.6189	349.886	911.574	
-52.026	349.661	911.377	
-52.0842	349.651	911.532	
-51.6843	349.899	911.944	
-51.4405	350.033	912.111	
-51.5391	349.962	911.921	
-51.867	349.736	911.455	
-52.3073	349.528	911.455	
-51.9233	349.705	911.478	
-51.5874	349.939	911.963	
-51.5064	349.96	912.065	
-51.6536	349.893	911.945	
-52.3737	349.597	912.134	
-52.4869	349.503	911.902	
-52.08	349.747	912.338	
-51.8861	349.871	912.537	
-52.214	349.678	912.26	
-52.7703	349.332	911.898	
-52.9477	349.274	912.058	
-52.0621	349.769	912.031	
-51.6636	349.951	912.31	
-51.7742	349.788	911.961	
-51.616	349.893	912.171	
-51.328	350.091	912.326	
-51.1358	350.208	912.899	
-50.9285	350.327	912.933	
-51.1107	350.261	912.753	
-51.404	350.178	913.026	
-51.477	350.165	913.062	
-51.3642	350.122	912.749	
-50.0141	350.852	913.057	
-50.0492	350.884	913.049	
-51.4639	350.103	912.531	
-51.6172	350.014	912.612	
-50.6229	350.582	912.942	
-49.7115	350.958	912.443	
-49.5201	351.064	912.511	
-48.9584	351.298	912.332	
-48.2104	351.631	912.602	
-47.3012	352.053	912.631	
-47.1342	352.119	912.716	
-47.1806	352.084	912.566	
-47.286	352.031	912.575	
-47.064	352.175	912.853	
-47.3419	352.061	912.831	
-48.0962	351.7	912.604	
-47.7135	351.866	912.638	
-47.2631	352.051	912.769	
-46.849	352.283	913.027	
-46.827	352.319	913.158	
-46.8302	352.32	913.373	
-47.024	352.237	913.162	
-47.206	352.154	913.361	
-47.4599	352.085	913.423	
-47.1527	352.246	913.69	
-47.693	351.939	913.468	
-48.4222	351.648	913.301	
-48.3213	351.747	913.598	
-48.1261	351.878	914.067	
-48.464	351.717	913.85	
-48.3943	351.869	914.479	
-47.9518	352.072	914.926	
-47.8193	352.158	914.983	
-47.5396	352.408	915.434	
-47.1529	352.577	916.189	
-47.1914	352.585	915.974	
-47.7213	352.385	915.995	
-48.1754	352.201	916.09	
-48.3465	352.189	916.279	
-48.7472	352.08	916.771	
-49.3467	351.851	917.099	
-49.7774	351.641	917.2	
-49.4695	351.807	917.815	
-48.6152	352.269	917.372	
-48.4259	352.249	917.403	
-48.6702	352.084	916.99	
-48.7581	352.086	917.094	
-48.8271	352.067	917.354	
-48.4531	352.309	917.767	
-47.6743	352.651	917.536	
-48.5411	352.229	917.334	
-49.2239	351.966	917.3	
-50.206	351.596	917.131	
-49.5927	351.634	916.848	
-47.3256	352.528	916.593	
-45.6344	353.257	915.53	
-44.214	353.733	915.59	
-42.0875	354.437	913.947	
-42.4475	354.419	914.939	
-44.0016	353.91	916.855	
-43.9003	354.241	918.137	
-43.7593	354.177	919.023	
-43.2281	354.434	918.431	
-41.5562	355.054	917.464	
-40.6531	355.321	916.655	
-41.114	355.071	916.359	
-42.158	354.391	915.77	
-42.546	353.972	916.638	
-42.808	353.622	916.673	
-43.3891	353.174	917.158	
-43.2705	353.537	917.043	
-42.6591	354.317	916.396	
-42.7984	354.2	917.371	
-42.8176	354.334	917.399	
-41.4411	354.967	918.328	
-39.843	355.143	918.025	
-40.0262	354.743	917.257	
-42.3215	353.627	915.268	
-46.4287	351.675	914.993	
-50.6221	349.458	914.048	
-54.4751	347.287	912.721	
-57.2934	345.612	911.343	
-61.0782	343.279	909.986	
-66.1345	340.065	908.655	
-69.4125	337.709	906.9	
-71.2677	336.345	906.155	
-67.563	338.864	906.154	
-57.8704	344.665	907.554	
-49.1723	349.328	909.042	
-45.4862	351.231	910.174	
-45.0299	351.432	910.414	
-43.8787	351.875	910.32	
-42.148	352.853	911.529	
-40.8578	353.59	912.19	
-39.5213	354.359	913.443	
-37.8309	355.34	915.725	
-34.7301	356.636	916.345	
-33.1266	357.438	918.149	
-31.3532	358.178	918.916	
-30.9861	358.372	919.179	
-31.1233	358.428	919.691	
-29.7281	359.052	920.537	
-28.6285	359.539	922.877	
-28.3525	359.723	923.45	
-27.8136	359.924	924.175	
-27.5731	360.114	925.265	
-26.3644	360.538	925.08	
-24.2341	361.26	925.54	
-21.3554	362.098	925.391	
-17.9783	363.023	926.292	
-15.9218	363.571	926.212	
-14.4115	363.979	927.086	
-12.7498	364.35	927.436	
-10.6221	364.834	927.828	
-7.86454	365.431	927.564	
-5.78257	365.838	927.887	
-5.16363	366.084	928.726	
-4.81113	366.216	929.244	
-4.65359	366.215	929.485	
-4.77247	366.307	930.038	
-2.95699	366.671	930.227	
-0.721071	367.098	931.33	
1.76615	367.478	932.562	
2.78755	367.703	934.144	
3.67925	367.816	936.389	
5.31803	368.107	937.684	
6.77313	368.293	939.033	
8.68332	368.458	939.572	
10.04	368.589	940.209	
11.5014	368.844	940.51	
13.1627	368.958	941.23	
15.2297	369.104	940.458	
16.7609	369.162	940.653	
18.517	369.343	939.95	
20.4339	369.337	940.349	
21.9166	369.475	940.342	
22.1414	369.399	940.83	
22.6733	369.501	940.567	
23.7238	369.423	941.64	
23.2633	369.478	942.079	
23.4319	369.476	942.522	
25.2334	369.452	943.139	
27.3272	369.549	942.806	
28.8362	369.54	943.674	
31.21	369.492	943.355	
33.3648	369.334	944.584	
33.8849	369.357	944.69	
34.2519	369.295	945.674	
35.7174	369.259	945.535	
37.1855	369.176	945.595	
38.0951	369.113	945.966	
40.8592	368.97	945.777	
42.9097	368.749	946.162	
44.6707	368.528	946.42	
45.9116	368.506	947.193	
46.4235	368.484	946.953	
48.0923	368.252	947.448	
49.3749	368.048	947.789	
50.0736	367.926	948.105	
50.334	367.969	947.693	
51.7077	367.78	947.835	
53.1242	367.518	948.375	
54.186	367.398	948.634	
56.2773	367.069	948.478	
57.63	366.806	949.517	
58.7124	366.785	949.056	
59.4595	366.62	949.256	
60.2778	366.441	949.462	
61.2433	366.237	949.787	
62.7359	365.897	950.015	
64.9106	365.541	950.03	
67.5582	364.897	950.427	
69.9565	364.268	951.173	
71.1239	363.953	951.989	
71.7545	363.823	952.063	
72.4699	363.588	952.787	
73.3541	363.295	953.495	
74.8173	362.956	953.173	
76.1322	362.547	953.79	
77.7108	362.017	954.334	
79.7164	361.537	953.857	
82.2077	360.715	954.44	
84.6042	359.949	954.155	
86.4654	359.309	954.946	
88.1463	358.679	954.977	
88.2347	358.557	956.033	
88.238	358.522	956.516	
89.1097	358.264	955.851	
90.4352	357.672	956.599	
92.3559	357.054	955.932	
93.9465	356.377	956.414	
95.0992	355.96	955.974	
96.6204	355.389	955.906	
98.4483	354.5	956.549	
100.774	353.669	955.498	
102.562	352.964	955.097	
104.675	351.923	955.25	
106.343	351.141	955.193	
108.331	350.271	954.639	
110.319	349.249	954.663	
112.622	348.276	953.397	
113.891	347.569	953.428	
115.108	347.016	953.096	
116.728	346.123	952.72	
117.699	345.504	952.916	
118.63	345.148	952.059	
119.384	344.643	952.505	
120.511	343.979	952.335	
121.553	343.334	952.295	
122.559	342.648	953.124	
123.07	342.41	952.975	
123.429	342.127	953.528	
124.537	341.445	953.878	
126.508	340.252	953.593	
128.399	338.94	953.891	
129.593	338.258	953.273	
129.962	338.092	952.709	
129.719	338.236	952.648	
129.025	338.586	953.359	
128.344	339.008	953.58	
128.313	339.011	953.506	
128.225	339.111	953.457	
128.1	339.276	953.019	
127.314	339.785	952.796	
124.743	341.38	952.865	
120.377	344.07	952.461	
114.699	347.128	953.284	
107.59	350.689	953.369	
99.7869	354.243	952.935	
93.6467	356.811	952.077	
87.5088	359.141	951.623	
82.5332	360.61	951.747	
77.631	362.248	951.134	
73.6131	363.308	950.381	
69.5431	364.487	949.847	
66.9855	365.04	949.923	
65.6931	365.251	949.716	
64.0876	365.648	948.949	
61.9932	366.174	948.014	
58.3544	366.883	947.129	
54.4591	367.498	946.659	
51.0323	367.932	946.552	
47.2167	368.309	946.589	
43.9774	368.626	946.312	
39.9492	369	946.21	
36.4795	369.204	946.199	
33.6287	369.326	945.964	
31.2935	369.432	945.379	
27.5812	369.518	945.608	
23.2637	369.429	945.323	
17.9759	369.21	945.524	
12.1195	368.836	944.877	
5.95251	368.179	945.06	
0.930108	367.499	944.942	
-4.30746	366.686	944.299	
-10.0682	365.535	942.879	
-16.5636	364.076	941.655	
-21.5832	362.721	940.419	
-25.3344	361.707	938.854	
-28.7584	360.581	937.745	
-32.4904	359.358	937.256	
-35.7444	358.213	936.287	
-38.4044	357.198	934.858	
-43.628	355.224	932.664	
-45.1918	354.799	932.899	
-45.381	355.287	932.063	
-46.8177	354.714	931.469	
-45.9677	355.048	931.832	
-43.895	355.945	931.666	
-39.5544	357.68	932.458	
-34.4386	359.702	933.575	
-27.2308	362.21	934.243	
-18.7457	364.715	936.52	
-11.5142	366.262	938.086	
-5.95537	367.369	938.862	
-3.71382	367.897	940.483	
-1.01242	368.179	941.693	
1.35396	368.712	942.259	
3.27891	368.969	943.34	
6.82285	369.304	943.682	
11.6003	369.691	945.217	
16.5018	370.031	947.59	
21.0855	370.181	948.477	
25.3868	370.321	948.86	
29.7742	370.485	947.714	
32.6104	370.432	948.064	
34.4689	370.525	946.9	
35.2957	370.472	946.521	
35.9776	370.367	946.841	
36.587	370.441	946.617	
36.8148	370.413	947.236	
37.006	370.46	947.067	
37.0011	370.341	947.414	
36.0085	370.484	947.852	
35.0384	370.362	948.136	
34.0592	370.471	947.387	
33.7576	370.495	947.703	
34.2865	370.444	947.318	
34.2097	370.426	947.639	
33.6842	370.398	948.065	
33.5203	370.409	947.792	
33.0692	370.416	948.2	
32.8619	370.481	947.902	
32.7309	370.435	947.959	
32.4943	370.506	948.263	
33.1786	370.457	948.48	
33.9353	370.43	948.209	
-63.2696	330.19	1155.29	
-63.2696	330.19	1155.29	
-51.401	333.981	1148.17	
-60.974	332.631	1142.9	
-61.5523	332.522	1142.6	
-61.5164	332.455	1143.12	
-61.3022	332.457	1143.49	
-61.576	332.361	1143.72	
-62.2077	332.188	1143.84	
-63.1806	331.763	1144.75	
-63.8862	331.67	1144.18	
-63.2976	332.064	1142.25	
-63.0373	332.304	1141.06	
-62.5083	332.162	1143.27	
-62.2802	331.965	1145.42	
-60.2612	332.076	1148.38	
-62.2839	331.545	1148.88	
-64.6637	330.603	1150.38	
-66.2671	330.287	1149.65	
-67.7919	330.411	1146.21	
-69.6485	330.192	1143.21	
-73.6398	329.363	1139.75	
-77.8964	328.106	1137.69	
-84.4949	325.714	1136.85	
-94.3005	321.817	1135.05	
-102.644	317.783	1134.39	
-108.22	314.787	1133.65	
-112.101	312.71	1132.41	
-116.231	310.31	1131.14	
-119.632	308.103	1130.46	
-123.042	305.998	1127.92	
-124.452	305.01	1125.79	
-125.195	304.571	1124.83	
-126.416	303.664	1124.69	
-127.408	302.936	1124.2	
-128.546	302.208	1122.31	
-128.916	301.936	1121.41	
-128.613	302.073	1121.36	
-128.76	301.908	1121.57	
-128.352	302.255	1120.94	
-126.365	303.667	1121.51	
-124.213	305.292	1121.2	
-122.219	306.667	1121.87	
-120.304	307.969	1122.7	
-118.154	309.367	1123.01	
-115.451	311.135	1122.43	
-113.831	312.109	1122.66	
-112.849	312.695	1122.76	
-111.462	313.529	1122.64	
-109.42	314.707	1122.51	
-106.882	316.095	1123.21	
-104.767	317.35	1122.74	
-102.601	318.469	1123.58	
-100.658	319.414	1124.15	
-98.6699	320.402	1124.46	
-96.8908	321.215	1125.53	
-95.1722	322.008	1126.25	
-93.3074	322.826	1127.06	
-91.0778	323.874	1127.16	
-88.846	324.898	1126.97	
-87.121	325.484	1128.41	
-86.2939	325.796	1129.16	
-85.9043	325.905	1130.39	
-84.8487	326.31	1130.96	
-83.354	326.863	1131.26	
-81.0568	327.775	1130.79	
-79.0857	328.437	1131.18	
-77.8032	328.857	1131.54	
-77.2628	329.018	1132.41	
-76.3112	329.274	1132.95	
-74.8554	329.884	1132.03	
-72.6544	330.532	1132.41	
-70.7448	331.115	1132.5	
-69.2601	331.564	1132.64	
-68.3117	331.737	1133.7	
-67.4614	332.005	1133.74	
-66.7976	332.14	1134.02	
-65.3882	332.546	1134.1	
-63.5693	333.04	1133.92	
-62.0526	333.423	1133.83	
-61.4418	333.55	1133.88	
-60.9632	333.689	1133.8	
-60.0189	333.936	1133.67	
-59.0301	334.173	1133.51	
-57.8129	334.515	1132.79	
-56.0438	334.826	1133.36	
-54.5855	335.158	1133.31	
-52.768	335.57	1133	
-51.5619	335.706	1133.42	
-50.7844	335.88	1133.24	
-50.5708	335.988	1133.08	
-49.4239	336.097	1134.05	
-48.4126	336.357	1133.84	
-46.4834	336.526	1135.05	
-44.3687	336.881	1135.05	
-42.2441	337.103	1135.59	
-40.4845	337.377	1135.64	
-39.0189	337.459	1136.63	
-37.4737	337.6	1136.93	
-36.4243	337.763	1136.74	
-34.8507	337.925	1136.87	
-33.6891	337.928	1137.49	
-32.165	338.093	1137.26	
-30.3778	338.312	1136.46	
-28.2641	338.363	1136.78	
-26.9483	338.537	1136.53	
-25.8349	338.499	1137.19	
-24.5997	338.596	1136.92	
-23.6522	338.529	1137.83	
-22.2869	338.583	1137.77	
-20.5902	338.619	1137.87	
-18.8021	338.671	1137.68	
-17.4749	338.75	1137.01	
-16.2549	338.634	1137.96	
-15.4195	338.596	1138.53	
-13.3763	338.597	1138.47	
-10.6368	338.404	1139.21	
-8.04167	338.38	1138.79	
-6.01627	338.204	1139.34	
-3.79569	337.978	1139.91	
-1.4694	337.882	1139.34	
0.760766	337.536	1140.33	
2.95604	337.42	1139.89	
5.00306	336.957	1141.36	
6.94362	336.826	1140.88	
8.25882	336.533	1141.54	
9.65498	336.358	1141.45	
11.3128	336.048	1141.67	
12.5346	335.794	1142.07	
14.1113	335.576	1141.7	
16.1793	335.257	1141.47	
17.8928	334.93	1141.54	
19.769	334.638	1140.99	
20.8595	334.27	1141.89	
21.2226	334.163	1142.36	
22.4824	333.752	1143.27	
24.1774	333.446	1142.86	
26.1417	332.987	1142.92	
28.4249	332.609	1142.4	
31.5372	331.761	1141.92	
35.0246	330.807	1141.43	
38.4118	329.686	1141.76	
41.3612	328.751	1141.67	
44.2048	327.956	1140.54	
46.5264	327.099	1140.61	
47.9572	326.492	1141.34	
49.6665	325.781	1141.87	
52.0418	324.862	1141.69	
54.1851	323.9	1142.06	
55.8669	323.246	1141.82	
57.0851	322.726	1141.98	
58.2655	322.009	1143.41	
59.8813	321.01	1145.07	
62.2678	319.95	1145.3	
64.6716	318.733	1145.74	
67.8809	317.003	1146.13	
70.9293	315.512	1145.81	
73.6429	313.778	1146.98	
75.9373	312.383	1147.43	
77.7546	311.156	1148.11	
79.2961	310.272	1148.24	
80.5557	309.096	1150.26	
81.6634	308.105	1152.01	
81.6979	307.277	1155.64	
80.1323	307.356	1159.87	
77.4898	307.723	1164.81	
74.1966	308.279	1169.76	
70.478	309.121	1174.18	
66.3898	309.966	1178.2	
61.5156	311.317	1181.36	
55.5059	313.183	1184.14	
48.1327	315.026	1187.43	
41.5056	317.352	1188.07	
34.0616	319.092	1189.82	
27.6244	320.541	1190.81	
22.4085	321.742	1191.22	
17.7186	322.773	1191.3	
13.5377	323.528	1191.39	
9.64864	324.072	1191.55	
4.93652	324.999	1190.95	
-1.21805	325.725	1190.98	
-6.69768	325.97	1191.35	
-11.4965	326.627	1190.34	
-15.5824	327.04	1189.51	
-19.2951	327.041	1189.26	
-23.1012	327.532	1187.78	
-27.2902	327.852	1186.41	
-32.1528	327.888	1185.26	
-36.0172	328.061	1183.74	
-40.0276	328.3	1181.78	
-42.7736	328.088	1180.92	
-45.3354	328.917	1177.23	
-46.4605	330.156	1172.6	
-46.569	331.491	1167.45	
-45.3746	333.24	1160.56	
-42.4147	334.926	1153.74	
-41.2768	336.283	1146.29	
-40.613	337.002	1140.5	
-40.883	337.587	1133.92	
-41.6741	337.611	1129.05	
-43.4394	337.535	1123.85	
-46.0524	337.076	1121.44	
-50.4419	336.305	1119.43	
-56.1131	335.146	1117.5	
-62.3544	333.668	1115.68	
-67.8017	332.17	1115.07	
-74.2839	330.185	1114.94	
-80.8179	327.937	1114.35	
-87.113	325.503	1114.49	
-93.8906	322.564	1114.36	
-99.9734	319.672	1114.42	
-104.883	317.106	1114.54	
-109.174	314.701	1113.68	
-113.601	312.053	1112.72	
-116.905	309.945	1112.09	
-119.031	308.504	1111.1	
-119.975	307.798	1110.95	
-120.81	307.279	1110.66	
-120.426	307.532	1110.5	
-120.136	307.738	1111.07	
-120.176	307.714	1111.43	
-120.309	307.614	1111.07	
-119.848	307.891	1111.44	
-118.576	308.745	1110.62	
-115.553	310.647	1109.88	
-108.962	314.629	1110.46	
-98.1337	320.467	1112.8	
-83.814	326.729	1114.11	
-70.679	331.263	1114.23	
-59.4576	334.335	1116.2	
-50.9192	336.221	1118.34	
-42.898	337.532	1121.07	
-35.3394	338.446	1122.83	
-29.2142	338.838	1124.18	
-25.7074	339.018	1124.3	
-24.9378	338.898	1126.06	
-26.2756	338.849	1125.96	
-26.7292	338.782	1126.66	
-27.87	338.665	1128.19	
-31.0512	338.364	1130.65	
-34.5616	337.841	1133.74	
-37.8574	337.622	1133.28	
-38.6277	337.473	1133.67	
-38.8265	337.546	1132.9	
-39.3509	337.391	1133.19	
-40.0334	337.53	1131.18	
-39.5223	337.535	1131.14	
-38.6402	337.575	1131.87	
-37.9523	337.792	1130.67	
-38.282	337.67	1131.29	
-39.804	337.471	1131.87	
-40.7832	337.276	1132.34	
-40.7638	337.31	1131.97	
-39.9404	337.42	1131.74	
-39.6977	337.48	1131.45	
-39.9604	337.433	1131.52	
-39.9489	337.391	1132.14	
-39.6605	337.514	1131.67	
-39.3829	337.532	1131.53	
-39.7124	337.524	1130.82	
-132.481	289.445	1363.88	
-131.485	290.14	1363.53	
-101.7	301.061	1359.36	
-162.94	274.907	1358.48	
-162.099	272.447	1365.77	
-161.281	270.866	1371.15	
-155.964	271.773	1376.4	
-147.028	277.016	1377.11	
-135.814	282.049	1378.88	
-123.246	285.552	1382.87	
-98.1284	292.016	1385.16	
-87.8906	295.128	1383.31	
-89.6477	294.867	1383.08	
-90.7502	294.979	1382.66	
-91.901	294.657	1382.78	
-93.8656	294.773	1381.83	
-95.922	294.547	1381.57	
-96.8067	293.821	1382.59	
-97.4491	293.973	1382.13	
-97.1851	294.046	1382.17	
-97.4663	294.203	1381.66	
-97.5869	294.245	1381.5	
-98.774	294.434	1380.55	
-102.435	293.957	1379.75	
-107.384	293.51	1377.58	
-112.281	293.615	1373.88	
-135.234	289.137	1362.55	
-134.081	288.105	1366.64	
-124.19	290.699	1371.13	
-114.669	291.235	1377.5	
-97.4568	294.166	1381.73	
-89.3542	294.49	1384.48	
-85.697	294.413	1385.99	
-81.7274	294.631	1386.44	
-77.1635	294.546	1387.52	
-72.5044	294.663	1388.1	
-68.8416	294.963	1387.86	
-66.8375	294.545	1388.69	
-64.9641	294.888	1388.61	
-62.7075	294.559	1388.98	
-60.7783	294.553	1389.05	
-58.4552	294.588	1388.96	
-56.6486	294.669	1388.74	
-50.1698	293.337	1390.28	
-45.3265	293.46	1389.48	
-42.8121	293.103	1389.51	
-39.4582	292.519	1389.49	
-33.1637	291.929	1388.65	
-19.5495	289.408	1387.38	
-42.5513	291.996	1391.36	
-49.7316	292.141	1392.33	
-53.9161	293.068	1391.19	
-55.0348	293.011	1391.34	
-53.9046	292.955	1391.38	
-53.4241	293.281	1390.86	
-50.7224	292.798	1391.66	
-44.815	290.618	1394.66	
-37.0577	288.434	1396.8	
-31.4816	285.658	1399.87	
-27.9565	284.086	1401.28	
-25.422	282.387	1402.94	
-25.4476	282.343	1403.04	
-25.1639	282.01	1403.23	
-24.37	281.713	1403.37	
-23.6627	281.355	1403.57	
-23.7798	281.31	1403.65	
-23.4305	280.892	1404.08	
-23.0476	281.22	1403.55	
-23.1679	280.934	1404	
-22.7184	280.914	1403.77	
-22.3244	281.025	1403.41	
-22.2095	280.673	1403.81	
-21.7468	280.977	1403.23	
-21.7292	281.225	1402.88	
-22.6067	281.645	1402.8	
-22.8583	281.697	1402.72	
-25.393	283.347	1402.17	
-29.7294	283.085	1403.28	
-34.8246	285.239	1401.48	
-40.1944	286.987	1399.85	
-46.674	289.125	1397.55	
-53.4747	289.953	1396.89	
-60.4126	290.808	1395.67	
-67.5743	291.674	1393.86	
-82.9203	293.075	1389.07	
-89.5109	293.028	1387.13	
-103.679	291.674	1383.58	
-121.153	287.944	1379.77	
-131.261	283.489	1379.7	
-140.952	280.621	1376.26	
-152.419	276.381	1370.75	
-155.899	277.536	1363.88	
-89.7974	300.191	1370.97	
-78.7422	301.048	1372.63	
-55.0049	297.593	1382.04	
-54.9406	297.534	1382.21	
-55.5495	298.001	1381.31	
-56.8544	296.943	1383.32	
-61.0052	297.728	1381.66	
-66.3058	298.159	1380.47	
-112.401	294.23	1371.44	
-149.29	282.26	1361.43	
21.0806	173.224	899.062	
21.0806	173.224	899.062	
21.3903	173.185	899.022	
22.0771	172.49	898.992	
22.3816	172.501	899.083	
22.5109	172.469	898.965	
22.5109	172.432	898.973	
22.4656	172.43	899.085	
22.3829	172.291	899.066	
22.488	172.291	898.995	
22.434	172.337	899.06	
22.1082	172.259	899.102	
21.8944	172.47	899.167	
21.9958	172.25	899.142	
22.2098	172.081	899.049	
22.0605	171.813	899.128	
22.0221	171.869	899.279	
22.4703	171.599	899.246	
22.7145	171.427	899.187	
22.6139	171.561	899.222	
22.7688	171.636	899.098	
22.955	171.676	899.125	
23.3293	171.46	898.975	
23.311	171.212	899.206	
23.2811	171.255	899.141	
23.2317	171.403	898.844	
22.8218	171.419	898.897	
22.4287	171.515	899.01	
22.2935	171.726	898.911	
21.8723	171.936	898.924	
21.3223	171.996	899.012	
21.2727	172.103	899.019	
21.3377	172.101	899.079	
21.1306	172.034	899.088	
20.693	172.181	899.171	
20.6011	172.534	898.88	
20.4838	172.875	899.171	
20.6694	172.968	898.975	
20.6926	173.022	899.01	
20.8998	173.083	898.774	
20.9669	173.17	898.895	
20.908	173.173	898.864	
20.9733	173.118	898.663	
20.8798	173.133	898.797	
20.881	173.354	898.701	
20.6145	173.654	898.825	
20.7794	174.013	898.727	
20.6527	174.14	898.619	
20.5031	174.148	898.623	
20.2599	174.287	898.786	
21.0809	174.605	898.56	
21.2036	174.8	898.455	
21.1738	174.826	898.386	
21.4557	175.056	898.294	
21.2723	175.215	898.367	
21.3051	175.491	898.259	
21.2609	175.692	898.267	
21.4222	175.938	898.236	
21.9342	176.226	898.049	
22.0525	176.55	898.103	
22.0907	176.727	897.985	
21.9751	177.001	898.093	
21.9457	177.284	898.073	
22.2125	177.464	898.022	
22.5005	177.444	897.916	
22.5091	177.315	897.956	
22.4021	177.44	897.963	
22.5985	177.78	897.809	
22.7272	178.069	897.673	
22.3056	178.256	897.841	
21.9875	178.369	897.972	
22.4782	178.569	897.716	
22.5883	178.654	897.818	
22.8172	178.752	897.738	
23.1055	178.781	897.719	
23.3262	178.84	897.71	
23.0671	179.008	897.767	
22.8222	179.106	897.807	
22.9808	179.304	897.813	
23.2921	179.441	897.697	
23.7167	179.589	897.595	
24.0526	179.67	897.523	
23.9968	179.701	897.674	
24.1985	179.618	897.589	
24.7299	179.599	897.503	
24.3762	179.828	897.691	
24.0375	179.991	897.587	
23.5396	180.187	897.587	
23.4472	180.498	897.602	
23.1858	180.702	897.74	
22.7504	180.941	897.673	
22.067	181.077	897.602	
21.5007	181.381	897.689	
20.8636	181.621	897.784	
20.4396	181.939	897.828	
20.1277	182.107	897.96	
20.0193	182.183	897.926	
20.436	182.173	897.79	
20.3004	182.473	897.821	
20.1933	182.76	897.771	
20.2576	183.108	897.846	
20.5419	183.354	897.53	
20.5027	183.658	897.639	
20.8302	183.859	897.692	
20.9701	183.96	897.561	
20.8738	184.083	897.638	
20.8785	184.401	897.68	
20.7133	184.617	897.549	
20.4486	184.888	897.614	
20.4322	185.087	897.591	
20.2861	185.422	897.742	
20.3861	185.736	897.717	
20.1297	186.038	897.845	
20.2718	186.293	897.613	
20.0971	186.429	897.621	
20.0665	186.738	897.85	
20.1059	186.782	897.658	
20.1783	186.805	897.605	
20.1299	186.998	897.771	
20.4045	186.796	897.649	
20.5168	186.788	897.605	
20.5049	186.86	897.59	
20.5295	186.971	897.719	
20.8471	186.865	897.54	
20.7177	187.086	897.603	
20.642	187.141	897.666	
20.7422	186.982	897.612	
20.7235	186.871	897.637	
20.6658	186.866	897.699	
20.8353	186.338	897.744	
21.1411	185.536	897.656	
21.8832	184.608	897.38	
22.2778	183.922	897.548	
22.6376	183.333	897.519	
22.5052	182.901	897.474	
21.7299	182.568	897.466	
20.9247	182.205	897.646	
21.706	181.64	897.714	
21.1387	181.053	897.659	
21.169	180.297	897.681	
21.3236	179.81	897.693	
21.4563	179.166	897.684	
21.2754	179.052	898	
21.2889	178.436	897.888	
21.1221	178.127	897.863	
20.3867	177.585	898.143	
20.1807	177.199	898.241	
20.6768	176.877	898.238	
21.205	176.4	898.055	
21.3597	175.982	898.07	
21.7643	175.84	898.001	
21.6942	175.598	898.14	
21.9109	175.203	898.051	
21.914	174.787	898.241	
22.2651	174.435	898.261	
22.5727	174.047	898.331	
22.8806	173.763	898.331	
23.1989	173.594	898.385	
23.6173	173.318	898.097	
24.0644	173.218	898.313	
24.5244	172.925	898.286	
24.6403	172.639	898.394	
24.6778	172.515	898.288	
24.6549	172.437	898.384	
25.1255	172.409	898.434	
25.532	172.237	898.411	
25.9385	172.178	898.439	
26.2024	172.116	898.447	
26.5362	172.147	898.263	
26.6526	172.094	898.403	
27.1271	172.008	898.452	
27.6965	171.917	898.502	
28.3092	171.855	898.367	
28.3761	171.597	898.341	
28.6107	171.493	898.322	
28.5851	171.39	898.451	
28.6244	171.405	898.293	
28.2673	171.469	898.269	
27.5134	171.766	898.346	
27.0248	172.18	898.237	
26.2721	172.442	898.266	
25.1765	172.714	898.268	
24.5516	173.204	898.205	
23.9047	173.811	898.196	
22.9651	174.226	898.258	
22.0774	174.718	898.24	
21.4735	175.45	898.218	
20.8044	176.378	898.222	
20.4117	177.48	898.397	
20.288	177.973	898.36	
20.1016	178.133	898.29	
19.983	178.287	898.261	
19.9329	178.708	898.443	
19.8977	178.574	898.29	
20.1888	178.806	898.147	
20.1641	178.933	898.183	
20.741	179.04	898.119	
20.8311	179.125	898.216	
21.0338	178.941	897.947	
21.467	178.76	898.017	
21.607	178.36	898.237	
21.8802	177.926	898.089	
21.7008	177.508	898.23	
21.8958	177.217	898.172	
21.816	177.108	898.18	
21.4005	177.094	898.125	
21.0378	177.279	898.276	
21.145	177.186	898.194	
21.4081	177.051	898.235	
21.4807	176.695	898.361	
21.9025	176.574	898.141	
21.897	176.445	898.221	
21.8856	176.422	898.296	
21.8929	176.434	898.224	
21.7088	176.492	898.305	
21.8143	176.327	898.255	
-12.3054	148.605	1078.99	
-12.3054	148.605	1078.99	
-12.6554	148.967	1079.15	
-13.6033	148.035	1079.31	
-13.2997	148.244	1079.19	
-13.373	148.288	1079.27	
-13.3505	148.187	1079.17	
-13.3846	148.101	1079.2	
-13.3465	148.205	1079.22	
-13.3775	148.194	1079.21	
-13.5439	148.058	1079.29	
-13.5009	147.905	1079.3	
-13.3668	147.997	1079.33	
-13.108	148.292	1079.29	
-13.1253	148.206	1079.25	
-13.1887	148.022	1079.23	
-13.0545	147.809	1079.23	
-12.8873	147.337	1079.41	
-12.7488	146.79	1079.28	
-12.5136	146.548	1079.39	
-12.093	146.561	1079.36	
-12.2312	146.357	1079.49	
-12.0271	146.22	1079.44	
-11.8717	146.053	1079.46	
-11.9045	145.675	1079.54	
-11.6701	145.428	1079.58	
-11.5424	145.188	1079.57	
-11.5152	145.127	1079.61	
-11.422	145.063	1079.58	
-11.5241	144.925	1079.59	
-11.804	144.772	1079.64	
-11.5724	145.04	1079.57	
-11.4763	145.132	1079.64	
-11.3664	145.052	1079.66	
-11.2046	145.043	1079.72	
-11.5163	144.83	1079.72	
-11.8855	144.829	1079.65	
-12.0874	144.909	1079.59	
-12.3393	144.928	1079.62	
-12.6558	145.009	1079.67	
-12.541	145.01	1079.4	
-12.855	145.032	1079.5	
-13.3241	145.137	1079.64	
-13.1684	145.572	1079.44	
-13.2342	145.932	1079.35	
-13.291	146.193	1079.37	
-13.3367	146.436	1079.17	
-13.6944	146.762	1079.42	
-14.1205	146.972	1079.29	
-14.4994	147.318	1079.34	
-14.5904	147.466	1079.08	
-14.9428	147.613	1079.34	
-14.6732	147.836	1079.17	
-14.9689	147.777	1079.08	
-15.5466	147.749	1079.28	
-16.064	147.715	1079.25	
-16.7913	147.568	1079.05	
-17.4902	147.53	1079.31	
-17.7533	147.653	1079.12	
-17.5271	148.135	1079.19	
-17	148.627	1079.05	
-16.9721	149.021	1079.03	
-17.4253	149.181	1079.17	
-17.2616	149.207	1079.09	
-17.328	149.429	1079.27	
-17.7525	149.547	1079.22	
-17.389	149.599	1078.77	
-16.9431	149.796	1078.83	
-16.7407	150.043	1078.9	
-16.978	150.208	1079.16	
-16.502	150.39	1078.94	
-16.4133	150.552	1079.11	
-16.1734	150.661	1079.16	
-16.2957	150.778	1079.25	
-16.0625	150.893	1079.24	
-15.8409	151.039	1079.3	
-15.8365	151.19	1079.13	
-15.9857	151.339	1079.07	
-16.0675	151.435	1079.15	
-16.1321	151.494	1079.1	
-16.1621	151.587	1079.11	
-15.9904	151.748	1079.07	
-15.8778	151.829	1079	
-15.8475	151.902	1079.14	
-15.9002	151.902	1079.23	
-15.9234	151.913	1079.22	
-16.1513	151.864	1079.21	
-15.975	151.85	1079.04	
-16.0014	151.847	1079.07	
-15.9945	151.951	1079.12	
-16.1873	152.096	1079.28	
-15.6827	152.171	1078.99	
-15.6131	152.414	1079.3	
-15.5104	152.476	1079.18	
-15.5277	152.563	1079.12	
-15.5808	152.707	1079.09	
-15.5719	152.815	1079.05	
-15.8122	152.923	1079.19	
-15.6255	152.919	1079.07	
-15.5471	152.961	1079.03	
-15.5842	153.056	1079.08	
-15.3788	153.24	1079.29	
-15.53	153.291	1079.18	
-15.1727	153.362	1079.03	
-15.2303	153.512	1079.25	
-15.285	153.549	1079.28	
-15.07	153.635	1079.27	
-15.0919	153.734	1079.26	
-14.9885	153.994	1079.29	
-15.0671	154.145	1079.23	
-15.0288	154.291	1079.27	
-14.9571	154.477	1079.32	
-14.994	154.568	1079.18	
-15.043	154.706	1079.39	
-15.1809	154.983	1079.24	
-16.8704	156.122	1079.09	
-17.0996	156.354	1079.12	
-17.3606	156.594	1078.95	
-17.4166	156.903	1079	
-17.4932	157.173	1079.03	
-17.6207	157.234	1079.04	
-17.6501	157.345	1079	
-17.4521	157.35	1078.78	
-17.7192	157.62	1079.13	
-17.6771	157.695	1079.04	
-17.4383	157.782	1078.95	
-17.513	158.123	1079.09	
-17.6011	158.505	1079.08	
-17.8011	158.947	1079.16	
-17.8655	159.255	1079.3	
-17.8222	159.444	1079.11	
-17.6886	159.557	1079.23	
-17.8056	159.741	1079.26	
-17.7892	159.898	1079.3	
-17.8666	159.976	1079.14	
-18.0933	160.08	1079.27	
-18.1633	160.135	1079.43	
-18.2126	160.175	1079.39	
-18.176	160.188	1079.33	
-18.0952	160.233	1079.33	
-18.0606	160.327	1079.41	
-18.1288	160.339	1079.25	
-18.0775	160.46	1079.32	
-18.0206	160.538	1079.26	
-17.8916	160.517	1079.25	
-17.9301	160.587	1079.34	
-17.8284	160.59	1079.33	
-17.7502	160.627	1079.36	
-17.6619	160.681	1079.39	
-17.5778	160.659	1079.32	
-17.5022	160.692	1079.33	
-17.5138	160.7	1079.37	
-17.4196	160.633	1079.39	
-17.4693	160.56	1079.27	
-17.4623	160.597	1079.39	
-17.3684	160.531	1079.3	
-17.4488	160.536	1079.35	
-17.4856	160.503	1079.37	
-17.5245	160.457	1079.31	
-17.2338	160.218	1079.27	
-16.8734	159.899	1079.23	
-16.8437	159.638	1079.31	
-16.611	159.214	1079.13	
-16.8596	158.997	1079.18	
-17.015	158.632	1079.16	
-16.7158	158.128	1079.04	
-16.5226	157.748	1079.07	
-16.6998	157.461	1078.94	
-16.9367	157.106	1079.13	
-16.9928	156.674	1079.12	
-17.139	156.042	1078.71	
-17.5529	156.019	1078.96	
-18.4343	155.437	1078.93	
-18.386	154.829	1078.95	
-18.1981	154.317	1079.17	
-17.9777	153.8	1079.06	
-18.0702	153.381	1078.96	
-18.7675	152.996	1079.13	
-18.8818	152.803	1079.01	
-19.2094	152.614	1079.07	
-19.1345	152.5	1078.96	
-19.251	152.363	1078.93	
-19.4889	152.208	1078.93	
-19.5456	152.169	1078.97	
-19.8257	152.051	1079.07	
-20.0509	151.788	1079.08	
-19.7897	151.554	1079.04	
-19.732	151.229	1079.08	
-19.7758	150.916	1079.06	
-19.7518	150.342	1079.16	
-19.4604	149.629	1079.01	
-19.0347	148.823	1079.21	
-18.4983	148.139	1079.24	
-17.4025	147.79	1079.21	
-17.079	147.133	1079.31	
-16.7186	146.6	1079.17	
-16.5509	146.229	1079.34	
-17.0372	145.934	1079.45	
-17.8287	145.904	1079.26	
-17.8612	146.711	1079.09	
-17.7617	147.637	1078.96	
-18.8536	148.104	1079.13	
-19.9442	148.486	1079.04	
-20.3937	149.266	1079	
-20.3034	149.726	1078.97	
-20.8663	149.857	1079	
-20.7211	149.882	1078.99	
-20.0781	150.036	1079.09	
-19.9987	150.151	1078.95	
-19.7735	150.299	1078.95	
-18.9336	150.506	1078.76	
-19.2366	150.863	1078.85	
-19.3639	151.134	1078.93	
-19.3858	151.072	1078.83	
-19.4061	150.793	1078.83	
-19.6447	150.76	1078.85	
-19.6488	150.814	1078.85	
-19.6947	150.817	1078.99	
-19.6442	150.823	1078.96	
-19.6746	150.836	1078.89	
-19.6399	150.888	1078.88	
-19.7587	150.908	1078.87	
-19.9136	150.941	1079.01	
-19.6492	150.963	1078.92	
-19.6222	150.946	1078.9	
-19.6157	150.913	1078.82	
-19.5614	150.934	1078.75	
-19.6308	150.896	1078.8	
-19.6278	150.909	1078.82	
-19.7273	150.936	1078.88	
-19.7623	150.896	1078.84	
-19.9654	150.87	1078.95	
-19.9075	150.934	1078.94	
-19.91	150.884	1078.9	
-19.8253	150.886	1078.86	
-19.9154	150.831	1078.95	
-19.9033	150.864	1078.92	
-19.876	150.868	1078.88	
-19.889	150.796	1078.95	
-59.9749	138.039	1262.08	
-60.5413	140.94	1263.49	
-60.6402	141.789	1263.46	
-60.8506	142.583	1264.13	
-60.7694	143.419	1264.14	
-60.8617	143.962	1264.55	
-60.691	144.553	1264.7	
-60.8797	144.625	1264.66	
-60.8866	144.643	1264.62	
-60.8653	144.625	1264.52	
-60.8577	144.687	1264.67	
-60.8705	144.654	1264.75	
-60.8334	144.605	1264.65	
-60.9217	144.495	1264.56	
-60.948	144.379	1264.52	
-60.9026	144.052	1264.34	
-60.4284	143.192	1264.24	
-60.3933	142.279	1263.76	
-60.0753	141.356	1263.59	
-59.7271	140.869	1263.26	
-59.9746	138.242	1262.87	
-60.0275	138.107	1262.77	
-60.5667	138.718	1262.47	
-61.426	140.767	1263.6	
-61.8664	141.399	1263.32	
-62.0273	141.864	1263.54	
-62.3635	142.349	1264.1	
-62.2148	142.759	1264.22	
-61.9944	142.959	1264.1	
-61.8171	143.146	1264.18	
-61.5264	143.568	1264.08	
-61.833	143.771	1264.44	
-61.9112	143.895	1264.48	
-61.6854	144.204	1264.62	
-61.459	144.524	1264.53	
-61.3702	144.875	1264.72	
-61.3157	145.049	1264.85	
-61.2398	145.285	1264.75	
-61.1677	145.366	1264.93	
-61.0044	145.481	1264.65	
-60.8716	145.479	1264.82	
-60.9498	145.508	1264.93	
-60.7341	145.59	1264.83	
-60.6265	145.63	1264.79	
-60.8021	145.533	1264.86	
-60.9462	145.49	1264.75	
-60.7711	145.449	1264.79	
-60.8386	145.364	1264.68	
-61.0822	145.141	1264.51	
-61.1377	145.011	1264.32	
-61.177	144.741	1264.4	
-61.3439	144.407	1264.23	
-61.4392	144.095	1264.11	
-61.7532	143.741	1263.76	
-61.7691	143.688	1263.82	
-62.3575	143.79	1263.49	
-66.8507	148.667	1265.86	
-66.6569	149.071	1266.13	
-66.4033	149.38	1266.15	
-66.6588	150.063	1266.47	
-66.7072	150.435	1266.81	
-66.4767	151.027	1266.72	
-67.408	151.46	1267.5	
-67.3257	151.632	1267.36	
-67.169	151.74	1267.46	
-67.293	151.571	1267.41	
-67.1905	151.512	1267.18	
-67.0226	151.245	1266.99	
-67.1345	151.109	1267.31	
-66.9308	151.133	1267.29	
-66.6296	151.399	1267.26	
-66.5857	151.749	1267.13	
-66.7295	151.723	1267.5	
-66.6073	151.354	1267.14	
-66.1511	151.256	1266.87	
-68.4022	149.471	1266.21	
-68.488	149.185	1266.19	
-67.9977	148.908	1266.14	
-67.403	148.283	1265.89	
-67.681	147.264	1265.31	
-67.6192	146.148	1264.89	
-67.4875	145.501	1264.85	
-67.3026	145.398	1264.77	
-67.0998	145.057	1264.87	
-66.8752	144.708	1264.66	
-66.77	144.319	1264.59	
-66.6874	144.101	1264.55	
-66.6663	143.888	1264.4	
-66.6241	143.845	1264.38	
-66.553	143.738	1264.46	
-66.3384	143.699	1264.15	
-66.2897	143.584	1264.48	
-66.0729	143.681	1264.33	
-66.0187	143.616	1264.44	
-65.5057	143.725	1264.42	
-64.8539	143.823	1264.25	
-64.1917	143.661	1264.51	
-63.7857	143.58	1264.12	
-63.4737	143.208	1264.12	
-62.1352	143.25	1264.37	
-60.7665	143.534	1264.11	
-60.3418	143.576	1264.17	
-59.6094	143.669	1264.26	
-59.6134	143.721	1264.06	
-59.6546	143.778	1264.4	
-59.6408	143.792	1264.2	
-59.4614	143.91	1264.04	
-59.6692	143.679	1264.62	
-59.6618	143.599	1264.37	
-95.9946	-150.775	1060.62	
-95.9946	-150.775	1060.62	
-96.0188	-150.777	1060.57	
