null

	[-279.532125568664, 255.9120288985353, 968.0851425023469]
	[-279.532125568664, 255.9120288985353, 968.0851425023469]
	[-279.0461501045838, 255.9368060075252, 968.0630856983362]
	[-279.9064847950081, 255.8227243770797, 969.3485350437404]
	[-279.3760642136834, 255.8988708822864, 968.5449519505]
	[-279.3393045200343, 255.893411700121, 968.8158384723724]
	[-279.6192233802597, 255.8937859380557, 968.6512624962498]
	[-280.0584854054236, 255.8366063759953, 969.1608582463692]
	[-279.7836822150063, 255.8781349285933, 968.7322446450876]
	[-279.6427934491217, 255.8807598543351, 968.2970750733896]
	[-279.7798766456618, 255.8733513438526, 968.8410259475659]
	[-279.4210174732724, 255.898978565565, 968.6094680976553]
	[-279.7730766187289, 255.8552087368707, 969.0351190639163]
	[-279.2100215869777, 255.9456451348797, 967.9393583313306]
	[-279.9507864331678, 255.8545087164861, 968.8910046017606]
	[-279.6192233802597, 255.8937859380557, 968.6512624962498]
	[-279.7798766456618, 255.8733513438526, 968.8410259475659]
	[-279.3539203650018, 255.8889564645573, 968.831408487059]
	[-279.3254956296228, 255.8932554969215, 968.8889457581924]
	[-280.0136770233138, 255.8043637126137, 969.6177768841098]
	[-278.9581570190367, 255.9827447446156, 967.4572561245942]
	[-279.6192233802597, 255.8937859380557, 968.6512624962498]
	[-279.1299975160871, 255.9562285200426, 967.9168773117876]
	[-279.324977970464, 255.892080358124, 968.7914904052188]
	[-278.8635996003728, 255.9548853412073, 968.0818203196558]
	[-279.8558959699376, 255.8573519359691, 968.8504451283442]
	[-279.3180698139003, 255.9291143911079, 968.2087908400646]
	[-279.6498629498534, 255.8882863490743, 968.7539110935909]
	[-279.2377099170051, 255.9398035765376, 968.1852959815908]
	[-279.9057866658439, 255.8286716089288, 969.3069138049742]
	[-279.4794464754606, 255.919603687593, 968.133002384594]
	[-279.7351621776689, 255.8416409508681, 969.297694875026]
	[-279.1713594613191, 255.9591995304837, 967.8701532576979]
	[-279.1493533355402, 255.9436302662838, 967.8773016274992]
	[-278.8869266801874, 255.9606866239087, 967.8116952853113]
	[-279.4907801978673, 255.8929036824102, 968.3408275202111]
	[-278.8964493081963, 255.8996387594611, 968.7111286409526]
	[-279.2708733558238, 255.9140474751281, 968.491863442846]
	[-278.8937135220905, 255.9845068911198, 967.3341793320481]
	[-279.1819548048272, 255.9500722319131, 967.9974153419812]
	[-279.4349191439207, 255.8890969294997, 968.5895245501953]
	[-279.9853766026432, 255.8085731916338, 969.6753876468479]
	[-279.3430335005679, 255.9399744687377, 967.9778402214272]
	[-278.877029811283, 255.9341029776178, 968.0502625564782]
	[-279.5703377980061, 255.9011475612698, 968.4268666499872]
	[-279.0812614638109, 255.9426943518914, 967.9332837908369]
	[-279.126767811532, 255.9291431120416, 968.3261579207044]
	[-279.5261937259835, 255.8701340189277, 968.8841513891904]
	[-279.4095161216181, 255.9004126253591, 968.4771947431705]
	[-279.6948415855184, 255.8498255597481, 969.0274412089759]
	[-279.0765292802447, 255.9324582153056, 968.3700907727938]
	[-279.024621274636, 255.9621181853741, 967.8970013706927]
	[-279.0436849592913, 255.9888194073218, 967.1205854162414]
	[-279.5261937259835, 255.8701340189277, 968.8841513891904]
	[-279.2705549237592, 255.9426716245968, 967.8130790650699]
	[-279.1131593700968, 255.9185095745302, 968.475656497348]
	[-279.7277327282277, 255.8576953896224, 968.9596348806199]
	[-279.2608587126986, 255.9516414531417, 967.6868721729962]
	[-278.9693553036241, 255.9489813563874, 968.1026804489801]
	[-279.1707508234105, 255.9133112540726, 968.6728436381932]
	[-280.1195071978104, 255.8216080765169, 969.2436671893938]
	[-279.6187928111648, 255.8657633838207, 969.0257004076212]
	[-279.7704974349362, 255.839370027036, 969.0099376042637]
	[-279.0479603463415, 255.9412138294441, 968.0011616738822]
	[-279.199719808683, 255.954725952922, 967.8123530312099]
	[-279.1625544709669, 255.9758444626321, 967.3792684593849]
	[-279.0275596403335, 255.9647491925132, 967.5382248953412]
	[-279.2495353994698, 255.9219699330393, 967.9843528915957]
	[-279.6923886140924, 255.8649474243994, 968.8687704753427]
	[-279.5945581942501, 255.9089469296043, 968.3561486338845]
	[-279.6498629498534, 255.8882863490743, 968.7539110935909]
	[-279.9605587473021, 255.8515195807344, 969.0012787681057]
	[-279.3715940253895, 255.9360976601178, 967.8644361208475]
	[-279.5277155767311, 255.9184489116791, 968.358268888481]
	[-279.1460669842596, 255.9637582120145, 967.8930081671457]
	[-280.0361594617405, 255.8084308727426, 969.6076177176398]
	[-279.9507864331678, 255.8545087164861, 968.8910046017606]
	[-279.4205988224035, 255.9293015233148, 968.0885651924502]
	[-279.3128166508895, 255.9457112282308, 967.8201397331986]
	[-279.2467078452669, 255.9061277765347, 968.5633114215075]
	[-279.5717868849881, 255.8870933525446, 968.3647153356341]
	[-279.6424471565937, 255.9063829472317, 968.1522757992349]
	[-279.7059414502542, 255.8449055178116, 969.2571968039417]
	[-279.4913831192119, 255.9362396352484, 967.6142922990425]
	[-279.5294744068427, 255.8605568148159, 968.9283314935885]
	[-279.6334314966039, 255.8524693912461, 969.1527521914051]
	[-279.3715940253895, 255.9360976601178, 967.8644361208475]
	[-279.9884338021918, 255.7985879541934, 969.7945522296405]
	[-279.0918964699388, 255.9707285869895, 967.5442952532736]
	[-279.7353445068073, 255.8519760336359, 968.8881733023288]
	[-279.3236686350361, 255.9381112826251, 968.0379496247507]
	[-279.5310016946795, 255.8797756419303, 968.8423202627744]
	[-279.5254624254809, 255.9075250661595, 968.617563857813]
	[-279.7351621776689, 255.8416409508681, 969.297694875026]
	[-279.4794464754606, 255.919603687593, 968.133002384594]
	[-279.4154151869043, 255.8862366567718, 968.7062851395802]
	[-279.2149933130551, 255.957661220059, 967.7545890018315]
	[-279.5106874335779, 255.9076390084569, 968.5427000377424]
	[-279.7168469610142, 255.865009803456, 968.562164948275]
	[-279.5009393549236, 255.9185741234205, 968.1118043173452]
	[-279.3984759243065, 255.9198948873083, 968.3749858312801]
	[-279.3128166508895, 255.9457112282308, 967.8201397331986]
	[-279.6948415855184, 255.8498255597481, 969.0274412089759]
	[-279.3202435329242, 255.9548256330764, 967.563482600534]
	[-279.4392439634537, 255.9378854337202, 967.5115440559691]
	[-279.2479561002492, 255.9281772099974, 967.9808857698029]
	[-279.1541319446368, 255.9640690300138, 967.8461039452338]
	[-279.3412413794008, 255.9273387284481, 968.3928678026582]
	[-278.7763650638835, 255.9798652489905, 967.6905331255557]
	[-279.1043061836641, 255.8997074336098, 968.7657383852525]
	[-279.8155025152167, 255.8421311886626, 969.0546780648326]
	[-279.8203222268954, 255.8277939354435, 969.366235806971]
	[-278.7691312439726, 256.0052260946555, 967.375826574862]
	[-279.5521490711508, 255.9124414920892, 968.2377492082476]
	[-279.2318604987284, 255.9545946730748, 967.646966008356]
	[-279.6086223913906, 255.8666367134117, 968.7351823548659]
	[-279.4473535413096, 255.890300617898, 968.8515606052878]
	[-279.5521490711508, 255.9124414920892, 968.2377492082476]
	[-279.1093081891548, 255.938239680319, 967.8758205100554]
	[-279.3984759243065, 255.9198948873083, 968.3749858312801]
	[-279.1018202135729, 255.9606603184206, 967.9748189014898]
	[-279.4566906765141, 255.8881289635888, 968.5683717843606]
	[-279.1552834391919, 255.9247518386465, 968.2686172248926]
	[-279.9211398150641, 255.8705131426786, 968.4720080053107]
	[-279.3984759243065, 255.9198948873083, 968.3749858312801]
	[-278.9954844834877, 255.9650758636268, 967.8570448996903]
	[-279.1995527195585, 255.9170597747241, 968.3278134199812]
	[-280.0877086008725, 255.8212150097153, 968.9705759144958]
	[-279.7328115545506, 255.88793455667, 968.4453995899199]
	[-278.6662332614534, 255.9143765519166, 968.8093164862075]
	[-279.5998282417764, 255.9198516873419, 967.88365839264]
	[-279.2617862465714, 255.9396088405831, 968.0664108150355]
	[-279.1799635968572, 255.9310342330653, 968.1806861019089]
	[-279.199719808683, 255.954725952922, 967.8123530312099]
	[-279.4736253722835, 255.9260510223883, 968.0092769929794]
	[-279.7389941436437, 255.8811340364522, 968.5702311545604]
	[-279.0403825284866, 255.9240068574395, 968.1911824403113]
	[-279.4323590224203, 255.9330321322021, 967.7383766980321]
	[-279.7081949510579, 255.8597785702557, 968.7860705714028]
	[-279.3516744228253, 255.8924121995776, 968.3819814849295]
	[-279.0479603463415, 255.9412138294441, 968.0011616738822]
	[-279.7215613131979, 255.8593101899165, 968.9099343790022]
	[-279.4913831192119, 255.9362396352484, 967.6142922990425]
	[-279.4736253722835, 255.9260510223883, 968.0092769929794]
	[-279.492721063832, 255.8846666016686, 968.6109722236838]
	[-279.3888305214334, 255.9031513570235, 968.1960319892744]
	[-279.7523754789137, 255.8905966284608, 968.3286916917097]
	[-278.7351480415859, 255.9792648884701, 967.3988017266231]
	[-279.3984759243065, 255.9198948873083, 968.3749858312801]
	[-279.2100215869777, 255.9456451348797, 967.9393583313306]
	[-278.9025382547935, 255.9944116594231, 967.412906554189]
	[-279.1932127476922, 255.9091799112417, 968.6415889803123]
	[-278.9852662243708, 255.9432806706552, 967.8394204261053]
	[-279.3149601120256, 255.8530152032296, 969.1952956695347]
	[-279.8564423263294, 255.8426733655973, 969.0487382535621]
	[-279.3539203650018, 255.8889564645573, 968.831408487059]
	[-279.2336341470086, 255.9440238744932, 968.1243716025191]
	[-279.3707052392472, 255.9331451382012, 968.0248707867357]
	[-279.547695842099, 255.8693287086235, 968.8611648619795]
	[-279.9675047286285, 255.8201406313961, 969.2226034628]
	[-279.4215866316152, 255.878229827624, 968.6562044454707]
	[-279.0049683377523, 255.8870370505691, 968.9179020007648]
	[-279.6905925895892, 255.8148210810287, 969.767274443431]
	[-279.0751463416759, 255.9338139518235, 968.1029749395141]
	[-279.4349191439207, 255.8890969294997, 968.5895245501953]
	[-279.684021886626, 255.8875930124694, 968.6578568897218]
	[-279.9064847950081, 255.8227243770797, 969.3485350437404]
	[-279.199719808683, 255.954725952922, 967.8123530312099]
	[-279.2832715008589, 255.9299045972904, 967.8763259605732]
	[-279.4161234436755, 255.8956091127335, 968.2981330135094]
	[-279.0751463416759, 255.9338139518235, 968.1029749395141]
	[-279.1607844421831, 255.9359491707434, 967.9258186713167]
	[-280.0688387604891, 255.8499861953104, 968.7063569894769]
	[-279.2169179051642, 255.9218328986759, 968.1436693406336]
	[-279.5521490711508, 255.9124414920892, 968.2377492082476]
	[-279.3986697157845, 255.891928822722, 968.5195557923606]
	[-279.4482099546835, 255.8758422353317, 968.8459683070976]
	[-279.6583790038667, 255.8906479030344, 968.4034271887502]
	[-279.6334314966039, 255.8524693912461, 969.1527521914051]
	[-279.4064568723568, 255.893452656273, 968.6471043218795]
	[-279.766910524007, 255.8299540796759, 969.339822145109]
	[-278.8869266801874, 255.9606866239087, 967.8116952853113]
	[-279.6890987060095, 255.856847984913, 968.9032074344036]
	[-279.4148305382997, 255.87421371335, 968.9138650865386]
	[-279.169025974711, 255.9415268402943, 967.7525064327268]
	[-279.3224021518556, 255.9272013455208, 968.4846629730001]
	[-279.2581025596922, 255.9408159860568, 967.8879996459893]
	[-279.0479603463415, 255.9412138294441, 968.0011616738822]
	[-279.5075733481872, 255.881762796554, 968.694262701286]
	[-279.4154151869043, 255.8862366567718, 968.7062851395802]
	[-279.5261937259835, 255.8701340189277, 968.8841513891904]
	[-279.5521490711508, 255.9124414920892, 968.2377492082476]
	[-279.1093081891548, 255.938239680319, 967.8758205100554]
	[-279.0751463416759, 255.9338139518235, 968.1029749395141]
	[-279.5873152489424, 255.8674358410575, 968.7584461904636]
	[-279.7132955987066, 255.8582071657896, 968.8871885117006]
	[-279.8211665075777, 255.7868133680357, 969.7254022560784]
	[-279.532125568664, 255.9120288985353, 968.0851425023469]
	[-279.3275687979548, 255.9060501366823, 968.3215627546863]
	[-279.4205988224035, 255.9293015233148, 968.0885651924502]
	[-279.6424471565937, 255.9063829472317, 968.1522757992349]
	[-279.1472279736347, 255.8856183818134, 968.8408092444655]
	[-279.9804173116769, 255.8738792587789, 968.3479695169538]
	[-280.1348178299166, 255.8055465835999, 969.3683540255699]
	[-279.5155493896289, 255.8536850709417, 968.9000016519759]
	[-279.5248418309868, 255.8259484332865, 969.5051285974475]
	[-279.2608587126986, 255.9516414531417, 967.6868721729962]
	[-279.4349191439207, 255.8890969294997, 968.5895245501953]
	[-279.6759646613992, 255.8649682894179, 969.0147559980215]
	[-279.904659507084, 255.8356146555383, 969.2130189708234]
	[-279.8491900363842, 255.8416370593431, 969.0637971372365]
	[-279.2581025596922, 255.9408159860568, 967.8879996459893]
	[-279.4520821078872, 255.8940782565575, 968.6127683522587]
	[-279.3539203650018, 255.8889564645573, 968.831408487059]
	[-279.3860911379609, 255.8919529868756, 968.3976092760743]
	[-279.4912454062039, 255.86860335695, 968.6634347729633]
	[-279.7846332135881, 255.8903617636518, 968.3360574458586]
	[-279.0403825284866, 255.9240068574395, 968.1911824403113]
	[-279.3149488687637, 255.9056366616545, 968.5356491004463]
	[-279.0195671006974, 255.9456339610317, 968.0588676585228]
	[-279.7215613131979, 255.8593101899165, 968.9099343790022]
	[-279.6722032341622, 255.8907604274949, 968.5716744210464]
	[-279.4295352018234, 255.8957650453854, 968.4663993603532]
	[-279.3079150277763, 255.9033532696302, 968.4377941923567]
	[-279.6994811620999, 255.8830298988984, 968.6743416952419]
	[-279.5094149637389, 255.9035971726872, 967.9451132077425]
	[-279.5996627505454, 255.8886345362598, 968.5669565587797]
	[-279.3236686350361, 255.9381112826251, 968.0379496247507]
	[-280.0139930195493, 255.8412276834538, 968.7105168227063]
	[-279.9674116399908, 255.8077122977958, 969.431334268368]
	[-279.6279936691653, 255.8595085132046, 969.0289528974131]
	[-279.4593581906213, 255.9052996564649, 968.4572125785702]
	[-279.2880676637039, 255.8981858880953, 968.35221364175]
	[-279.1299975160871, 255.9562285200426, 967.9168773117876]
	[-279.6334359007154, 255.8706562708705, 968.780593324798]
	[-279.2007559078439, 255.889815179081, 968.5693903543246]
	[-279.1262966512101, 255.9277809198109, 968.2286939488387]
	[-279.8155025152167, 255.8421311886626, 969.0546780648326]
	[-279.3254956296228, 255.8932554969215, 968.8889457581924]
	[-278.9675791446219, 255.9501136437311, 967.8343683294657]
	[-279.0812614638109, 255.9426943518914, 967.9332837908369]
	[-279.3864781828851, 255.8893504067132, 968.6663800347123]
	[-279.7693542004666, 255.8569932683208, 968.6603108130872]
	[-279.0918964699388, 255.9707285869895, 967.5442952532736]
	[-279.3928211799102, 255.9350892665172, 967.8423648603999]
	[-279.6165848511067, 255.8547359572762, 968.8981943442177]
	[-279.3491625187668, 255.9051240713866, 968.2991133512419]
	[-279.0751463416759, 255.9338139518235, 968.1029749395141]
	[-279.6359624950361, 255.888712389258, 968.3470071473381]
	[-279.7353445068073, 255.8519760336359, 968.8881733023288]
	[-280.0136770233138, 255.8043637126137, 969.6177768841098]
	[-279.491490070918, 255.90549880672, 968.2915513888074]
	[-280.0910395788415, 255.8029584083181, 969.5222374341377]
	[-279.126767811532, 255.9291431120416, 968.3261579207044]
	[-279.1884208093897, 255.9249084303297, 968.1100573800931]
	[-279.266974292632, 255.8579712838969, 968.9470895606978]
	[-279.2778114111327, 255.8960688424176, 968.9409025953292]
	[-280.3756759548048, 255.7599849104504, 970.090307822402]
	[-279.717651736721, 255.8387375750657, 969.4518111932907]
	[-278.9298452713736, 255.9872565036623, 967.5151324036804]
	[-279.1873681409959, 255.8925082295036, 968.62886077897]
	[-279.3984759243065, 255.9198948873083, 968.3749858312801]
	[-279.7351621776689, 255.8416409508681, 969.297694875026]
	[-279.1302377589615, 255.9292944465637, 968.2918830861076]
	[-280.0136770233138, 255.8043637126137, 969.6177768841098]
	[-279.2769377335243, 255.9251677623648, 968.0207712231206]
	[-279.3275687979548, 255.9060501366823, 968.3215627546863]
	[-279.1527477809968, 255.9675870475789, 967.4184256093033]
	[-279.5533380572602, 255.8623151075243, 968.9862349081222]
	[-279.1219403347002, 255.9614350449638, 967.6777069567468]
	[-279.0195671006974, 255.9456339610317, 968.0588676585228]
	[-279.7059414502542, 255.8449055178116, 969.2571968039417]
	[-279.4498499361983, 255.9037869619852, 968.1953972688341]
	[-279.4349191439207, 255.8890969294997, 968.5895245501953]
	[-279.635510178693, 255.8475149135764, 969.1903648300942]
	[-280.0837965055414, 255.8054045355365, 969.4833885333136]
	[-279.4794464754606, 255.919603687593, 968.133002384594]
	[-279.7081949510579, 255.8597785702557, 968.7860705714028]
	[-279.4349191439207, 255.8890969294997, 968.5895245501953]
	[-279.1552834391919, 255.9247518386465, 968.2686172248926]
	[-279.6551126899083, 255.8516198300199, 969.1310635983172]
	[-279.4205988224035, 255.9293015233148, 968.0885651924502]
	[-279.1552834391919, 255.9247518386465, 968.2686172248926]
	[-280.0747255557202, 255.7892160540352, 969.7008142822647]
	[-279.0386261343647, 255.9741708332755, 967.6227339567545]
	[-279.5261937259835, 255.8701340189277, 968.8841513891904]
	[-279.766782886883, 255.8454685819781, 968.8622965558301]
	[-279.1879365730735, 255.9248519074532, 968.1037592638454]
	[-279.4349191439207, 255.8890969294997, 968.5895245501953]
	[-279.1262966512101, 255.9277809198109, 968.2286939488387]
	[-279.1062493615258, 255.9272924465531, 968.0768054560036]
	[-279.7163304135382, 255.8489830726503, 969.0054746754563]
	[-278.8585026734041, 255.9651280938115, 967.8693812776465]
	[-279.6553072102888, 255.8308357083795, 969.3868451730567]
	[-279.6759956584318, 255.8500225695408, 968.9346898449744]
	[-279.4736253722835, 255.9260510223883, 968.0092769929794]
	[-279.3929291266618, 255.8435981849639, 969.35482427112]
	[-279.1107696774379, 255.8695716644996, 969.1856982053348]
	[-279.3984759243065, 255.9198948873083, 968.3749858312801]
	[-279.6959218095867, 255.8633333249384, 968.8591083510699]
	[-280.0584854054236, 255.8366063759953, 969.1608582463692]
	[-279.0189581976614, 255.9441864915659, 967.9612814585852]
	[-278.9202442817361, 255.9621436489157, 967.7439030441537]
	[-279.3715940253895, 255.9360976601178, 967.8644361208475]
	[-279.7351621776689, 255.8416409508681, 969.297694875026]
	[-279.5977601935352, 255.9026731526095, 968.326664616901]
	[-279.7068089887364, 255.8458863290194, 969.3552681856412]
	[-279.9550738616987, 255.7926719426023, 969.6852653846747]
	[-279.7506384747444, 255.8765492545834, 968.8005307263935]
	[-279.3352249787702, 255.9111703054731, 968.0964256735384]
	[-279.9505035539091, 255.7992984226265, 969.5003373251058]
	[-279.5745682563362, 255.862390660467, 969.1078039103074]
	[-279.4665455134282, 255.8519118533663, 968.9814143852352]
	[-279.7351621776689, 255.8416409508681, 969.297694875026]
	[-279.3715940253895, 255.9360976601178, 967.8644361208475]
	[-279.4282057858684, 255.8922799841276, 968.3961283442275]
	[-278.994247267393, 255.9445110589866, 968.0788658539594]
	[-279.4511393376027, 255.9240414049461, 968.1908417189413]
	[-279.0778783242553, 255.931701977558, 968.1345427302958]
	[-279.199719808683, 255.954725952922, 967.8123530312099]
	[-278.9484614528199, 255.9779628601092, 967.46316271903]
	[-279.0759833858806, 255.9311061256674, 968.3942448750852]
	[-279.1957851168552, 255.8859396143131, 969.0883493438575]
	[-279.4148305382997, 255.87421371335, 968.9138650865386]
	[-279.8289630246697, 255.8604617016137, 968.536347444495]
	[-279.30749539229, 255.8915185216647, 968.6455297549476]
	[-279.3539203650018, 255.8889564645573, 968.831408487059]
	[-279.0751463416759, 255.9338139518235, 968.1029749395141]
	[-279.3254956296228, 255.8932554969215, 968.8889457581924]
	[-279.05766875852, 255.9304130451474, 968.4314584716477]
	[-279.4478082775597, 255.8532808740484, 969.0671266756568]
	[-279.6948415855184, 255.8498255597481, 969.0274412089759]
	[-279.3682685144815, 255.9114720313735, 968.3237480142378]
	[-279.6945465512908, 255.8375556537205, 969.2353556197492]
	[-279.547695842099, 255.8693287086235, 968.8611648619795]
	[-279.4205988224035, 255.9293015233148, 968.0885651924502]
	[-279.3888305214334, 255.9031513570235, 968.1960319892744]
	[-279.0461501045838, 255.9368060075252, 968.0630856983362]
	[-279.0479603463415, 255.9412138294441, 968.0011616738822]
	[-279.6818014308462, 255.9078838547949, 968.1747757426111]
	[-279.5814100445389, 255.9093541924268, 968.2779870548308]
	[-279.2270983143794, 255.9009657122565, 968.4780666186189]
	[-279.4349191439207, 255.8890969294997, 968.5895245501953]
	[-279.5745682563362, 255.862390660467, 969.1078039103074]
	[-279.2005497067055, 255.9343192593185, 967.9938397277737]
	[-279.3702061299798, 255.9242756340517, 968.4327828134863]
	[-279.8155025152167, 255.8421311886626, 969.0546780648326]
	[-279.5261937259835, 255.8701340189277, 968.8841513891904]
	[-279.5703377980061, 255.9011475612698, 968.4268666499872]
	[-279.1423504439382, 255.9621677958564, 967.8302335002302]
	[-278.994247267393, 255.9445110589866, 968.0788658539594]
	[-279.7962822209147, 255.8266615033679, 969.3803437428419]
	[-279.7798766456618, 255.8733513438526, 968.8410259475659]
	[-279.5180481363597, 255.8852916266208, 968.4429563271576]
	[-279.4880645564604, 255.8816064460611, 968.5424916883345]
	[-279.7696947903744, 255.8513367181048, 969.1194427850336]
	[-279.1219403347002, 255.9614350449638, 967.6777069567468]
	[-279.3715940253895, 255.9360976601178, 967.8644361208475]
	[-279.4762653912637, 255.871520416264, 968.7886424637678]
	[-279.1467591984688, 255.9115481825386, 968.4559153345888]
	[-280.3756759548048, 255.7599849104504, 970.090307822402]
	[-279.5386402506084, 255.8697326399277, 969.0067801847017]
	[-279.5814100445389, 255.9093541924268, 968.2779870548308]
	[-279.3078628106403, 255.8652890621248, 969.0305073187877]
	[-279.46381931002, 255.8419354974087, 969.5193116023431]
	[-278.9218074528246, 255.9851869083821, 967.2272359378974]
	[-279.8020398862357, 255.827744834013, 969.0517992322305]
	[-279.3888305214334, 255.9031513570235, 968.1960319892744]
	[-279.5354819552221, 255.870687353631, 969.1807183002932]
	[-279.357863933653, 255.8904240610467, 968.3312678143268]
	[-279.7943242567808, 255.8578071164174, 968.4859713567746]
	[-278.8394894363474, 255.9527566506368, 967.8664840267102]
	[-279.6715828071779, 255.8953780634894, 968.1877641153987]
	[-279.3760642136834, 255.8988708822864, 968.5449519505]
	[-279.6780797544201, 255.8839417380881, 968.696075872168]
	[-279.126767811532, 255.9291431120416, 968.3261579207044]
	[-279.5909946129279, 255.8981342597201, 968.7090765760256]
	[-279.8448963280835, 255.7931572512049, 969.9864207433845]
	[-279.6878942135334, 255.8409787533794, 969.2712497507647]
	[-279.3515202444929, 255.9221451214037, 968.1882707054351]
	[-279.4762653912637, 255.871520416264, 968.7886424637678]
	[-279.7351621776689, 255.8416409508681, 969.297694875026]
	[-279.6722032341622, 255.8907604274949, 968.5716744210464]
	[-279.2626142913762, 255.9410173776925, 968.1642436678326]
	[-279.3300756836793, 255.9128329682935, 968.1516626874195]
	[-278.965701007041, 255.9489235724285, 968.1363866246467]
	[-279.2266451782772, 255.9107698922556, 968.5738457308414]
	[-279.6945465512908, 255.8375556537205, 969.2353556197492]
	[-279.1552834391919, 255.9247518386465, 968.2686172248926]
	[-279.2687837926326, 255.9157396264503, 968.2771307403384]
	[-279.0747377379666, 255.9098630520893, 968.3889449471974]
	[-279.7592219360018, 255.8427941144895, 969.283483794763]
	[-279.1552834391919, 255.9247518386465, 968.2686172248926]
	[-279.3860339605549, 255.8611289425205, 968.8113094580528]
	[-279.1062493615258, 255.9272924465531, 968.0768054560036]
	[-279.8742127402649, 255.8276948617528, 969.1311341038055]
	[-279.3225024644668, 255.936657666453, 967.9403775877744]
	[-279.1647575289093, 255.9135003271001, 968.6991068605796]
	[-279.7916604316902, 255.8961834336164, 968.3289954669431]
	[-278.7479688050861, 255.9402098460085, 968.512144081054]
	[-278.965701007041, 255.9489235724285, 968.1363866246467]
	[-279.4349191439207, 255.8890969294997, 968.5895245501953]
	[-279.1527477809968, 255.9675870475789, 967.4184256093033]
	[-278.5900378797002, 255.9926227521214, 967.6788265263349]
	[-279.1932127476922, 255.9091799112417, 968.6415889803123]
	[-279.199719808683, 255.954725952922, 967.8123530312099]
	[-279.1153549658277, 255.8282635212903, 969.7574447701845]
	[-279.5745682563362, 255.862390660467, 969.1078039103074]
	[-279.1713594613191, 255.9591995304837, 967.8701532576979]
	[-278.2065175471187, 256.0337203505036, 967.1903214570548]
	[-279.1262966512101, 255.9277809198109, 968.2286939488387]
	[-279.0386261343647, 255.9741708332755, 967.6227339567545]
	[-278.965701007041, 255.9489235724285, 968.1363866246467]
	[-279.6590642926873, 255.8951431505837, 968.5839081683764]
	[-279.1552834391919, 255.9247518386465, 968.2686172248926]
	[-279.4791242392701, 255.8861056004682, 968.7518404145214]
	[-279.3539203650018, 255.8889564645573, 968.831408487059]
	[-279.2256612045916, 255.8988398095262, 968.7815168110864]
	[-279.0241262618652, 255.9349409655288, 968.2124775493625]
	[-279.6780797544201, 255.8839417380881, 968.696075872168]
	[-278.8323854092781, 255.9862917279503, 967.7617986726393]
	[-279.3695164719035, 255.9229530957268, 968.3350710807093]
	[-279.1852021364968, 255.9150868946994, 968.4020629874306]
	[-279.1904812893438, 255.9648766649382, 967.5056928685516]
	[-279.3147167526906, 255.9099012461926, 968.3934863881997]
	[-279.5909946129279, 255.8981342597201, 968.7090765760256]
	[-279.1331121025739, 255.8953740442673, 968.7086547845045]
	[-279.387528811108, 255.8488200759231, 969.6285205884604]
	[-279.7068089887364, 255.8458863290194, 969.3552681856412]
	[-279.1497762019205, 255.9662100502515, 967.9599101019833]
	[-278.6178763304492, 255.9814846157899, 968.0630975968867]
	[-279.2702851689554, 255.9296925568415, 968.3252533549763]
	[-279.1647575289093, 255.9135003271001, 968.6991068605796]
	[-278.9557935147523, 255.9539180145214, 968.1564754640355]
	[-279.31214918045, 255.8852118444622, 969.0857476732471]
	[-279.2094097270306, 255.9442059005997, 968.2430735564172]
	[-279.0088244656629, 255.9862549929567, 967.4733028865102]
	[-279.1713594613191, 255.9591995304837, 967.8701532576979]
	[-279.1424597193697, 255.9176100219495, 968.7305040700654]
	[-279.3254956296228, 255.8932554969215, 968.8889457581924]
	[-278.965701007041, 255.9489235724285, 968.1363866246467]
	[-279.1709233543642, 255.8467376171679, 969.718851648398]
	[-279.4729090816313, 255.8646396432276, 969.2754093370041]
	[-279.2094097270306, 255.9442059005997, 968.2430735564172]
	[-278.7741391537766, 256.009692081161, 967.5025329607652]
	[-279.0241262618652, 255.9349409655288, 968.2124775493625]
	[-279.0002991258177, 255.9836960935083, 967.7007077653514]
	[-279.2094097270306, 255.9442059005997, 968.2430735564172]
	[-279.5909946129279, 255.8981342597201, 968.7090765760256]
	[-279.360352078064, 255.9292643284449, 968.4528539631502]
	[-279.2707996738575, 255.9413105628423, 968.1172759763245]
	[-279.2094097270306, 255.9442059005997, 968.2430735564172]
	[-278.7879116436544, 255.9563801551712, 968.2176578690418]
	[-279.2702851689554, 255.9296925568415, 968.3252533549763]
	[-279.1647575289093, 255.9135003271001, 968.6991068605796]
	[-278.965701007041, 255.9489235724285, 968.1363866246467]
	[-279.2256612045916, 255.8988398095262, 968.7815168110864]
	[-279.3412413794008, 255.9273387284481, 968.3928678026582]
	[-279.0102352405677, 255.9786658438472, 967.6805142418629]
	[-279.1647575289093, 255.9135003271001, 968.6991068605796]
	[-278.9063909908152, 255.9707282893175, 967.8543985737628]
	[-279.2094097270306, 255.9442059005997, 968.2430735564172]
	[-279.1647575289093, 255.9135003271001, 968.6991068605796]
	[-279.46381931002, 255.8419354974087, 969.5193116023431]
	[-278.965701007041, 255.9489235724285, 968.1363866246467]
	[-279.000921902749, 255.9391248470326, 968.240326372448]
	[-279.2493978985108, 255.9003390634764, 968.9983974088333]
	[-279.0586970562425, 255.9698459427331, 967.7765668026736]
	[-279.1647575289093, 255.9135003271001, 968.6991068605796]
	[-278.965701007041, 255.9489235724285, 968.1363866246467]
	[-279.2094097270306, 255.9442059005997, 968.2430735564172]
	[-278.6344217911329, 256.0216092925563, 967.2232108066801]
	[-278.9209382285929, 255.8942610808271, 969.0525430557617]
	[-279.2146111669296, 255.9414407163569, 968.227574686945]
	[-279.0241262618652, 255.9349409655288, 968.2124775493625]
	[-279.0102352405677, 255.9786658438472, 967.6805142418629]
	[-279.3254956296228, 255.8932554969215, 968.8889457581924]
	[-278.9505107893968, 255.9999907659902, 967.3976206112619]
	[-278.64837163573, 255.978864244002, 967.754481512748]
	[-279.0102352405677, 255.9786658438472, 967.6805142418629]
	[-278.965701007041, 255.9489235724285, 968.1363866246467]
	[-279.3702061299798, 255.9242756340517, 968.4327828134863]
	[-279.6421132133116, 255.888367166083, 968.8114646929232]
	[-279.3702061299798, 255.9242756340517, 968.4327828134863]
	[-279.0674873559454, 255.9512042315043, 968.0440116079288]
	[-279.3412413794008, 255.9273387284481, 968.3928678026582]
	[-278.2507249960033, 256.0619019835398, 966.7348959169872]
	[-279.2158184887418, 255.9037976714056, 968.8015032665769]
	[-279.812794131232, 255.8628348863435, 968.9813101006931]
	[-279.1882325345302, 255.9442185081011, 968.0376377620665]
	[-279.2702851689554, 255.9296925568415, 968.3252533549763]
	[-279.5745682563362, 255.862390660467, 969.1078039103074]
	[-279.126767811532, 255.9291431120416, 968.3261579207044]
	[-279.0102352405677, 255.9786658438472, 967.6805142418629]
	[-278.994247267393, 255.9445110589866, 968.0788658539594]
	[-279.0686307729013, 255.9648190092219, 967.7563776050673]
	[-279.7679521616359, 255.830894988814, 969.4379481592603]
	[-279.05766875852, 255.9304130451474, 968.4314584716477]
	[-279.1647575289093, 255.9135003271001, 968.6991068605796]
	[-278.965701007041, 255.9489235724285, 968.1363866246467]
	[-279.4099781967643, 255.8798755235534, 969.1879743098577]
	[-279.5926833297271, 255.9007312136048, 968.7403152693839]
	[-279.2094097270306, 255.9442059005997, 968.2430735564172]
	[-278.4063558976234, 256.0006379159938, 967.7525701899024]
	[-279.433853909821, 255.8811113741931, 969.1735361156902]
	[-278.5261366059469, 256.0233065631028, 967.6165986927078]
	[-278.8338722233173, 255.988301074138, 967.7853602722313]
	[-278.4506768794066, 256.0297810926584, 967.2969707894563]
	[-279.2094097270306, 255.9442059005997, 968.2430735564172]
	[-278.7879116436544, 255.9563801551712, 968.2176578690418]
	[-279.0102352405677, 255.9786658438472, 967.6805142418629]
	[-279.1359991087447, 255.9280499345915, 968.3375391158098]
	[-279.2702851689554, 255.9296925568415, 968.3252533549763]
	[-279.0241262618652, 255.9349409655288, 968.2124775493625]
	[-279.2932609945475, 255.9592974821769, 967.6194227711885]
	[-279.2377099170051, 255.9398035765376, 968.1852959815908]
	[-279.3224021518556, 255.9272013455208, 968.4846629730001]
	[-279.651932137794, 255.8833946232892, 968.7914394468617]
	[-278.8030798586573, 255.9554149739206, 967.9070676236854]
	[-279.2308985859414, 255.8961003126693, 968.7661048777595]
	[-279.2500928501424, 255.8554568203881, 969.3528214946767]
	[-279.3254956296228, 255.8932554969215, 968.8889457581924]
	[-279.1018202135729, 255.9606603184206, 967.9748189014898]
	[-279.2493978985108, 255.9003390634764, 968.9983974088333]
	[-279.1647575289093, 255.9135003271001, 968.6991068605796]
	[-278.789372592491, 255.9583524602245, 968.2411430870759]
	[-279.3254956296228, 255.8932554969215, 968.8889457581924]
	[-279.1552834391919, 255.9247518386465, 968.2686172248926]
	[-279.8700952147851, 255.8838117878657, 968.6506873926465]
	[-279.2932609945475, 255.9592974821769, 967.6194227711885]
	[-279.2883832133178, 255.9256575070632, 968.3201834690409]
	[-279.2702851689554, 255.9296925568415, 968.3252533549763]
	[-279.0480237317162, 255.93682188032, 968.4275894722972]
	[-279.3702061299798, 255.9242756340517, 968.4327828134863]
	[-279.3254956296228, 255.8932554969215, 968.8889457581924]
	[-279.3702061299798, 255.9242756340517, 968.4327828134863]
	[-279.1932127476922, 255.9091799112417, 968.6415889803123]
	[-279.0102352405677, 255.9786658438472, 967.6805142418629]
	[-279.1647575289093, 255.9135003271001, 968.6991068605796]
	[-279.2266451782772, 255.9107698922556, 968.5738457308414]
	[-279.2812359601993, 255.9038736508338, 968.7455412586519]
	[-279.0686307729013, 255.9648190092219, 967.7563776050673]
	[-279.0977756742345, 255.9321770165032, 968.2862342823221]
	[-278.5885264484945, 255.9906108054024, 967.6552712998883]
	[-279.864226830379, 255.8599504734749, 969.1401079009242]
	[-279.4311115540082, 255.9096686212315, 968.5150409215041]
	[-279.0717656224097, 255.9755706434065, 967.5548958413823]
	[-279.0102352405677, 255.9786658438472, 967.6805142418629]
	[-279.0241262618652, 255.9349409655288, 968.2124775493625]
	[-279.6722032341622, 255.8907604274949, 968.5716744210464]
	[-278.8445585770606, 255.9528264332161, 968.1434385737667]
	[-279.6843405810319, 255.8145097710619, 969.7961471247485]
	[-279.4717715535669, 255.877298292257, 969.0625644138253]
	[-278.6171432334686, 255.986142443826, 967.5977765735986]
	[-279.546184678473, 255.866657575538, 969.165358263831]
	[-278.994247267393, 255.9445110589866, 968.0788658539594]
	[-279.4979448508117, 255.8744256761928, 968.9418925081487]
	[-279.0102352405677, 255.9786658438472, 967.6805142418629]
	[-279.092648480793, 255.9670588728995, 967.9717673697157]
	[-279.806731892493, 255.8674701538043, 969.1576824944474]
	[-279.6085520806009, 255.897841761996, 968.6667481840631]
	[-279.2467078452669, 255.9061277765347, 968.5633114215075]
	[-279.7685491638146, 255.8433143748924, 969.2296729303673]
	[-279.3702061299798, 255.9242756340517, 968.4327828134863]
	[-278.997755974698, 255.9685426763566, 967.9782834376475]
	[-279.1209988385005, 255.962613066213, 967.9140090830581]
	[-279.7798766456618, 255.8733513438526, 968.8410259475659]
	[-279.429590036661, 255.8905717503466, 968.89367362523]
	[-279.2941434861518, 255.93155310883, 968.5424175555346]
	[-279.7911055655401, 255.8319268732025, 969.6542677599093]
	[-279.1647575289093, 255.9135003271001, 968.6991068605796]
	[-279.6498629498534, 255.8882863490743, 968.7539110935909]
	[-279.3702061299798, 255.9242756340517, 968.4327828134863]
	[-279.635510178693, 255.8475149135764, 969.1903648300942]
	[-279.3407090662677, 255.8931211713182, 968.5774020633517]
	[-279.1647575289093, 255.9135003271001, 968.6991068605796]
	[-279.3412413794008, 255.9273387284481, 968.3928678026582]
	[-279.2094097270306, 255.9442059005997, 968.2430735564172]
	[-279.0133247167644, 255.9786772410087, 967.6459957089186]
	[-279.3754461949833, 255.9241448141592, 968.4051434801127]
	[-279.958640464784, 255.826286864251, 969.2202157737394]
	[-279.0102352405677, 255.9786658438472, 967.6805142418629]
	[-279.6192233802597, 255.8937859380557, 968.6512624962498]
	[-279.7516781777257, 255.877677934183, 968.8988590010219]
	[-279.05766875852, 255.9304130451474, 968.4314584716477]
	[-279.30749539229, 255.8915185216647, 968.6455297549476]
	[-279.2941434861518, 255.93155310883, 968.5424175555346]
	[-279.3405386754805, 255.880954185088, 969.0282215107868]
	[-279.1932127476922, 255.9091799112417, 968.6415889803123]
	[-278.9308063810687, 255.9898869288872, 967.3549625031618]
	[-279.3318624400876, 255.8585184149558, 969.2720249939455]
	[-279.2702851689554, 255.9296925568415, 968.3252533549763]
	[-279.3539203650018, 255.8889564645573, 968.831408487059]
	[-279.9507864331678, 255.8545087164861, 968.8910046017606]
	[-279.5531213605101, 255.9137739253185, 968.3358245893917]
	[-279.7351621776689, 255.8416409508681, 969.297694875026]
	[-279.3180698139003, 255.9291143911079, 968.2087908400646]
	[-279.7506384747444, 255.8765492545834, 968.8005307263935]
	[-279.6474480906168, 255.8532983317986, 969.1812190853403]
	[-279.7644795664979, 255.877905823245, 968.8247703671473]
	[-279.5026499715697, 255.9171870594713, 968.3798046259553]
	[-279.2100215869777, 255.9456451348797, 967.9393583313306]
	[-279.3617928188528, 255.8859056410136, 968.81906367191]
	[-279.6206317687701, 255.9155039247496, 968.147284360685]
	[-279.2094097270306, 255.9442059005997, 968.2430735564172]
	[-279.8296321978448, 255.8283499477474, 969.3122532959587]
	[-279.5909946129279, 255.8981342597201, 968.7090765760256]
	[-279.3539203650018, 255.8889564645573, 968.831408487059]
	[-279.3984759243065, 255.9198948873083, 968.3749858312801]
	[-279.0102352405677, 255.9786658438472, 967.6805142418629]
	[-279.6268388908865, 255.8558812232922, 969.188734450964]
	[-279.7353445068073, 255.8519760336359, 968.8881733023288]
	[-279.5745682563362, 255.862390660467, 969.1078039103074]
	[-278.4506768794066, 256.0297810926584, 967.2969707894563]
	[-279.2540931888361, 255.8945311108008, 968.7239675447822]
	[-279.7202611664118, 255.8962014108783, 968.557174493127]
	[-279.7068089887364, 255.8458863290194, 969.3552681856412]
	[-280.0913844307182, 255.8258863873006, 969.3015687331463]
	[-279.3412413794008, 255.9273387284481, 968.3928678026582]
	[-278.789372592491, 255.9583524602245, 968.2411430870759]
	[-279.2094097270306, 255.9442059005997, 968.2430735564172]
	[-279.4710975962154, 255.9225883040658, 967.9378537110167]
	[-279.4383613532348, 255.875626677537, 969.1304603774306]
	[-279.1932127476922, 255.9091799112417, 968.6415889803123]
	[-279.05766875852, 255.9304130451474, 968.4314584716477]
	[-279.4736253722835, 255.9260510223883, 968.0092769929794]
	[-279.3984759243065, 255.9198948873083, 968.3749858312801]
	[-279.7068089887364, 255.8458863290194, 969.3552681856412]
	[-279.2094097270306, 255.9442059005997, 968.2430735564172]
	[-279.4148305382997, 255.87421371335, 968.9138650865386]
	[-279.3539203650018, 255.8889564645573, 968.831408487059]
	[-278.7984834465318, 256.0023332912236, 967.4160545678624]
	[-279.2941434861518, 255.93155310883, 968.5424175555346]
	[-279.5909946129279, 255.8981342597201, 968.7090765760256]
	[-278.9736854907267, 255.9706496334134, 967.9860152153509]
	[-279.7918557819388, 255.8320512756825, 969.4236463384003]
	[-279.3568676811488, 255.9165817809468, 968.6295360865806]
	[-279.5724139758216, 255.918273359726, 968.1825145635627]
	[-279.2036738977005, 255.9261165853128, 968.1334811395202]
	[-279.1932127476922, 255.9091799112417, 968.6415889803123]
	[-279.6498629498534, 255.8882863490743, 968.7539110935909]
	[-279.3702061299798, 255.9242756340517, 968.4327828134863]
	[-279.2094097270306, 255.9442059005997, 968.2430735564172]
	[-279.9615556464444, 255.8548735869075, 969.1910372230967]
	[-279.4511393376027, 255.9240414049461, 968.1908417189413]
	[-279.0977756742345, 255.9321770165032, 968.2862342823221]
	[-279.3702061299798, 255.9242756340517, 968.4327828134863]
	[-279.2941434861518, 255.93155310883, 968.5424175555346]
	[-279.092648480793, 255.9670588728995, 967.9717673697157]
	[-279.1647575289093, 255.9135003271001, 968.6991068605796]
	[-279.1713594613191, 255.9591995304837, 967.8701532576979]
	[-279.1055394123374, 255.9359826855014, 968.4168526940734]
	[-279.439139111317, 255.8842653387198, 968.8970637725416]
	[-279.651932137794, 255.8833946232892, 968.7914394468617]
	[-279.1647575289093, 255.9135003271001, 968.6991068605796]
	[-279.0386261343647, 255.9741708332755, 967.6227339567545]
	[-279.2941434861518, 255.93155310883, 968.5424175555346]
	[-279.2536211991207, 255.9473780237714, 968.161142554507]
	[-279.2094097270306, 255.9442059005997, 968.2430735564172]
	[-279.6753952116694, 255.8849105234207, 969.0083860651323]
	[-279.2094097270306, 255.9442059005997, 968.2430735564172]
	[-279.7516781777257, 255.877677934183, 968.8988590010219]
	[-279.2941434861518, 255.93155310883, 968.5424175555346]
	[-279.7666591361951, 255.8777348683902, 968.8531941712614]
	[-279.2941434861518, 255.93155310883, 968.5424175555346]
	[-279.2247911545148, 255.9589018184379, 968.2793051384571]
	[-279.1647575289093, 255.9135003271001, 968.6991068605796]
	[-279.2707996738575, 255.9413105628423, 968.1172759763245]
	[-279.1497762019205, 255.9662100502515, 967.9599101019833]
	[-279.5909946129279, 255.8981342597201, 968.7090765760256]
	[-278.9174647068296, 255.9742237957811, 968.0612223192455]
	[-279.3702061299798, 255.9242756340517, 968.4327828134863]
	[-279.1438711085585, 255.9494761093114, 968.3761200822859]
	[-279.2094097270306, 255.9442059005997, 968.2430735564172]
	[-279.3936579408249, 255.9099873019024, 968.8484267285944]
	[-279.0733475487877, 255.9940426013064, 967.6922758233485]
	[-279.2941434861518, 255.93155310883, 968.5424175555346]
	[-279.2111143849704, 255.9468233439107, 968.2742771812648]
	[-278.9189291016425, 255.9762114652938, 968.0847390764616]
	[-278.9174647068296, 255.9742237957811, 968.0612223192455]
	[-278.7794741682179, 255.9633342530085, 968.2611990437327]
	[-279.2089801745007, 255.9546638317183, 968.2438505998794]
	[-278.8577976415363, 255.9959412140892, 967.7783005155649]
	[-278.8043344260026, 255.9982737306229, 967.9142486245618]
	[-279.2346212332042, 255.9539056865313, 968.2592083723658]
	[-279.6753952116694, 255.8849105234207, 969.0083860651323]
	[-279.4615793397505, 255.8924412352052, 969.1128733434585]
	[-278.9090385211835, 255.9812104804522, 968.1048425255153]
	[-279.6753952116694, 255.8849105234207, 969.0083860651323]
	[-279.2941434861518, 255.93155310883, 968.5424175555346]
	[-279.2843050187572, 255.9365317339482, 968.5624567175624]
	[-279.2941434861518, 255.93155310883, 968.5424175555346]
	[-279.2937801701181, 255.9420080375755, 968.543045644274]
	[-278.8333590482481, 255.9987662745878, 967.7863683281248]
	[-279.2941434861518, 255.93155310883, 968.5424175555346]
	[-279.2843050187572, 255.9365317339482, 968.5624567175624]
	[-279.2346212332042, 255.9539056865313, 968.2592083723658]
	[-279.6645884860977, 255.8993931185231, 969.0241996178892]
	[-279.2089801745007, 255.9546638317183, 968.2438505998794]
	[-278.9184822010561, 255.98667327014, 968.0855981782074]
	[-278.9174647068296, 255.9742237957811, 968.0612223192455]
	[-278.7726080501358, 256.0076606914146, 967.4789252386546]
	[-279.2247911545148, 255.9589018184379, 968.2793051384571]
	[-279.2937801701181, 255.9420080375755, 968.543045644274]
	[-278.9174647068296, 255.9742237957811, 968.0612223192455]
	[-279.4425260168833, 255.8918432030462, 969.1510899545167]
	[-279.0831058397832, 255.9796294650373, 967.7888233341986]
	[-279.1995348412033, 255.9492028773314, 968.2631701972135]
	[-278.9184822010561, 255.98667327014, 968.0855981782074]
	[-279.6753952116694, 255.8849105234207, 969.0083860651323]
	[-279.215979804534, 255.9434343015586, 968.251444215054]
	[-278.9174647068296, 255.9742237957811, 968.0612223192455]
	[-279.2286701706379, 255.9367081307703, 968.6754810744092]
	[-279.4547824952059, 255.9114037029809, 968.7318663892905]
	[-279.2937801701181, 255.9420080375755, 968.543045644274]
	[-278.7642209290299, 256.0147272666825, 967.5227514398393]
	[-278.1807248288087, 256.0870634609014, 966.4730334075376]
	[-278.8577976415363, 255.9959412140892, 967.7783005155649]
	[-279.1491363998342, 255.9630115413549, 968.4333465539896]
	[-279.2094097270306, 255.9442059005997, 968.2430735564172]
	[-279.4449648072158, 255.9163741026956, 968.7518800080287]
	[-278.8494243917783, 256.002967441038, 967.8220246674949]
	[-279.2247911545148, 255.9589018184379, 968.2793051384571]
	[-279.2843050187572, 255.9365317339482, 968.5624567175624]
	[-279.234162860493, 255.9643752499137, 968.2598083030348]
	[-279.2908701470885, 255.9357495665745, 968.5708251249428]
	[-278.7772988768057, 255.9991622527689, 967.9000030903828]
	[-279.609696265507, 255.8890051424192, 969.1362754508963]
	[-278.8593063045653, 255.997950807204, 967.8018635089841]
	[-278.9174647068296, 255.9742237957811, 968.0612223192455]
	[-278.9090385211835, 255.9812104804522, 968.1048425255153]
	[-279.0053432293219, 255.9881899250084, 968.1937224192029]
	[-279.2435153763009, 255.9594424991425, 968.2406568166276]
	[-279.5338386675123, 255.907897281316, 968.8193104689816]
	[-279.1339372987929, 255.9723672971577, 967.9762413846086]
	[-279.2843050187572, 255.9365317339482, 968.5624567175624]
	[-279.1497762019205, 255.9662100502515, 967.9599101019833]
	[-279.6550681969173, 255.8939020896452, 969.0437769925719]
	[-279.1995348412033, 255.9492028773314, 968.2631701972135]
	[-279.1995348412033, 255.9492028773314, 968.2631701972135]
	[-279.2094097270306, 255.9442059005997, 968.2430735564172]
	[-279.2247911545148, 255.9589018184379, 968.2793051384571]
	[-278.9189291016425, 255.9762114652938, 968.0847390764616]
	[-279.1146186688958, 255.9415173302242, 968.398445338423]
	[-279.234162860493, 255.9643752499137, 968.2598083030348]
	[-279.2937801701181, 255.9420080375755, 968.543045644274]
	[-278.8572407684323, 256.0064186109169, 967.7791410030244]
	[-279.2346212332042, 255.9539056865313, 968.2592083723658]
	[-279.2247911545148, 255.9589018184379, 968.2793051384571]
	[-279.2107058227078, 255.957279989654, 968.2750421040904]
	[-279.234162860493, 255.9643752499137, 968.2598083030348]
	[-278.8587652550872, 256.0084272339797, 967.8026947923533]
	[-278.6459061622766, 256.0346161406948, 967.2282620194427]
	[-279.234162860493, 255.9643752499137, 968.2598083030348]
	[-279.2286701706379, 255.9367081307703, 968.6754810744092]
	[-279.2182509774285, 255.9355756250445, 968.6959147100339]
	[-279.2247911545148, 255.9589018184379, 968.2793051384571]
	[-279.1497762019205, 255.9662100502515, 967.9599101019833]
	[-279.1995348412033, 255.9492028773314, 968.2631701972135]
	[-279.1497762019205, 255.9662100502515, 967.9599101019833]
	[-279.2378226488532, 255.9422080667381, 968.6570158356208]
	[-278.9090385211835, 255.9812104804522, 968.1048425255153]
	[-278.8741368315289, 255.9561940816635, 968.5412849813977]
	[-278.749369313343, 255.9731430834377, 968.3912610823892]
	[-279.2492824220893, 255.9107720220222, 968.9989798898176]
	[-278.9184822010561, 255.98667327014, 968.0855981782074]
	[-279.3854811340713, 255.9390011865265, 968.4685720197701]
	[-279.2941434861518, 255.93155310883, 968.5424175555346]
	[-279.2941434861518, 255.93155310883, 968.5424175555346]
	[-279.1399098890324, 255.9712246322642, 967.9800644085994]
	[-279.0231404695712, 255.9937523511726, 967.7090233526113]
	[-279.1492520868089, 255.9766826690411, 967.9606592154803]
	[-279.1845569836725, 255.9293769956282, 968.6704382589371]
	[-279.1995348412033, 255.9492028773314, 968.2631701972135]
	[-279.234162860493, 255.9643752499137, 968.2598083030348]
	[-279.0935723735005, 255.9770417840627, 968.074964308104]
	[-278.7472025072582, 256.0097315830462, 967.9078337672757]
	[-278.6338188529196, 256.0320796739971, 967.2245067607249]
	[-278.9184822010561, 255.98667327014, 968.0855981782074]
	[-278.8593063045653, 255.997950807204, 967.8018635089841]
	[-279.2094097270306, 255.9442059005997, 968.2430735564172]
	[-278.9665277426199, 255.9945226013231, 967.7997015075617]
	[-279.1492520868089, 255.9766826690411, 967.9606592154803]
	[-279.2247911545148, 255.9589018184379, 968.2793051384571]
	[-279.0002991258177, 255.9836960935083, 967.7007077653514]
	[-279.2094097270306, 255.9442059005997, 968.2430735564172]
	[-278.8494243917783, 256.002967441038, 967.8220246674949]
	[-278.9236572703282, 255.9728647564266, 968.1107052877926]
	[-279.3031390057701, 255.937092247345, 968.5239482264092]
	[-279.2094097270306, 255.9442059005997, 968.2430735564172]
	[-279.2941434861518, 255.93155310883, 968.5424175555346]
	[-279.2843050187572, 255.9365317339482, 968.5624567175624]
	[-279.2089801745007, 255.9546638317183, 968.2438505998794]
	[-278.7232356500402, 255.9635610545167, 968.3734128230523]
	[-278.8239451471608, 255.993318542331, 967.8055209808015]
	[-279.2089801745007, 255.9546638317183, 968.2438505998794]
	[-279.2937801701181, 255.9420080375755, 968.543045644274]
	[-279.3854811340713, 255.9390011865265, 968.4685720197701]
	[-279.1694614534811, 255.9591385283997, 968.3927373350923]
	[-279.1497762019205, 255.9662100502515, 967.9599101019833]
	[-279.2435153763009, 255.9594424991425, 968.2406568166276]
	[-278.8593063045653, 255.997950807204, 967.8018635089841]
	[-279.0827479293704, 255.9720710797896, 967.9919050990067]
	[-278.3047456782326, 256.081913261769, 966.769057524557]
	[-278.8148342057991, 255.978426528252, 968.2592876569678]
	[-279.1497762019205, 255.9662100502515, 967.9599101019833]
	[-279.0827479293704, 255.9720710797896, 967.9919050990067]
	[-278.727658040387, 256.0156398557406, 967.5974651423488]
	[-278.9090385211835, 255.9812104804522, 968.1048425255153]
	[-278.8428046446122, 255.9938132903495, 967.7671484301979]
	[-279.1399098890324, 255.9712246322642, 967.9800644085994]
	[-279.1995348412033, 255.9492028773314, 968.2631701972135]
	[-279.2089801745007, 255.9546638317183, 968.2438505998794]
	[-278.9174647068296, 255.9742237957811, 968.0612223192455]
	[-279.2843050187572, 255.9365317339482, 968.5624567175624]
	[-279.1804905097644, 255.9281292948427, 968.7360912919105]
	[-279.234162860493, 255.9643752499137, 968.2598083030348]
	[-279.1399098890324, 255.9712246322642, 967.9800644085994]
	[-278.8318563629633, 255.9967579167233, 967.7628159121638]
	[-278.7794741682179, 255.9633342530085, 968.2611990437327]
	[-279.2937801701181, 255.9420080375755, 968.543045644274]
	[-279.1399098890324, 255.9712246322642, 967.9800644085994]
	[-279.2941434861518, 255.93155310883, 968.5424175555346]
	[-279.2346212332042, 255.9539056865313, 968.2592083723658]
	[-278.9498979142193, 256.0104678837264, 967.3986582855463]
	[-278.8052754023259, 255.9729529170243, 968.2785605674316]
	[-279.1586401439747, 255.971732292399, 967.9414503426802]
	[-279.2843050187572, 255.9365317339482, 968.5624567175624]
	[-278.4500627143223, 256.0402552629554, 967.2982222901708]
	[-279.0324836302237, 255.9991960577107, 967.6897204915094]
	[-279.6656096844783, 255.8898684617196, 969.0283592255981]
	[-279.1995348412033, 255.9492028773314, 968.2631701972135]
	[-279.609696265507, 255.8890051424192, 969.1362754508963]
	[-279.2089801745007, 255.9546638317183, 968.2438505998794]
	[-279.5811727436933, 255.9031104450702, 968.7291074376575]
	[-278.7201637272389, 255.9852222126901, 967.9793354235095]
	[-279.2941434861518, 255.93155310883, 968.5424175555346]
	[-279.2843050187572, 255.9365317339482, 968.5624567175624]
	[-279.2941434861518, 255.93155310883, 968.5424175555346]
	[-279.2843050187572, 255.9365317339482, 968.5624567175624]
	[-279.1647575289093, 255.9135003271001, 968.6991068605796]
	[-279.1994012302063, 255.9287179297726, 968.6976004938626]
	[-279.1694614534811, 255.9591385283997, 968.3927373350923]
	[-279.2094097270306, 255.9442059005997, 968.2430735564172]
	[-279.1334307152622, 255.982850264007, 967.9767929556829]
	[-279.2194166938023, 255.957342877391, 968.0234027052235]
	[-278.8711288546321, 255.9960778690306, 967.7272493989506]
	[-278.4763183168689, 256.0393803688953, 967.3138441619096]
	[-279.1956379098827, 255.9539042433399, 968.2553570428433]
	[-279.2941434861518, 255.93155310883, 968.5424175555346]
	[-279.2941434861518, 255.93155310883, 968.5424175555346]
	[-279.2094097270306, 255.9442059005997, 968.2430735564172]
	[-279.1804905097644, 255.9281292948427, 968.7360912919105]
	[-279.4659684340409, 255.925039249875, 968.553912664597]
	[-279.2750307045088, 255.9383168594492, 968.5582279898949]
	[-279.2094097270306, 255.9442059005997, 968.2430735564172]
	[-278.8338722233173, 255.988301074138, 967.7853602722313]
	[-278.6034617775396, 256.0076136010332, 967.7085185595948]
	[-279.6753952116694, 255.8849105234207, 969.0083860651323]
	[-279.2941434861518, 255.93155310883, 968.5424175555346]
	[-279.1995348412033, 255.9492028773314, 968.2631701972135]
	[-279.1663621837894, 255.9214417613877, 968.4990785775398]
	[-279.2843050187572, 255.9365317339482, 968.5624567175624]
	[-278.8479106353536, 256.0009595425337, 967.7984689706091]
	[-279.2094097270306, 255.9442059005997, 968.2430735564172]
	[-279.1497762019205, 255.9662100502515, 967.9599101019833]
	[-279.0845510189345, 255.9715585995813, 968.0934218686513]
	[-279.2937801701181, 255.9420080375755, 968.543045644274]
	[-279.2183747355832, 255.9497305100413, 968.2246958577966]
	[-279.2094097270306, 255.9442059005997, 968.2430735564172]
	[-278.9060242323579, 255.981182984531, 967.8553879825365]
	[-279.2094097270306, 255.9442059005997, 968.2430735564172]
	[-279.2941434861518, 255.93155310883, 968.5424175555346]
	[-279.2094097270306, 255.9442059005997, 968.2430735564172]
	[-278.9593452690334, 256.0054855784419, 967.3793520491654]
	[-278.6726784412872, 255.9810675532737, 967.9700612887046]
	[-279.0921939267239, 255.9775177201085, 967.9726877916856]
	[-279.2941434861518, 255.93155310883, 968.5424175555346]
	[-278.8338722233173, 255.988301074138, 967.7853602722313]
	[-279.2843050187572, 255.9365317339482, 968.5624567175624]
	[-278.8338722233173, 255.988301074138, 967.7853602722313]
	[-279.2094097270306, 255.9442059005997, 968.2430735564172]
	[-279.6648487687112, 255.8889456427896, 969.0238111474901]
	[-279.1995348412033, 255.9492028773314, 968.2631701972135]
	[-279.2094097270306, 255.9442059005997, 968.2430735564172]
	[-278.8323854092781, 255.9862917279503, 967.7617986726393]
	[-279.2094097270306, 255.9442059005997, 968.2430735564172]
	[-279.2094097270306, 255.9442059005997, 968.2430735564172]
	[-279.2094097270306, 255.9442059005997, 968.2430735564172]
	[-279.0826760343733, 255.9562144783351, 968.2776652901904]
	[-279.2937801701181, 255.9420080375755, 968.543045644274]
	[-278.6344217911329, 256.0216092925563, 967.2232108066801]
	[-278.8338722233173, 255.988301074138, 967.7853602722313]
	[-279.0102352405677, 255.9786658438472, 967.6805142418629]
	[-278.5746000199388, 256.0423223528033, 966.9406577290562]
	[-279.2493978985108, 255.9003390634764, 968.9983974088333]
	[-278.6344217911329, 256.0216092925563, 967.2232108066801]
	[-279.2094097270306, 255.9442059005997, 968.2430735564172]
	[-279.2346212332042, 255.9539056865313, 968.2592083723658]
	[-279.1995348412033, 255.9492028773314, 968.2631701972135]
	[-279.2843050187572, 255.9365317339482, 968.5624567175624]
	[-279.1647575289093, 255.9135003271001, 968.6991068605796]
	[-278.8338722233173, 255.988301074138, 967.7853602722313]
	[-279.546184678473, 255.866657575538, 969.165358263831]
	[-279.2493978985108, 255.9003390634764, 968.9983974088333]
	[-279.0102352405677, 255.9786658438472, 967.6805142418629]
	[-279.2941434861518, 255.93155310883, 968.5424175555346]
	[-278.8338722233173, 255.988301074138, 967.7853602722313]
	[-279.2993616039705, 255.9287995517325, 968.5269630474265]
	[-279.6656096844783, 255.8898684617196, 969.0283592255981]
	[-278.8338722233173, 255.988301074138, 967.7853602722313]
	[-278.8743370118906, 255.9457543329323, 968.5404718195724]
	[-279.2094097270306, 255.9442059005997, 968.2430735564172]
	[-279.2702851689554, 255.9296925568415, 968.3252533549763]
	[-279.2941434861518, 255.93155310883, 968.5424175555346]
	[-279.1018202135729, 255.9606603184206, 967.9748189014898]
	[-279.1995348412033, 255.9492028773314, 968.2631701972135]
	[-278.8728984463269, 255.9438035279351, 968.5170315734517]
	[-279.2941434861518, 255.93155310883, 968.5424175555346]
	[-279.2941434861518, 255.93155310883, 968.5424175555346]
	[-279.2094097270306, 255.9442059005997, 968.2430735564172]
	[-279.2094097270306, 255.9442059005997, 968.2430735564172]
	[-278.9063909908152, 255.9707282893175, 967.8543985737628]
	[-279.1647575289093, 255.9135003271001, 968.6991068605796]
	[-279.0686307729013, 255.9648190092219, 967.7563776050673]
	[-279.2941434861518, 255.93155310883, 968.5424175555346]
	[-279.1497762019205, 255.9662100502515, 967.9599101019833]
	[-279.2941434861518, 255.93155310883, 968.5424175555346]
	[-279.3702061299798, 255.9242756340517, 968.4327828134863]
	[-279.3085091065824, 255.928650877213, 968.5845673693983]
	[-279.2876464285337, 255.9142240438613, 968.4491538307296]
	[-279.2635685283778, 255.8973435371226, 969.0409270741054]
	[-279.0102352405677, 255.9786658438472, 967.6805142418629]
	[-278.9189291016425, 255.9762114652938, 968.0847390764616]
	[-279.2493978985108, 255.9003390634764, 968.9983974088333]
	[-279.2094097270306, 255.9442059005997, 968.2430735564172]
	[-279.2094097270306, 255.9442059005997, 968.2430735564172]
	[-279.3922797317405, 255.9337428090228, 968.1463832348901]
	[-279.0102352405677, 255.9786658438472, 967.6805142418629]
	[-279.2941434861518, 255.93155310883, 968.5424175555346]
	[-279.2094097270306, 255.9442059005997, 968.2430735564172]
	[-279.0489470265624, 255.9843008243232, 967.677153437029]
	[-279.2094097270306, 255.9442059005997, 968.2430735564172]
	[-279.2941434861518, 255.93155310883, 968.5424175555346]
	[-279.0718121753619, 255.9415920280324, 968.5204840262177]
	[-279.2094097270306, 255.9442059005997, 968.2430735564172]
	[-279.2941434861518, 255.93155310883, 968.5424175555346]
	[-279.2094097270306, 255.9442059005997, 968.2430735564172]
	[-279.2094097270306, 255.9442059005997, 968.2430735564172]
	[-279.1497762019205, 255.9662100502515, 967.9599101019833]
	[-278.8607555571886, 255.9818327279039, 967.7040459037106]
	[-279.2094097270306, 255.9442059005997, 968.2430735564172]
	[-279.2941434861518, 255.93155310883, 968.5424175555346]
	[-279.2870460190983, 255.901539337872, 968.9223017903465]
	[-278.8338722233173, 255.988301074138, 967.7853602722313]
	[-279.2377099170051, 255.9398035765376, 968.1852959815908]
	[-279.2467003234271, 255.9452468795885, 968.1667308828053]
	[-279.2094097270306, 255.9442059005997, 968.2430735564172]
	[-278.8323854092781, 255.9862917279503, 967.7617986726393]
	[-279.2941434861518, 255.93155310883, 968.5424175555346]
	[-278.907375636206, 255.9910967343631, 967.6317986452165]
	[-279.1497762019205, 255.9662100502515, 967.9599101019833]
	[-279.2941434861518, 255.93155310883, 968.5424175555346]
	[-278.7726080501358, 256.0076606914146, 967.4789252386546]
	[-279.3311589605615, 255.9446125387432, 967.9920830745995]
	[-278.9801425623333, 255.9594908079774, 968.1481619096437]
	[-279.2094097270306, 255.9442059005997, 968.2430735564172]
	[-278.9505107893968, 255.9999907659902, 967.3976206112619]
	[-279.2941434861518, 255.93155310883, 968.5424175555346]
	[-279.2941434861518, 255.93155310883, 968.5424175555346]
	[-279.433853909821, 255.8811113741931, 969.1735361156902]
	[-278.9174647068296, 255.9742237957811, 968.0612223192455]
	[-279.2941434861518, 255.93155310883, 968.5424175555346]
	[-278.8338722233173, 255.988301074138, 967.7853602722313]
	[-279.4626743900184, 255.9083286906958, 968.7197546480074]
	[-279.2094097270306, 255.9442059005997, 968.2430735564172]
	[-279.2941434861518, 255.93155310883, 968.5424175555346]
	[-279.2493978985108, 255.9003390634764, 968.9983974088333]
	[-279.1647575289093, 255.9135003271001, 968.6991068605796]
	[-279.3311589605615, 255.9446125387432, 967.9920830745995]
	[-278.8743370118906, 255.9457543329323, 968.5404718195724]
	[-279.2094097270306, 255.9442059005997, 968.2430735564172]
	[-278.9174647068296, 255.9742237957811, 968.0612223192455]
	[-279.5745682563362, 255.862390660467, 969.1078039103074]
	[-278.9025382547935, 255.9944116594231, 967.412906554189]
	[-279.3224021518556, 255.9272013455208, 968.4846629730001]
	[-279.2256612045916, 255.8988398095262, 968.7815168110864]
	[-279.2094097270306, 255.9442059005997, 968.2430735564172]
	[-279.2452856748784, 255.9094137817323, 968.5474602096032]
	[-279.4547824952059, 255.9114037029809, 968.7318663892905]
	[-279.2493978985108, 255.9003390634764, 968.9983974088333]
	[-279.2627632798965, 255.9495170454084, 968.2012591453988]
	[-278.8323854092781, 255.9862917279503, 967.7617986726393]
	[-278.965701007041, 255.9489235724285, 968.1363866246467]
	[-279.2094097270306, 255.9442059005997, 968.2430735564172]
	[-279.2094097270306, 255.9442059005997, 968.2430735564172]
	[-279.2941434861518, 255.93155310883, 968.5424175555346]
	[-279.546184678473, 255.866657575538, 969.165358263831]
	[-278.9174647068296, 255.9742237957811, 968.0612223192455]
	[-278.9090385211835, 255.9812104804522, 968.1048425255153]

