	[-157.33660989379, 251.8040536877974, 903.3891382280759]
	[-157.0190977387519, 251.8121888090886, 902.9801907976503]
	[-156.5905904259938, 251.8678440345952, 901.8116054525126]
	[-156.5568716024116, 251.8404107054513, 902.5884538165488]
	[-156.7455730810279, 251.8291984489856, 903.0600329028076]
	[-156.7958998063558, 251.8459397538081, 902.2832041416402]
	[-156.9547860415715, 251.818764766957, 902.9410851317487]
	[-156.7543640660085, 251.8111179692683, 903.4610037480188]
	[-156.9646079608182, 251.8139210454614, 902.9336708146965]
	[-156.614656534747, 251.8369379586916, 902.622856929609]
	[-156.9852374841958, 251.8128660481715, 903.0601574883121]
	[-157.5683611911957, 251.7367938787564, 904.4789143906429]
	[-156.7069435829401, 251.8235625432911, 903.0668994263574]
	[-156.5948885791734, 251.8490509450357, 902.2952040767902]
	[-156.9652762383344, 251.8262897145505, 902.5353520844739]
	[-156.8325348427888, 251.8300091570586, 902.5500615172836]
	[-157.1191939302405, 251.8066911017772, 903.1439110182554]
	[-156.828398423244, 251.8492304831225, 902.2089384664273]
	[-157.0845648933293, 251.7673098052615, 903.8251538080218]
	[-156.8673365340359, 251.8478758705285, 902.1436590455481]
	[-156.9804318774692, 251.8252780771704, 902.5851710531008]
	[-156.9319917020522, 251.8482479095615, 902.5456227966431]
	[-156.7517317087142, 251.809323131722, 903.4739377195216]
	[-156.8042596377427, 251.8232277533649, 903.0048672469399]
	[-157.0137213316541, 251.8025719399285, 903.4988172856172]
	[-156.6499267835806, 251.7798235030291, 903.5626602442715]
	[-157.0350280560297, 251.7734726832813, 903.7631917274595]
	[-156.9267218051746, 251.7892794352707, 903.7364144620924]
	[-156.5274812623252, 251.8334019033614, 902.6932049025698]
	[-156.9747274031669, 251.761990461054, 904.1931549899583]
	[-156.6576353556009, 251.8035283163746, 903.4538500575702]
	[-157.4278431958237, 251.7625984406673, 904.1192300328089]
	[-156.9749504326029, 251.7998967272356, 903.4867390674349]
	[-157.0161404098499, 251.8242432984269, 903.0388097073844]
	[-157.2057187760022, 251.7719978991897, 904.1412021060218]
	[-157.2652884262303, 251.7780160337088, 903.6414721902817]
	[-157.0381008859138, 251.7871044055771, 903.8103135809939]
	[-157.3826721436628, 251.7308073783452, 904.5427076605087]
	[-157.106029941176, 251.7683844205347, 904.2148640080235]
	[-157.2464904401928, 251.7771957634346, 903.6112174675458]
	[-157.2351188712215, 251.7463928921018, 904.5387368331519]
	[-157.308802682454, 251.7705802212689, 903.6464960238144]
	[-156.6388596050134, 251.8118224371632, 903.2343931237135]
	[-157.0533815310573, 251.7809432890934, 903.7664046545146]
	[-157.2273200148295, 251.7706003119553, 903.9947748286835]
	[-157.0034104377257, 251.7607972453744, 904.187245035362]
	[-156.7466923489053, 251.7836568472922, 903.871503265534]
	[-157.0976448218585, 251.8015289036877, 903.5290113251693]
	[-156.9847334346518, 251.7737102148444, 903.6986453320144]
	[-156.8082926069348, 251.8191029617506, 903.1746730608999]
	[-157.1130415905615, 251.7591085827021, 904.2138438978004]
	[-157.0134748424116, 251.7794292448949, 903.7023067509955]
	[-156.9573060333608, 251.7788717973544, 903.9089655629375]
	[-157.3900356567532, 251.7614945327412, 904.2100016826171]
	[-157.0496550705343, 251.8041513616623, 903.3153862316333]
	[-157.2380171162982, 251.7942662964703, 903.5064711291703]
	[-157.0054329886961, 251.8320901581197, 902.5467713648234]
	[-157.1763759513415, 251.7634942705422, 904.234889074448]
	[-156.9654666350539, 251.7664225267183, 904.2542748907763]
	[-156.9790886378376, 251.7610191496938, 904.2180560386086]
	[-157.1162038628097, 251.7788911044254, 903.8919919939395]
	[-157.0402432247504, 251.7621632859208, 904.1875092313853]
	[-157.3352268594381, 251.7576775160479, 904.1330868422865]
	[-156.9892339998297, 251.8238488100986, 902.8990030351576]
	[-156.948545368106, 251.7561622914937, 904.2107049328747]
	[-157.0648023013387, 251.8062212173497, 903.0403975649663]
	[-156.9617622951053, 251.7817144514364, 903.7315710243552]
	[-157.0057032046362, 251.7818907779265, 903.7512846998726]
	[-156.9630367819879, 251.7765890986876, 903.8754403767651]
	[-157.1330849660827, 251.7501538816081, 904.201104603378]
	[-157.0125253583236, 251.7590584509059, 904.186417279071]
	[-156.9507688564647, 251.7579473199918, 904.1978290692197]
	[-157.117779195034, 251.7785768547795, 903.7572535837731]
	[-156.7475807102391, 251.7792980898834, 903.8540377239607]
	[-156.8123866353182, 251.8025044288091, 903.4586899265265]
	[-156.727110562824, 251.7970797696343, 903.3695682795742]
	[-157.3561729891433, 251.7419529870936, 904.5613144498535]
	[-156.9232439370237, 251.7579114512156, 904.228289507578]
	[-157.0120149000006, 251.8014844019225, 903.1136001058483]
	[-156.9106487158056, 251.7785156489669, 903.7089389460502]
	[-156.9422678402712, 251.7926635418532, 903.4241321034659]
	[-156.9815586023073, 251.770823846601, 903.883326107231]
	[-156.9005305070715, 251.7712116054925, 904.1130775123198]
	[-156.8467910576466, 251.7988475269091, 903.3301584761072]
	[-157.2377475645687, 251.7573563954481, 904.1114076400893]
	[-157.0812838816742, 251.7692370486826, 903.7268674608417]
	[-157.3838220533264, 251.7490065503569, 904.134533109106]
	[-156.6647487807809, 251.8269565906208, 902.5632001442893]
	[-157.150547540519, 251.7880669642702, 903.3090282554919]
	[-157.0643355946538, 251.7599431529433, 904.1883217578426]
	[-156.8651264393891, 251.8112498656629, 902.9273782433592]
	[-156.8337947611215, 251.7568650971546, 903.9171162164139]
	[-156.9199611859818, 251.7664111550162, 904.1851747340556]
	[-156.6759840955406, 251.820796612542, 902.6917796409333]
	[-156.8667866153219, 251.7919398727098, 903.453749025152]
	[-156.900755360377, 251.8114792255321, 903.3851377794696]
	[-156.9638782181602, 251.7938633443294, 903.1669731340274]
	[-156.8848897383569, 251.8133985068566, 903.1561516590705]
	[-156.8942281821209, 251.7762335539722, 903.7835053011656]
	[-157.0104141809019, 251.756072111392, 904.2048136105275]
	[-157.0390812301902, 251.7583822818717, 904.2330103712345]
	[-156.947097445505, 251.8146205098792, 902.9212368755125]
	[-156.8286044871657, 251.823280883484, 902.711527616506]
	[-157.0744467216305, 251.8107143196165, 903.0111014176807]
	[-157.2110602806617, 251.7900554208531, 903.3016327513064]
	[-156.7809228145764, 251.7992530409057, 903.4059013404268]
	[-157.5563712538395, 251.760264274113, 904.115850183529]
	[-157.0276290428814, 251.7947876054898, 903.3455833878016]
	[-157.3979204084702, 251.7608079969193, 904.0987463599257]
	[-157.1095233493032, 251.8063434334518, 902.9592886364624]
	[-156.4516142957018, 251.7952758146938, 903.425020861156]
	[-156.8506508269492, 251.7782311612156, 904.1115782991195]
	[-156.7750806422151, 251.8011411271378, 903.4389850578995]
	[-156.8930390694435, 251.7924544651522, 903.6297960541119]
	[-156.8691009295996, 251.8185113911083, 902.7150174580498]
	[-156.9891980308772, 251.7868658077988, 903.6175835960083]
	[-156.9535078697976, 251.7916225360588, 903.6306461088272]
	[-156.8800321257424, 251.7914618761627, 903.3277385476476]
	[-157.1116165867158, 251.7785841289623, 903.7910368168541]
	[-157.3088094237595, 251.7230800823276, 904.5257875741984]
	[-157.3189925003089, 251.744309395606, 904.3041281183584]
	[-157.1922790685233, 251.7601893156034, 903.8517334859653]
	[-157.1990430277061, 251.7807770852912, 903.7286938749365]
	[-157.07792797154, 251.785518867718, 903.5709439890054]
	[-156.9720894906655, 251.7833216568933, 903.5369187343099]
	[-157.0308516288327, 251.7503065833901, 904.1855116790263]
	[-156.9151472516969, 251.7652164775342, 903.9098537636042]
	[-157.0204905874614, 251.782381918637, 903.5524583183843]
	[-156.8455406318835, 251.788711533295, 903.8477292886678]
	[-156.982858900542, 251.7743447292515, 903.8512829166145]
	[-157.2605941237277, 251.7589253099697, 904.0922986217198]
	[-157.0565690330938, 251.7794732350795, 903.7706060099661]
	[-157.2391522837077, 251.7998139055126, 903.4052053237863]
	[-157.4347643500919, 251.750164189191, 904.2239905714831]
	[-157.1579580686035, 251.7897005474386, 903.6692338512648]
	[-156.8152409684795, 251.7980555273699, 903.4712791318996]
	[-157.1130823180408, 251.7741052569729, 903.7512939190234]
	[-157.0123686554918, 251.7553455684294, 904.1329986605917]
	[-156.9241033575498, 251.7706809086408, 903.8752912526323]
	[-156.7834975147015, 251.798270181077, 903.6586368275978]
	[-156.9717204040348, 251.7819182537477, 903.8723524415262]
	[-156.8697285851084, 251.811978322794, 903.0023106389052]
	[-156.7625956338776, 251.7985847559023, 903.4490248075589]
	[-156.8237428057019, 251.8030473514505, 903.4028915500832]
	[-156.6934342564738, 251.7992280657228, 903.0577570608635]
	[-156.6562928614906, 251.8040822582201, 903.3074280795109]
	[-157.2636276637203, 251.7758273889208, 903.6659474910929]
	[-156.7934037725749, 251.7865205709259, 903.6848560873286]
	[-157.13370429412, 251.7564238582095, 903.9578711676794]
	[-156.8081771706583, 251.7776848213986, 903.5266943890454]
	[-157.289376906225, 251.7626060470332, 904.1460116032343]
	[-156.8359895816131, 251.8123597731519, 903.3060593337015]
	[-156.9981177789747, 251.7922243774993, 903.4913531822598]
	[-156.7647316873408, 251.8282320359092, 903.0428687285211]
	[-156.9199611859818, 251.7664111550162, 904.1851747340556]
	[-157.0267040838861, 251.7629842631251, 904.2246693378347]
	[-157.0426091395328, 251.7762516171581, 903.7515660543095]
	[-157.5304972829373, 251.745511313492, 904.1004089630945]
	[-156.7932560170908, 251.7874594197512, 903.3960915451214]
	[-156.9343208319287, 251.7827491367524, 903.7411980579443]
	[-156.9386017227749, 251.7608409036172, 903.9746187765569]
	[-156.8548139459467, 251.7846349341338, 903.4960028065269]
	[-156.7948797936668, 251.7676423025952, 903.9051368468813]
	[-156.8762793498219, 251.7708162414002, 903.9377219552206]
	[-157.3948092607024, 251.7419371178424, 904.1389200274507]
	[-157.0903053370768, 251.7948440036921, 903.3311225725782]
	[-156.8104231290694, 251.7918259697997, 903.3892893438298]
	[-156.7564124940793, 251.8187052056463, 902.9602752227831]
	[-156.6901577893786, 251.8319648268973, 902.6523050962729]
	[-156.7214618891557, 251.806836953473, 903.0580234513554]
	[-156.7396946021564, 251.8090221902494, 902.8747596883137]
	[-156.8315250228409, 251.7841921022073, 903.8866270958301]
	[-156.6192369507396, 251.8321583986192, 902.5866976451738]
	[-157.3480070016411, 251.7793406567771, 903.6676611746481]
	[-157.21944622038, 251.7588957492826, 903.8561505803104]
	[-156.8254519607233, 251.7907513198232, 903.7912539601942]
	[-156.7344703652896, 251.7671090204146, 903.8990861799176]
	[-156.9081379676364, 251.7557475438887, 904.1855830624575]
	[-157.112270152735, 251.7968238276938, 903.2653773397275]
	[-156.9392029792883, 251.7779666182238, 903.7588311012126]
	[-156.7982386385058, 251.7991496543123, 903.4209300032206]
	[-156.9821210387067, 251.7878176850772, 903.5301138965062]
	[-156.8695063411365, 251.8164849359209, 902.6652144272562]
	[-156.6917243308612, 251.8183448148429, 903.0547485779356]
	[-157.2699307052517, 251.7334225128929, 904.2404496464642]
	[-156.9319676995317, 251.8087447088545, 902.9259492955007]
	[-156.9815660218415, 251.7549280215092, 904.2219317407607]
	[-156.9081379676364, 251.7557475438887, 904.1855830624575]
	[-156.8771490808682, 251.7905032872115, 903.551862153461]
	[-156.8415663698246, 251.77271576003, 903.8893535441306]
	[-156.9327971364602, 251.7768366465224, 903.7243899853237]
	[-157.3088062730663, 251.7431774649948, 904.6114618141763]
	[-156.9147166822887, 251.7951546865938, 903.3855656535557]
	[-156.7556287830924, 251.8326809201189, 902.3539580868204]
	[-156.8662318228448, 251.7635557923317, 904.1957289747833]
	[-156.910953362956, 251.7712493776466, 903.823510009116]
	[-156.9067612776469, 251.7972705932058, 903.3373343253616]
	[-157.075811408777, 251.7881707843765, 903.4160732109457]
	[-157.0787636864608, 251.7583347041476, 904.1786192700638]
	[-157.0085472293812, 251.8098222394601, 902.8857320021301]
	[-157.0317818216058, 251.7952302513138, 903.3938425599987]
	[-156.912940123824, 251.7956142708336, 903.0470633548181]
	[-156.8518547687851, 251.8393852880036, 902.553729197311]
	[-156.7217601046871, 251.7838675057014, 903.9019948013095]
	[-156.7466923489053, 251.7836568472922, 903.871503265534]
	[-157.2187332349795, 251.7392936357188, 904.5461207506918]
	[-156.7974085096558, 251.7907988318667, 903.1973325631403]
	[-156.9310356978263, 251.748726413179, 904.1716263967789]
	[-157.0074589796438, 251.7504464861221, 904.2441226787499]
	[-156.8179527117849, 251.8464658912109, 902.2564040506857]
	[-157.1034580766715, 251.780980757646, 903.5142040804482]
	[-156.8644325224454, 251.781339133009, 903.3842059017225]
	[-156.8464898497766, 251.7721807524345, 903.778650637627]
	[-157.3270486520697, 251.7289881911188, 904.543283990807]
	[-157.0131613643963, 251.7752460112156, 903.7984945855284]
	[-157.0225121437076, 251.7549890338453, 904.1950071014616]
	[-157.0344626381499, 251.7988946091857, 903.407499812547]
	[-156.9293943636546, 251.7648121506596, 904.086031665357]
	[-156.7832743811455, 251.7780603774297, 903.8563692413525]
	[-156.9623642094771, 251.7815298860474, 903.2762046662698]
	[-157.1080571261726, 251.7875185067296, 903.4770579325859]
	[-157.0104888494842, 251.7856282933894, 903.7410252287609]
	[-156.9199611859818, 251.7664111550162, 904.1851747340556]
	[-157.1248760460792, 251.7426970522488, 904.2150488239638]
	[-156.8594077105648, 251.82214511424, 902.8403830531221]
	[-156.9443925582691, 251.7860029633361, 903.4392428696486]
	[-156.8301983891377, 251.8149089911923, 903.0291422570277]
	[-156.9734800250806, 251.7796371539123, 903.4373265686193]
	[-156.7483312333742, 251.8042355560119, 903.4358004593704]
	[-157.0794246624616, 251.777688267345, 903.4506937879338]
	[-156.8716525945064, 251.7851578942407, 903.1900092920926]
	[-156.9084458721067, 251.7920210741027, 903.2816868378858]
	[-156.8336337965433, 251.800729271044, 903.3763516187747]
	[-156.8396080839437, 251.7845486388029, 903.1592495723661]
	[-156.8236883303442, 251.8061008556644, 903.1679758393342]
	[-156.5761184517189, 251.8104999069648, 903.3142374945356]
	[-156.6998483463561, 251.8140207025274, 902.9843362612618]
	[-156.8967173384945, 251.7965109035723, 903.3347006739973]
	[-156.6090442938776, 251.8181491670143, 902.7155053337775]
	[-156.8079174109917, 251.8076950873027, 903.0432715891825]
	[-156.9662441275878, 251.7976804154074, 903.1040677786488]
	[-157.0473121621807, 251.7873040628598, 903.2516187740737]
	[-156.9868972942201, 251.8322321402921, 902.6287874972733]
	[-157.0102957402919, 251.7714473339132, 903.8021706389678]
	[-156.8158685164, 251.790859573156, 903.4248790404563]
	[-157.2382694360512, 251.7618027836961, 903.8862376331691]
	[-157.1019350308758, 251.7924595337823, 903.4334565998624]
	[-156.5810278046079, 251.8096874664948, 903.3404979064393]
	[-156.9269165712333, 251.7559035343239, 904.1629416228102]
	[-157.0678259391395, 251.7476277468016, 904.1787930022402]
	[-157.6075002822072, 251.7301867560739, 904.5315039937351]
	[-156.9226665224722, 251.8048943209188, 902.8753597901391]
	[-156.8943576785436, 251.7895091746538, 903.3827172382488]
	[-156.8641849831762, 251.7821400472987, 903.7254379376252]
	[-157.2958047651829, 251.7491590898665, 904.2247429585741]
	[-156.4817062425373, 251.8387682016985, 901.9604764153847]
	[-156.9504371575428, 251.7712579236407, 903.5174969582685]
	[-156.9186972794446, 251.7678687507865, 903.7783394885922]
	[-157.0227537179144, 251.749450730913, 904.2292550477165]
	[-156.7052852858683, 251.8039617158411, 903.4161820211688]
	[-157.0507032613965, 251.7906916582323, 903.4224918115916]
	[-156.7435833419957, 251.8044763153407, 903.3718135121048]
	[-156.9764368395625, 251.7753792860156, 903.9036147720386]
	[-156.6567468156628, 251.8169582209468, 902.7323108329205]
	[-157.0413206262199, 251.7790191825426, 903.4714552146055]
	[-157.1928445210134, 251.763210888738, 903.6691133580448]
	[-157.2451536242365, 251.7756516443993, 903.6895061051438]
	[-156.6742540148518, 251.7835553701216, 903.486408281463]
	[-156.7825875116106, 251.8079387142566, 903.0749897283453]
	[-157.2089443821068, 251.7749968372628, 903.7847071342319]
	[-156.9303871030482, 251.7940829244867, 903.3178767495348]
	[-156.7414774775262, 251.7682012036673, 903.8894449291142]
	[-157.3535273691309, 251.7336155340874, 904.5605347763002]
	[-157.0423620334445, 251.7693164303259, 903.7444297817545]
	[-157.0808897809003, 251.76364605181, 903.7589475001291]
	[-156.727206481254, 251.7999694563342, 903.4105378614152]
	[-156.747025122788, 251.7729282527758, 903.857731556104]
	[-156.8655235485272, 251.8024924173169, 903.2683090943412]
	[-156.9537985816792, 251.7564693049756, 904.0541603443194]
	[-156.9327427210553, 251.8007350695119, 903.3604330890394]
	[-156.8519419035404, 251.7740731398765, 903.8680811246024]
	[-156.9285020875426, 251.7899552693435, 903.4911058172285]
	[-156.8893669472143, 251.7645853134567, 903.8740623214601]
	[-157.0507596269135, 251.7561215099605, 904.232260692075]
	[-156.8467623038187, 251.8028460376544, 903.3225474195904]
	[-157.1248760460792, 251.7426970522488, 904.2150488239638]
	[-156.972384031456, 251.7901525010911, 903.4311908277483]
	[-157.1287579199963, 251.7667908866871, 903.6733991038033]
	[-157.4134656558447, 251.7261917852812, 904.5275584646763]
	[-157.0431098477193, 251.7725464761554, 903.7638407013894]
	[-157.1621982940761, 251.7791894667949, 903.9115655352213]
	[-157.3269197678748, 251.7744590036209, 903.7456012889445]
	[-157.05245177502, 251.7692643403751, 903.7917316269043]
	[-156.6476684906743, 251.8116715288601, 902.6809573653981]
	[-156.8911402259023, 251.7819323372302, 903.5355293409182]
	[-156.9647312098807, 251.7679090558431, 903.7959661422469]
	[-156.8737065064378, 251.8055346988287, 903.2672938485467]
	[-156.8699649017729, 251.7559041906845, 903.9407905817476]
	[-157.5920385735562, 251.7263077771765, 904.3891719901048]
	[-157.0430980063637, 251.7903526988109, 903.1266144171116]
	[-156.8519419035404, 251.7740731398765, 903.8680811246024]
	[-157.6692147533693, 251.7066148344003, 904.89732202185]
	[-157.239125400253, 251.7724614094933, 903.6832093638566]
	[-156.7355786850873, 251.7876426616054, 903.4606207797552]
	[-156.7802527998263, 251.8080908889105, 902.9859661383555]
	[-156.6488663375916, 251.8068924830711, 902.805932455153]
	[-156.6918971205511, 251.8184828847367, 902.9662967945058]
	[-157.0960121264384, 251.7715337737433, 903.4762801130585]
	[-157.0169694775809, 251.7864772478509, 903.370624371044]
	[-157.303239962149, 251.7335574424258, 904.5488266147008]
	[-156.4672580113269, 251.8124234874322, 903.1470878120654]
	[-156.9456332649436, 251.7605013081332, 904.2372473052374]
	[-156.9110535897949, 251.7840549471472, 903.7271068444587]
	[-156.9565347630239, 251.7861863591071, 903.7184023080625]
	[-156.9597466261977, 251.7764166197385, 903.7776701042021]
	[-157.9290026122703, 251.7259523255318, 904.4662190172623]
	[-156.896909874669, 251.7833339490108, 903.4031596020803]
	[-156.7682659106975, 251.8220686975789, 902.998088689642]
	[-157.0749577329808, 251.7818929145582, 903.3813401209217]
	[-156.8627434895115, 251.8073668115461, 903.3663632327006]
	[-156.9736780274681, 251.8027719679469, 903.2283330473585]
	[-157.0348171074545, 251.7905347986834, 903.5159560426052]
	[-156.7128469327307, 251.8031467657436, 903.2741612139455]
	[-157.0368180737476, 251.7679761710252, 903.7309210844978]
	[-156.8541361040302, 251.8012305516325, 903.4778434855399]
	[-157.2453026735898, 251.7538078270269, 904.1239211701527]
	[-157.0590239041512, 251.7831758873581, 903.7599660243624]
	[-157.0114800639372, 251.8032472553733, 903.0008727559194]
	[-157.2032849967689, 251.7540855808782, 904.2557625103443]
	[-157.3266004543293, 251.7428607055521, 904.0912499904795]
	[-157.0401389812864, 251.7748149511604, 903.8347665381008]
	[-156.852137320616, 251.787555016541, 903.7604377828876]
	[-156.6708018714984, 251.8134935874892, 903.08348554156]
	[-156.8412712475683, 251.7765952870461, 904.0802646893076]
	[-157.0179540698102, 251.7750992820575, 903.718212652644]
	[-157.5284135481853, 251.7132195673883, 904.7237956230683]
	[-156.6381638702898, 251.7997380398347, 903.061507526372]
	[-157.2360636129555, 251.7603411229784, 904.1184562382311]
	[-156.9951008030545, 251.7691800171432, 903.4711901961837]
	[-156.7627249947848, 251.7821306621206, 903.2414150335169]
	[-156.8357002759175, 251.7694952814058, 903.9175371411567]
	[-157.0511246417763, 251.7619025910423, 903.9487769068684]
	[-156.6242874362765, 251.7980449698322, 903.2518875992736]
	[-157.0799210585155, 251.8074262211281, 902.8619529241176]
	[-157.083315843044, 251.7568112354022, 903.9355116700697]
	[-156.727206481254, 251.7999694563342, 903.4105378614152]
	[-156.7119664119229, 251.8019740961182, 903.021685826057]
	[-157.0513847920355, 251.7938797440985, 903.3294773189856]
	[-156.9323042551179, 251.7696662326178, 903.6452194037347]
	[-157.139782016771, 251.7497169396625, 904.234494160421]
	[-156.9987059772423, 251.7564499467398, 904.142952650502]
	[-157.1137239490712, 251.8028307316399, 902.9375136657565]
	[-156.9975179936516, 251.7908917966844, 903.3884632415322]
	[-157.0297785420668, 251.7693233262746, 903.7850638375091]
	[-156.9794374968143, 251.7663854716337, 903.7858381395665]
	[-157.2274561376943, 251.7305446119964, 904.5100818225459]
	[-156.9235259283738, 251.7688825574193, 903.8112456411297]
	[-156.9306077045168, 251.758708893113, 904.0029988336506]
	[-157.3630784183389, 251.7521995594728, 904.1375789324373]
	[-156.8573388627038, 251.7674437835759, 903.8993682883822]
	[-157.0974492510135, 251.7733467601854, 903.7822570334625]
	[-157.1111933739287, 251.7720320926292, 903.5289367088076]
	[-156.6759061202924, 251.7859648073526, 903.4532628339367]
	[-157.2422218413839, 251.7611252567193, 904.0186181807817]
	[-157.0703620322707, 251.7533083396995, 904.2197643791953]
	[-156.8005006873825, 251.7731980141961, 903.8663327214022]
	[-156.8143271769534, 251.7973507111882, 903.3743476830504]
	[-157.0505530230615, 251.7650455772273, 903.7948556675769]
	[-157.0228420019906, 251.7745412120661, 903.7878060260884]
	[-156.7046567716089, 251.7936460398999, 903.4724608922929]
	[-156.5143181030135, 251.8076700379334, 903.160450338648]
	[-157.2075376773173, 251.7628579070703, 903.7358056630678]
	[-157.0245640866182, 251.8081995055773, 903.1238915808799]
	[-157.219771357546, 251.7505448373483, 904.0928925297661]
	[-156.8774176624437, 251.7735381510749, 903.7370614444957]
	[-157.0104734116635, 251.7734675343646, 903.7950425896212]
	[-157.0731968292929, 251.7580854518351, 904.1872773547079]
	[-157.1994997846063, 251.7451127759128, 904.5383234244774]
	[-156.8852446701584, 251.7872587679302, 903.2341004934067]
	[-157.1020267432214, 251.7707497870244, 903.8382627392444]
	[-156.7220877438585, 251.7794782172401, 903.4606382129035]
	[-156.89945270955, 251.7860834995601, 903.4376338503083]
	[-157.0580361975975, 251.7592572943434, 904.2231176995159]
	[-156.9199831051801, 251.8021556921007, 902.8381136725665]
	[-156.9622621942133, 251.7892152486196, 903.4783809296397]
	[-156.9343310228786, 251.7759142485442, 903.721879556003]
	[-157.0579283967582, 251.7868295084206, 903.3605512862639]
	[-156.8626839044702, 251.7860213382388, 903.412215322077]
	[-156.953178219203, 251.7909121737066, 903.7283141104076]
	[-157.1525642183994, 251.7513676819507, 904.1011157265231]
	[-157.2386021339455, 251.8007439987028, 903.2475232198551]
	[-157.2386750444367, 251.7647597934654, 903.7283865718816]
	[-157.1980736516669, 251.7968502787149, 903.2484790247431]
	[-156.8087440515943, 251.767470667852, 903.8813010964224]
	[-157.016109015603, 251.7822749747147, 903.6031561433091]
	[-156.474568905107, 251.8170618819616, 902.6998782053275]
	[-156.7361592975235, 251.7829141395298, 903.4185310216033]
	[-157.308802682454, 251.7705802212689, 903.6464960238144]
	[-156.8777211729915, 251.7770368378704, 903.7859645226154]
	[-156.658203118148, 251.820380648901, 902.6011806913575]
	[-157.2867779357669, 251.7593857344584, 904.1345451388868]
	[-156.8320370119258, 251.8135685290972, 902.7431558563967]
	[-157.3120033035587, 251.7559572799336, 903.9735241378098]
	[-157.177993655772, 251.7521351444202, 904.0607046129397]
	[-156.9936333640674, 251.7713404641276, 903.5843347368067]
	[-156.6830413369133, 251.7780439243613, 903.8153889359918]
	[-157.4422772512562, 251.715461532175, 904.5539146512249]
	[-156.6340671278429, 251.8266255126434, 902.3539041892652]
	[-156.7058492681849, 251.8018033570017, 903.0800082968057]
	[-157.1320231861532, 251.8052516684636, 902.9184839000437]
	[-156.9105738413295, 251.795919306151, 903.4267717542263]
	[-156.664353615146, 251.7780541261803, 903.7870940139262]
	[-157.151439867182, 251.7612973606042, 904.1219288062789]
	[-156.9626335133757, 251.7560851757201, 904.1871847225534]
	[-156.6365945446955, 251.8143682014629, 903.3006903920233]
	[-157.0483499502683, 251.7751311979985, 903.6083611369243]
	[-156.9754934748142, 251.7798990158127, 903.7902787403331]
	[-156.8045573463147, 251.7660264101335, 903.8256256075661]
	[-156.6776567964953, 251.7853385828901, 903.4732797812999]
	[-156.9244890074301, 251.7876641747035, 902.7144608624047]
	[-156.820327540989, 251.77731661541, 903.4205282934981]
	[-157.0472725784184, 251.7780176693959, 903.4819126786683]
	[-156.8053641662395, 251.7740308188478, 903.8506399841331]
	[-156.9028221008077, 251.7743488085329, 903.4764385362495]
	[-156.8968981245238, 251.7968261152277, 903.4613839934682]
	[-157.0079841524211, 251.7981135512877, 902.9611353317619]
	[-157.1743063446529, 251.7604104450568, 903.9263093818126]
	[-156.729724899065, 251.7996084144449, 903.3091772586255]
	[-156.801862144927, 251.7722783063645, 903.8638323950822]
	[-156.6918971205511, 251.8184828847367, 902.9662967945058]
	[-157.0120975960412, 251.7742800095718, 903.774934320864]
	[-156.9387832441726, 251.7582496337646, 903.9951473699435]
	[-156.9015220370332, 251.7805287234767, 903.6366602084723]
	[-156.8047086083051, 251.772728957642, 903.9103003283593]
	[-156.9102672009004, 251.7737923825497, 903.6220897158489]
	[-156.9519459049395, 251.7691269899901, 903.886102149384]
	[-156.7796892311186, 251.8243374733283, 902.653089271015]
	[-156.82211338213, 251.7980382306212, 902.744341472367]
	[-156.8120478871616, 251.804030283864, 903.0693237993286]
	[-156.7666220884375, 251.8029488242007, 903.1080416231482]
	[-156.9505711262329, 251.7898193544798, 903.6440851921706]
	[-157.1728764813569, 251.7704430517126, 904.1135501463333]
	[-156.6522254392009, 251.7846235198046, 903.689732724995]
	[-157.0225121437076, 251.7549890338453, 904.1950071014616]
	[-157.2745847440841, 251.7563290028513, 904.0178021022967]
	[-156.7295200920586, 251.7765552838509, 903.7861029403159]
	[-156.9538417156542, 251.7735572960331, 903.8601192856707]
	[-156.6483480859208, 251.8259673114495, 902.6422742651803]
	[-157.1138786671451, 251.743834142404, 904.4333664118633]
	[-156.928260854466, 251.7901478747769, 903.6509900212261]
	[-157.0758494209528, 251.7808420717602, 903.4928465692808]
	[-156.6641101892188, 251.81872799403, 902.9975079992399]
	[-156.6683683089639, 251.7754213780084, 903.6468243060258]
	[-156.7273475299165, 251.8014849890168, 903.2523265024599]
	[-157.4686611510767, 251.737473082634, 904.4933586001118]
	[-156.6978061570899, 251.8337205692098, 902.6812814033577]
	[-156.7975842520242, 251.7836421960585, 903.7864193056865]
	[-157.1098919829449, 251.7720952920175, 903.8036897040413]
	[-157.0048037630254, 251.7616458350395, 904.1147132848162]
	[-156.8243099534472, 251.7867154472977, 903.6502054469224]
	[-157.2421359847624, 251.7579610019069, 904.0681833031638]
	[-157.0582695244717, 251.7975051367298, 903.4196733303528]
	[-156.9693789379685, 251.7691541073192, 904.1626032182064]
	[-157.0558604061206, 251.754144267183, 904.2370498687711]
	[-157.1604497685122, 251.7499354279005, 904.2925646072966]
	[-156.730671525673, 251.8037888367804, 903.0621744113266]
	[-156.956293131831, 251.7895553271676, 903.71450618518]
	[-157.0028890154149, 251.7801478023074, 903.6810459528176]
	[-157.0104734116635, 251.7734675343646, 903.7950425896212]
	[-157.1107086559149, 251.795575035211, 903.3828023005183]
	[-157.2349245163627, 251.7628362114743, 904.0500546040049]
	[-157.2647404943149, 251.7515818536035, 904.4943447252757]
	[-157.247072167156, 251.7467768847164, 904.4408712674635]
	[-156.765470401378, 251.7778702792879, 903.8791235120061]
	[-156.8661228495418, 251.798798336517, 903.0983213130522]
	[-156.8975226650511, 251.8108896880742, 903.2035786263704]
	[-156.9645921899631, 251.8021181865813, 903.1695194149581]
	[-156.8439629580611, 251.8174972837735, 903.0181956940598]
	[-156.9108104148859, 251.7801826252069, 903.7311546922297]
	[-157.0611282029298, 251.7746645849477, 903.8495916246983]
	[-156.9712398463482, 251.7690615806109, 904.1167037194188]
	[-156.9085489215124, 251.7783841804584, 903.7445062095009]
	[-156.730005269794, 251.804516033034, 903.0906658901748]
	[-156.3119785805863, 251.8552212382533, 902.1453884481758]
	[-156.9435277656457, 251.7841073445017, 903.6954681127435]
	[-157.1192806597201, 251.7453058567893, 904.2034877530045]
	[-156.6746810138322, 251.8002489395384, 903.2612987070447]
	[-156.6474334615901, 251.8077665939068, 903.4058203426113]
	[-156.9460168957762, 251.7675069516639, 904.1611184934857]
	[-156.7365427964593, 251.8306299184594, 902.7105339542823]
	[-156.9654699872329, 251.806130437439, 903.3989150410708]
	[-156.9856208905855, 251.7684834611931, 903.8468357963436]
	[-156.9720217449291, 251.8033379985916, 903.2590071265929]
	[-157.2732406710632, 251.7767474807886, 903.7001380176324]
	[-156.7426938268661, 251.7979523267433, 903.4025843208263]
	[-157.0128402662977, 251.7752658145657, 903.7816002702162]
	[-156.8689600449561, 251.78317817992, 903.4839019250787]
	[-156.5624085311447, 251.8153044737369, 903.0948009822434]
	[-156.7806226557944, 251.7876029408373, 903.6945657748508]
	[-156.7796577580422, 251.7673571183543, 903.9217612197365]
	[-156.7254426500401, 251.8082046560745, 903.3662820062448]
	[-157.3518073231628, 251.7685118530033, 904.1440638550478]
	[-156.9462704871251, 251.808870510194, 903.3062652799871]
	[-156.6727510925243, 251.7953031243918, 903.7561659561119]
	[-156.9245009262548, 251.8328945393937, 902.9222951418343]
	[-156.8116114580705, 251.7692258681305, 903.8680377131947]
	[-157.3704992655895, 251.752824871222, 904.1700806773143]
	[-156.8053641662395, 251.7740308188478, 903.8506399841331]
	[-156.7296338599711, 251.7933815018034, 903.4414105221965]
	[-156.669542762307, 251.793511893435, 903.7691821034223]
	[-156.9778277114847, 251.7724197528999, 903.7081271570753]
	[-156.2755984884469, 251.8291817575922, 902.7778106098217]
	[-156.9954207849198, 251.7942537591795, 903.3856191495739]
	[-156.9545851074457, 251.8021380933429, 903.3710272691591]
	[-156.6883414465349, 251.7877287212941, 903.7767872695503]
	[-156.777608817344, 251.7961215224989, 903.5566821390236]
	[-156.7500832421288, 251.8183736298048, 903.0886281656807]
	[-156.7802000089198, 251.7949395782354, 903.3668779202276]
	[-156.5898619252443, 251.8418663813987, 902.5871816980243]
	[-157.2936412130633, 251.7617670398328, 904.1813731548814]
	[-156.6550822461585, 251.8142646082067, 903.0396367358084]
	[-156.896570445023, 251.8047376138333, 903.3073023850703]
	[-156.5281284061568, 251.8360233461501, 902.7858802358785]
	[-156.535013999886, 251.8323615993068, 902.3996297498487]
	[-156.6153341610505, 251.8262100287862, 903.0422870828195]
	[-156.9546995035776, 251.7815723980277, 903.6890969277372]
	[-156.7763633312199, 251.7725756975952, 903.8947063986304]
	[-156.7450983458216, 251.7876615971855, 903.5604717824833]
	[-156.3072866650662, 251.8707731270198, 901.7325405489091]
	[-156.7397165470886, 251.7941382048699, 903.4443791270126]
	[-157.0078966530027, 251.8149853340747, 902.8559086250073]
	[-157.0020067133044, 251.7677336616642, 904.0852264564224]
	[-156.5389988697226, 251.8132455550397, 902.9692766282378]
	[-156.7122689164149, 251.7832120029368, 903.7712236565269]
	[-156.9252571918296, 251.7787436127297, 903.718538373151]
	[-156.8901998855657, 251.8208989737153, 902.9905603388087]
	[-156.984009288913, 251.7845907963828, 903.7472278047196]
	[-156.5409610209924, 251.8231743848712, 902.9658050746236]
	[-157.1506318181303, 251.7746251136622, 903.8061452928982]
	[-156.7100465493266, 251.8101645970686, 902.986427001095]
	[-156.6232612360801, 251.8177470977206, 902.7655856756182]
	[-156.7282112663407, 251.8150946464944, 903.0278736096562]
	[-156.7281373308211, 251.7839019660705, 903.7483589118584]
	[-156.724677549792, 251.7821470399601, 903.7615254918984]
	[-156.9262784577742, 251.7732839416145, 904.1529823371209]
	[-157.2204246538702, 251.7922315396533, 903.6103155070184]
	[-157.0577367548301, 251.7751386018118, 904.1390428594494]
	[-156.9540185878776, 251.7914597616814, 903.7474165411476]
	[-156.6435927312163, 251.809664248284, 903.3343220500287]
	[-157.148790937037, 251.7666325713502, 903.8125450332715]
	[-156.5423812697221, 251.833676954289, 902.7174322062424]
	[-156.941199658463, 251.788834852796, 903.7377820306549]
	[-156.6606343603973, 251.8086012653167, 903.3846202659286]
	[-157.2119416814103, 251.7622184022635, 904.024100648882]
	[-156.7630009738185, 251.8343687754962, 902.7700218190838]
	[-156.6992816548602, 251.7824347877876, 903.7923400910735]
	[-156.9091829737133, 251.8041686427965, 903.3401659005106]
	[-156.9951961473074, 251.7560896712794, 904.1627216774017]
	[-156.7199325642389, 251.8013957967186, 902.8148681565441]
	[-156.9561714134859, 251.8192907483035, 902.9175520754167]
	[-156.7222637603715, 251.7970858317145, 903.443631897614]
	[-157.0796820454442, 251.8007316067249, 903.5073982628842]
	[-157.2147066442295, 251.7953728648365, 903.3121036159633]
	[-156.5948102053855, 251.7885158764786, 903.5954832967243]
	[-157.3066037042617, 251.7674335256575, 904.0728073379807]
	[-156.9460168957762, 251.7675069516639, 904.1611184934857]
	[-157.1937318221656, 251.7938072627588, 903.4612378924168]
	[-157.2682105685045, 251.7494119300361, 904.4662609176756]
	[-156.5678871125355, 251.830007268763, 902.7879134562613]
	[-157.0281315493868, 251.7632930442811, 904.1160626824743]
	[-157.0341998755219, 251.7582510493667, 904.2423035894427]
	[-156.5876568440048, 251.8103860326604, 903.3866663365985]
	[-156.9358800278222, 251.8187562027796, 903.1220807277773]
	[-156.9150347622258, 251.8211268928777, 902.9075343983155]
	[-156.724677549792, 251.7821470399601, 903.7615254918984]
	[-157.1304248808307, 251.7865096682066, 903.5698885084371]
	[-156.6762481286329, 251.7891264682304, 903.7182300673172]
	[-156.792681177791, 251.7911254719432, 903.7779206222692]
	[-156.724677549792, 251.7821470399601, 903.7615254918984]
	[-157.2839181707449, 251.7444042666775, 904.4903077934458]
	[-156.9402064926563, 251.7877802319802, 903.7820198503506]
	[-156.879152252479, 251.8164138752393, 903.2850151519568]
	[-157.2321847355302, 251.7438086853926, 904.5440702072709]
	[-156.624119746371, 251.8333634327198, 902.913923689199]
	[-157.0305875914976, 251.7778374162438, 903.8302255380321]
	[-156.7686926486798, 251.8054409534973, 903.330166710055]
	[-156.6554519043333, 251.804827554033, 903.325999494035]
	[-156.9690085582561, 251.7672618033854, 904.1300223384739]
	[-156.7588390997633, 251.7874726474992, 903.8153349028695]
	[-156.6458525896925, 251.8223982183088, 902.9268859502315]
	[-156.6461827401098, 251.8293771989707, 902.9081794538362]
	[-157.1804363066407, 251.7497077311015, 904.2607266809107]
	[-156.828613176026, 251.7859969961625, 903.5025676919727]
	[-156.7840666491485, 251.8393587101564, 902.6034247859596]
	[-157.1863334280849, 251.7946683165662, 903.5835858093988]
	[-156.655094719919, 251.8034654954813, 903.0649863197655]
	[-157.0224796500411, 251.7801568005432, 903.765503607237]
	[-156.775041283957, 251.8047495858872, 903.4220822784574]
	[-156.6732923975119, 251.807531104075, 903.3748263842621]
	[-157.3913532565727, 251.7620392628282, 904.1783732786894]
	[-156.6418968479419, 251.827582936506, 902.9214752680081]
	[-156.9862136491611, 251.7863947592293, 903.7337253003108]
	[-157.026841583434, 251.7894753481005, 903.7152459140887]
	[-156.815240090133, 251.7899667420526, 903.5431177236952]
	[-157.1588917590133, 251.8176664714962, 903.0416781982026]
	[-156.6889263088441, 251.8072900098359, 903.2933837969274]
	[-157.0801609286682, 251.7633372074613, 904.194890550844]
	[-156.6951224725034, 251.8335382588313, 903.0550701544939]
	[-156.593838883351, 251.7988221248501, 903.539865409541]
	[-157.2845003862356, 251.7495659018534, 904.4430712494546]
	[-156.6761024939437, 251.7887999500211, 903.7864854353301]
	[-157.0206440471071, 251.767891820239, 904.0624712600237]
	[-156.9736154138276, 251.7827506580214, 903.663960486466]
	[-156.6596074761643, 251.8122832403567, 903.3669572058018]
	[-156.6156361112839, 251.7982537445006, 903.3731464079202]
	[-156.7245239821998, 251.8133013374141, 903.0412407742477]
	[-156.6552424755239, 251.7930783698282, 903.461215891645]
	[-156.5226636402926, 251.8441543652556, 902.3709468559302]
	[-156.6061561488534, 251.8125982771778, 902.9608072956955]
	[-157.1062855400562, 251.7958978027526, 903.5383194525275]
	[-156.5873433106289, 251.8084216159743, 903.1182322530407]
	[-156.6405622823412, 251.8237910440986, 902.9232783313513]
	[-157.6309691386337, 251.7480202621752, 904.2931730066273]
	[-157.1167328171206, 251.7742728996588, 903.7493849013886]
	[-156.7055598291712, 251.8281075355277, 902.6705565057813]
	[-157.0872410631105, 251.7821631362417, 903.7420437657202]
	[-157.0731877473085, 251.7750673571225, 903.7654903119711]
	[-156.765470401378, 251.7778702792879, 903.8791235120061]
	[-156.943910347666, 251.7982011456179, 903.6576610383248]
	[-156.700341009812, 251.7818741267779, 903.794158060785]
	[-156.9574883081951, 251.7641880834631, 904.0122466446832]
	[-156.608719995203, 251.8039646974369, 903.3835969231386]
	[-156.6855017149892, 251.7867203923978, 903.7859817978799]
	[-156.756827650887, 251.793046226361, 903.4947303188738]
	[-156.9641514547754, 251.7769642118713, 904.0995677847965]
	[-156.9551094333588, 251.7708840242313, 903.8728033217445]
	[-157.4225238035016, 251.7418296396425, 904.5539336044986]
	[-157.0288079298723, 251.7802252975696, 903.7776997397292]
	[-156.9005673563924, 251.778947376979, 903.7520655217452]
	[-157.0645377355942, 251.7616460455978, 904.1184762342764]
	[-156.700341009812, 251.7818741267779, 903.794158060785]
	[-156.6065840977647, 251.8219121600822, 902.971653035801]
	[-157.0341998755219, 251.7582510493667, 904.2423035894427]
	[-157.0182005355449, 251.8006846953172, 903.3311898462573]
	[-156.9661233157496, 251.7743814656104, 903.8387874390945]
	[-156.8762793498219, 251.7708162414002, 903.9377219552206]
	[-156.7954408272959, 251.844407694793, 902.0135710437128]
	[-156.8121654149807, 251.7853131865845, 903.7858122716073]
	[-156.6918971205511, 251.8184828847367, 902.9662967945058]
	[-156.6216361229017, 251.7900475163539, 903.5517220269326]
	[-156.7379451282635, 251.7997029898805, 903.4409243230502]
	[-156.6234381601682, 251.8248307316332, 902.9574671753801]
	[-156.9959296709976, 251.7792841018428, 903.7630722098395]
	[-157.2577117225002, 251.7353894489958, 904.5174550595148]
	[-157.1250145356798, 251.7707224939658, 904.0389462683021]
	[-156.676850696742, 251.8093253089016, 903.361605256294]
	[-157.1807879350717, 251.781746750476, 903.6336591580201]
	[-156.7531979874194, 251.7789455503024, 903.8888403837442]
	[-157.0033363769506, 251.778286245285, 903.7770817608533]
	[-156.756827650887, 251.793046226361, 903.4947303188738]
	[-157.0353161575516, 251.777988082661, 903.9283189316475]
	[-156.7147620679581, 251.7944019995271, 903.4754731315053]
	[-157.0858805946276, 251.7803381389226, 903.7557861052261]
	[-156.7378550545724, 251.7989218930778, 903.4868157266616]
	[-157.2211633712938, 251.7410809738027, 904.5328086546502]
	[-156.8977212185991, 251.7705892234365, 903.9062655914969]
	[-156.7536653263748, 251.826123510547, 903.1498138739578]
	[-156.840360786221, 251.8008809044631, 903.2817269869006]
	[-156.8943501576685, 251.7833615681847, 903.7500976500678]
	[-156.7660796432055, 251.8094638070287, 903.0119272434363]
	[-156.9337565682419, 251.783881795298, 903.6719330880979]
	[-157.1347032489928, 251.7882577569073, 903.5564124325077]
	[-157.218320460122, 251.7702961289442, 904.0396431940987]
	[-156.7644645937486, 251.8069285821731, 903.0707551047944]
	[-156.9375829058845, 251.7831939335105, 903.777322383643]
	[-156.6806277894414, 251.7772784951181, 903.6947809872412]
	[-156.8266948672148, 251.8049701895835, 903.3294928702203]
	[-157.0526065095477, 251.8049167406919, 903.322064396913]
	[-157.2831125365063, 251.7485381588914, 904.1699882570911]
	[-157.2324371060194, 251.7710159795963, 904.0160886064132]
	[-157.2933647691801, 251.762997374732, 904.0676378340177]
	[-156.8121654149807, 251.7853131865845, 903.7858122716073]
	[-157.062042049116, 251.7882036058905, 903.6732198673631]
	[-156.8635044118213, 251.7972802746833, 903.4215538708019]
	[-156.7113290803252, 251.8119102144671, 902.9630341989168]
	[-156.8737384391836, 251.798640658402, 903.1640642597895]
	[-156.555281831697, 251.8007960192505, 903.5185212011884]
	[-157.2331891409257, 251.7431742876746, 904.5234176422099]
	[-156.6724867810467, 251.823407657082, 902.8050190986504]
	[-157.2489295398633, 251.7829051629296, 903.7237547354594]
	[-156.6570030313297, 251.8175554345384, 902.8661841626969]
	[-156.5490222328295, 251.7952367775804, 903.5570093897265]
	[-156.9171023776851, 251.7966100731239, 903.3301036658075]
	[-156.915910383414, 251.7698503339286, 903.9064163008143]
	[-156.7955523398567, 251.8090326417773, 903.2684274772764]
	[-156.9440652392783, 251.7841739302543, 903.5217241293036]
	[-156.7243126837533, 251.8104929408369, 903.2274761292739]
	[-156.8734990485857, 251.7788784286698, 903.892425493935]
	[-156.6583032263231, 251.7973194616612, 903.3584986946788]
	[-156.5718606104246, 251.8268620219523, 902.716887559635]
	[-157.4501152467614, 251.7422199118571, 904.5709837188424]
	[-156.9450897552509, 251.7833570433325, 903.7223029907636]
	[-156.6183622463556, 251.8148443893597, 903.0975844801923]
	[-156.7069811028259, 251.8179460920928, 903.2268215070443]
	[-156.7296338599711, 251.7933815018034, 903.4414105221965]
	[-156.7936975290657, 251.8206055863258, 902.8977916835224]
	[-156.7873590631931, 251.7794368383712, 903.8446851872679]
	[-156.6657262499294, 251.799511831995, 903.3416825130413]
	[-157.319009958402, 251.762559690925, 904.1018775973668]
	[-156.9653596755606, 251.7654011880744, 903.8451974664571]
	[-156.8526486112146, 251.8036830871654, 903.0724965222486]
	[-156.9772531951162, 251.7624368183946, 904.1479481938085]
	[-157.4039581411594, 251.7726542290583, 903.9140022667234]
	[-156.6883414465349, 251.7877287212941, 903.7767872695503]
	[-156.7268217090297, 251.8016698883255, 903.2777944307927]
	[-156.8256658494001, 251.793526693192, 903.4816418185943]
	[-156.6932850664631, 251.8030164918345, 903.3090673245841]
	[-156.7316131442143, 251.7773389101904, 903.7789603033109]
	[-156.6522974212396, 251.7996433748613, 903.372046226346]
	[-156.8683269255353, 251.8060144114406, 903.1454619453127]
	[-157.3585025469761, 251.753909092691, 904.1800857451933]
	[-156.7255435281846, 251.7815845879338, 903.763446382141]
	[-156.8572787599917, 251.8133894980861, 903.107511249772]
	[-156.6726142250262, 251.8149799375628, 903.0165861513065]
	[-156.9108689999196, 251.7611037358757, 904.0764994268378]
	[-156.6751297760698, 251.7940297186267, 903.3656764130404]
	[-156.5979388178986, 251.8049208624362, 903.3917798589781]
	[-157.0167963315399, 251.7637347087521, 904.1052935908639]
	[-156.6883414465349, 251.7877287212941, 903.7767872695503]
	[-156.8384929385367, 251.8117369432407, 902.8061643260264]
	[-156.61698425043, 251.792010726139, 903.5470872961015]
	[-157.2021771498213, 251.7634320984049, 904.1043508579295]
	[-156.9000708884042, 251.7669462888636, 904.0594487661461]
	[-156.717928178516, 251.8143118216087, 903.0252683795243]
	[-157.275294083705, 251.7492549072277, 904.4720774001786]
	[-156.7726574972775, 251.7730687338396, 903.8967760298003]
	[-156.7964173852299, 251.8150538305709, 903.0944354048828]
	[-156.6528971621555, 251.8345114590931, 902.3358929847934]
	[-157.2903761249954, 251.7430320106147, 904.4743033770546]
	[-156.9607683125304, 251.7829328367175, 903.7458963963238]
	[-156.6333496203438, 251.8049654715294, 903.3643108575138]
	[-156.8548356705123, 251.8226917269906, 902.9617256776417]
	[-157.0348388060208, 251.8021818928408, 903.0326879778288]
	[-157.0475720680061, 251.7841535530247, 903.7774896582832]
	[-156.5811400596163, 251.8071577106155, 903.11348862879]
	[-157.0508314815633, 251.7728486865505, 903.7662281589561]
	[-156.7010947284283, 251.8122835946107, 903.3553494716685]
	[-156.6955831837214, 251.7829267103086, 903.7944057816027]
	[-156.9228065269126, 251.7972880538031, 903.3089403070694]
	[-156.7882684115597, 251.7916955264151, 903.4634354218292]
	[-157.0599473524024, 251.7863835662485, 903.6868725242168]
	[-156.9962812517387, 251.8222841649177, 902.569150787421]
	[-156.7197019053442, 251.7989015426648, 903.3635454527645]
	[-157.1359011614793, 251.780582220215, 903.6066369666804]
	[-157.2126755837574, 251.797425573136, 903.270127152946]
	[-156.8490604465124, 251.7929021431935, 903.6726866074182]
	[-156.7316131442143, 251.7773389101904, 903.7789603033109]
	[-156.7166750662684, 251.796195659395, 903.4624848473624]
	[-157.0512818831331, 251.8012077887111, 903.3020612984059]
	[-157.09461993739, 251.7749664985657, 904.0308700289053]
	[-156.6976557239534, 251.8083646357265, 903.0777213448667]
	[-156.9878872203823, 251.7951743901103, 903.7877776122074]
	[-156.5761163873279, 251.8170013707139, 902.8168343605508]
	[-156.3306765762652, 251.8282602942868, 902.515591551156]
	[-156.6276638036661, 251.7980997539401, 903.3914148377237]
	[-156.6728559066011, 251.826456043433, 903.0554560194837]
	[-156.6583032263231, 251.7973194616612, 903.3584986946788]
	[-157.1086063199632, 251.7662005284087, 904.0882529129403]
	[-156.4672426688117, 251.8413916021225, 902.6156055840514]
	[-156.6299164029822, 251.7932598131371, 903.2693163834067]
	[-156.6917243308612, 251.8183448148429, 903.0547485779356]
	[-156.4796648252646, 251.8446103773379, 902.3159053441374]
	[-156.736104521882, 251.7875040267307, 903.4406356666682]
	[-156.6128947983638, 251.8033428925272, 903.3817114250251]
	[-156.9718847281181, 251.7950190460004, 903.3361450048322]
	[-156.4852855218478, 251.851392427465, 902.2708775729722]
	[-156.7234337785122, 251.791741844671, 903.5657537217742]
	[-156.7912375819204, 251.7773939584341, 903.7828046027064]
	[-156.9788381184017, 251.7642400094626, 904.1345635959622]
	[-156.9796591118406, 251.7784888999033, 903.6797705656196]
	[-156.6227080198614, 251.8098576846928, 903.3395992083142]
	[-156.7633837399913, 251.8068581975309, 903.2387954558724]
	[-157.1709433795351, 251.7545744707497, 904.2423209893013]
	[-156.8233061965937, 251.8087472209212, 903.236890292095]
	[-156.756827650887, 251.793046226361, 903.4947303188738]
	[-156.6981639143166, 251.813563599117, 903.0725894995797]
	[-156.834382323982, 251.8179644438569, 902.8451380284658]
	[-156.990387050823, 251.7674253651547, 903.846588499027]
	[-157.0159355635716, 251.7630030245007, 903.7718476092268]
	[-156.6276638036661, 251.7980997539401, 903.3914148377237]
	[-157.0066280871764, 251.7976602796142, 903.4342102819342]
	[-156.6243568380262, 251.8028443723797, 903.1025934550696]
	[-157.3179638350807, 251.7369338865709, 904.4883315548933]
	[-156.8118457639729, 251.8051973192676, 903.0999376998541]
	[-157.0283851956024, 251.8092167439479, 903.1058838449868]
	[-157.3580566622498, 251.7765896519765, 903.723304867425]
	[-157.1042523728707, 251.7616545969762, 904.1445126088748]
	[-156.9251424600677, 251.7953778309923, 903.2731398448241]
	[-157.0229475828589, 251.7574220094404, 904.2636539684181]
	[-156.9772531951162, 251.7624368183946, 904.1479481938085]
	[-156.5564563477841, 251.8380898776125, 902.5613213262814]
	[-156.4937253232779, 251.8552622980853, 901.9542308017897]
	[-156.569858359545, 251.8181215088352, 902.9764798996417]
	[-156.6691781954273, 251.8212201713384, 902.9032166855163]
	[-156.9729581029108, 251.7747269222739, 904.1235619363035]
	[-156.9307930885726, 251.7897985117243, 903.7460944216343]
	[-156.7666757225732, 251.807260133655, 903.3430557540273]
	[-156.6215705999039, 251.8027516019553, 903.0702516276517]
	[-156.5869217880757, 251.8471377692182, 902.470492662972]
	[-156.7410768116436, 251.8007213353367, 903.4736386185947]
	[-156.8850647142717, 251.80808682549, 903.3031542028159]
	[-156.5774080848302, 251.8077535662933, 903.1954623857846]
	[-156.9908178466676, 251.7663284114459, 904.1251894394469]
	[-156.8832244477586, 251.8075449514677, 903.0362219072398]
	[-157.599352246445, 251.7381075192117, 904.436147487997]
	[-156.7067152416333, 251.814979829633, 903.2289922045402]
	[-156.7905427496455, 251.7716846728224, 903.8757349447127]
	[-156.659792749527, 251.813353037724, 902.9564727002465]
	[-157.0033363769506, 251.778286245285, 903.7770817608533]
	[-156.5572188794481, 251.8467126673667, 902.2253535207838]
	[-156.5488929834795, 251.7958981272113, 903.5007742556777]
	[-156.8389798622569, 251.798065127665, 903.4796340255486]
	[-156.9598550507073, 251.7803338609088, 903.6523681972465]
	[-156.7943495790158, 251.817530777837, 902.7876198026128]
	[-156.4307625792792, 251.8282313849195, 902.9090408961533]
	[-156.4552081654983, 251.8336964987565, 902.7362010688826]
	[-156.6973739211133, 251.8030158668551, 903.3691516642283]
	[-156.5118892512608, 251.8209531240917, 903.0309611939975]
	[-157.2140953768761, 251.7927036714425, 903.6270995069052]
	[-156.752812452279, 251.8268188505457, 903.0319241863059]
	[-156.6096539495022, 251.804974821452, 903.1728213445929]
	[-157.2462284768972, 251.7777055017048, 903.6507631751803]
	[-156.5953238710161, 251.8374178503182, 902.5658953113169]
	[-156.6619504879071, 251.8273653055673, 902.9001313735238]
	[-156.8372957526296, 251.829750583995, 902.8428556164267]
	[-156.9042372445733, 251.8118495929785, 903.2280898882498]
	[-156.5631593299037, 251.8276552480704, 902.9177669618139]
	[-157.2234480819573, 251.7775777704062, 904.0112296652323]
	[-157.001173982086, 251.8111403698861, 902.9664357223606]
	[-156.9375962290753, 251.8286955940316, 902.858038234836]
	[-157.2324993625336, 251.7703879896462, 904.0407878921211]
	[-156.8720862978741, 251.798612479253, 903.3721524473589]
	[-156.8816382469432, 251.7800364091864, 903.4947614094139]
	[-156.6830434842773, 251.7931066707806, 903.6313369415992]
	[-157.1309917975313, 251.7608599744529, 904.1107605877999]
	[-157.3648859377069, 251.7805635020845, 903.7219025662384]
	[-156.7097285006686, 251.7896834977404, 903.7410188032027]
	[-157.2768154935284, 251.7445621411116, 904.4844791893921]
	[-157.3622120149125, 251.7484479221373, 904.513944085274]
	[-157.0014053752777, 251.7764720510456, 903.9759521443073]
	[-156.6138618297578, 251.832574167605, 902.9113481874456]
	[-156.6945963901009, 251.8150003209261, 903.0030941597064]
	[-156.9390023216789, 251.7926992578644, 903.6358430226418]
	[-157.1245203987591, 251.7668697102233, 903.8928013891109]
	[-156.9370934367395, 251.7909175736379, 903.6859295286654]
	[-157.160196142231, 251.746995481886, 904.4496120577063]
	[-156.6728559066011, 251.826456043433, 903.0554560194837]
	[-156.7223700085928, 251.8195891144206, 903.3783138810743]
	[-156.7950283758431, 251.7929375041619, 903.7646333753739]
	[-156.3480195713799, 251.8289750110449, 902.9654593739991]
	[-156.9453918217195, 251.7854408881698, 903.6829928362019]
	[-156.972659551434, 251.8100476968443, 903.3853151748978]
	[-156.6287627768144, 251.828651985893, 902.931361568502]
	[-157.0127310158751, 251.7568152402731, 904.1324467250845]
	[-157.0331215863016, 251.8122177016744, 903.4124282774493]
	[-156.8884937681435, 251.8504839315003, 902.4592589082084]
	[-156.6736045921677, 251.8412398159539, 902.5686855525172]
	[-156.6734843973855, 251.7849784865436, 903.812324360032]
	[-157.0256448467568, 251.8541301317325, 902.1422536701861]
	[-156.6924670664527, 251.8438325168104, 902.5359401998702]
	[-157.2659138224826, 251.7637955572343, 904.101594828946]
	[-156.6418968479419, 251.827582936506, 902.9214752680081]
	[-156.4630180372752, 251.8395967224259, 902.6288687038332]
	[-156.8068254179209, 251.8024336991895, 903.4801444462619]
	[-156.5051311713322, 251.8449837516237, 902.3899181164812]
	[-157.5821289796508, 251.7218874449752, 904.8546465050218]
	[-156.5279213279269, 251.809122323561, 903.3087011578715]
	[-157.2881669577908, 251.7781138969214, 903.7049829319383]
	[-156.5727410281312, 251.8009669883854, 903.4972723289673]
	[-156.672230405062, 251.8329670154018, 903.0246983431721]
	[-156.6196265223962, 251.7994863400487, 903.3617828864452]
	[-156.8597818184064, 251.8067025597573, 903.297357976931]
	[-156.8554341749266, 251.7947542895468, 903.3958380449236]
	[-157.3023793716082, 251.7643967447676, 904.1182918252337]
	[-157.1506318181303, 251.7746251136622, 903.8061452928982]
	[-157.2357073046532, 251.796142130347, 903.6864341481612]
	[-156.9702155510066, 251.8050516381818, 903.249216657784]
	[-156.9372411436825, 251.7919211277452, 903.8309489946012]
	[-156.6508394993807, 251.8245782767323, 902.925877846571]
	[-157.2100649770549, 251.7998357208107, 903.3536881552378]
	[-156.5954799560168, 251.8254493893701, 902.8947652191857]
	[-156.7869728514464, 251.8017342047925, 903.4431707832842]
	[-156.5435300913996, 251.8418444459905, 902.8201317229241]
	[-156.687294494205, 251.8377428363601, 902.9408581341991]
	[-156.9323278160896, 251.7818748215107, 903.6954208984218]
	[-156.7751254406557, 251.8251650255992, 902.9960952318135]
	[-157.126932269721, 251.7614589164659, 904.1597163647376]
	[-156.8965048493654, 251.8056501008274, 903.3356339514887]
	[-156.5623317573131, 251.8191382823025, 902.960883543868]
	[-156.8212030569395, 251.8027125531967, 903.3963771283752]
	[-156.5569894480533, 251.8702360500803, 902.1146256384084]
	[-156.6119482086426, 251.8171166686577, 902.9892771425745]
	[-156.6955831837214, 251.7829267103086, 903.7944057816027]
	[-156.649548010613, 251.8175670589576, 902.9443969957467]
	[-157.3146630137417, 251.7975468791214, 903.773532565218]
	[-156.9623340440089, 251.8047462701565, 903.2453537452932]
	[-156.9798697829543, 251.7877976260425, 903.840491549448]
	[-156.5346499717053, 251.8070905152489, 903.5110426169352]
	[-156.9405700042091, 251.8046942882661, 903.29084258529]
	[-157.5447481403256, 251.7515974128325, 904.4296292737464]
	[-156.6748731762704, 251.8303675392505, 902.7171438693936]
	[-157.3610988298802, 251.7471698633396, 904.5012992953772]
	[-156.9493752816769, 251.7898386186968, 903.6760460100055]
	[-157.129110576341, 251.7611345568588, 904.2559079588849]
	[-156.6447132950626, 251.7937129626478, 903.7996146734888]
	[-157.3581954286389, 251.7635834575262, 904.0390750642082]
	[-156.9712398463482, 251.7690615806109, 904.1167037194188]
	[-157.3850260697567, 251.7611671655949, 904.1067690545671]
	[-156.9788381184017, 251.7642400094626, 904.1345635959622]
	[-156.943689456343, 251.7906422758821, 903.7244498992341]
	[-157.3111142004565, 251.8101390054162, 903.307968690527]
	[-156.6499103083016, 251.8096242797778, 903.3084207055966]
	[-156.9808691255612, 251.7619418013694, 904.1458691381505]
	[-156.6787801971275, 251.7839320562084, 903.8113130214388]
	[-156.6358691851285, 251.8198953454595, 902.7791868668229]
	[-156.5297115167472, 251.8159068659879, 903.1514098366251]
	[-156.5853135881581, 251.837837170989, 902.5296928064525]
	[-156.8749581571665, 251.8045427761872, 903.2665198693546]
	[-156.6335286967521, 251.8089016435061, 903.3313749608075]
	[-157.4004107569935, 251.7675521253774, 904.0573103140821]
	[-156.7057084107566, 251.8036794169776, 903.4731204120764]
	[-156.6592400263735, 251.8042926768335, 903.3241896017643]
	[-156.9806952970414, 251.785899424969, 903.8077062221747]
	[-157.0748522300945, 251.7732897759945, 904.0039228084132]
	[-156.9690085582561, 251.7672618033854, 904.1300223384739]
	[-157.0541416285969, 251.7872336117363, 903.8358218021963]
	[-157.1455619676169, 251.7728881905732, 903.7168386800369]
	[-157.1266874698725, 251.7469932334273, 904.4769849575492]
	[-156.9844659548656, 251.8005975194043, 903.3653788636931]
	[-156.9554679054821, 251.7626971748446, 904.1791512225241]
	[-157.4035898820026, 251.7608415471101, 904.3218282286136]
	[-156.9690085582561, 251.7672618033854, 904.1300223384739]
	[-156.3523343402849, 251.8479656580163, 902.5400260027391]
	[-156.608719995203, 251.8039646974369, 903.3835969231386]
	[-156.7560794860744, 251.8318448760086, 902.8774056959659]
	[-156.9349404427282, 251.7685707269465, 904.1707561625819]
	[-157.5117999098149, 251.7290308687444, 904.6254088505153]
	[-157.0041934864056, 251.7836819675288, 903.7216879709091]
	[-156.8071606625498, 251.7945781021417, 903.3417567853775]
	[-157.0897376189083, 251.7821235025599, 903.8852602957801]
	[-157.1746380019358, 251.8105720668043, 903.1622982971186]
	[-156.6844616759473, 251.8073752030974, 903.3972322171179]
	[-156.669542762307, 251.793511893435, 903.7691821034223]
	[-156.658526290746, 251.8321049900333, 902.8826575516595]
	[-156.9086607333489, 251.7891739302655, 903.6919115299573]
	[-156.5356626388516, 251.8163683449197, 903.1205764458737]
	[-156.6524343846538, 251.803033025649, 903.3392322240609]
	[-156.869256504089, 251.7999677194413, 903.2824469829494]
	[-156.5998073537019, 251.7941193714244, 903.5570186236055]
	[-156.9623944314215, 251.7941948569043, 903.7210869689577]
	[-156.8775068838245, 251.7685300628801, 903.948913008297]
	[-157.3618443687088, 251.7821125504011, 903.6860521461816]
	[-156.5555803716863, 251.8325041127356, 902.5689838695297]
	[-157.1355506183084, 251.7806263802022, 903.7972916911355]
	[-156.6376601318116, 251.8040484357309, 903.3732292416756]
	[-156.6794443786551, 251.8220072090674, 902.9057901468664]
	[-156.7351920932286, 251.8232915846947, 902.8793613352225]
	[-157.0327878547021, 251.7735692580937, 904.1839932073821]
	[-156.8144988867629, 251.8040888011525, 903.2064540775938]
	[-156.6213939732491, 251.8028945017872, 903.3738733543127]
	[-156.6520247423471, 251.7949195778905, 903.3464725514539]
	[-157.4922722143269, 251.7774450233332, 903.9252818491329]
	[-156.9240339938614, 251.790006895255, 903.6873803605305]
	[-157.0127310158751, 251.7568152402731, 904.1324467250845]
	[-156.6876818010896, 251.840169143236, 902.5585847098076]
	[-156.9788381184017, 251.7642400094626, 904.1345635959622]
	[-157.0071523566686, 251.7665783790672, 904.1018080098653]
	[-156.955570073791, 251.8062228700389, 903.3877312068227]
	[-156.9788381184017, 251.7642400094626, 904.1345635959622]
	[-156.8925410527387, 251.8016445589886, 903.2835887650571]
	[-157.208419802018, 251.7594256441731, 904.1435955691386]
	[-156.6435927312163, 251.809664248284, 903.3343220500287]
	[-156.9380454050753, 251.7804709234009, 903.6379061693385]
	[-157.2532765424536, 251.7542095771353, 904.4580933619251]
	[-156.7039521161663, 251.7925535149776, 903.3514694106068]
	[-156.8500501035259, 251.7856906468558, 903.4962554752896]
	[-156.7934964129446, 251.7874504925918, 903.4790495021537]
	[-156.875703128223, 251.807736031939, 903.3295404760283]
	[-156.6912629212104, 251.7895221270807, 903.7636531880555]
	[-157.1701255509248, 251.7734765229478, 903.8562576697168]
	[-156.9038810871839, 251.7726815283576, 903.9264513520815]
	[-156.9204920540131, 251.8117420726192, 903.2749567647267]
	[-156.6929516017605, 251.8077204404249, 903.1810200175603]
	[-156.9078850748265, 251.7593601166452, 904.0897199071067]
	[-156.9248641397837, 251.778308878824, 903.9372624126432]
	[-156.8074189307328, 251.8298133439655, 902.7334370190005]
	[-156.8636587649578, 251.8266157648798, 902.5184105076919]
	[-156.5370618473004, 251.8582337683534, 902.0711755782751]
	[-157.0580361975975, 251.7592572943434, 904.2231176995159]
	[-156.9626143156898, 251.7825615389845, 903.6593014765876]

null