	[-95.92747689410399, 251.4821321997985, 1023.268172139149]
	[-95.92747689410399, 251.4821321997985, 1023.268172139149]
	[-96.03391292230506, 251.562564076738, 1021.96945947332]
	[-96.0462575169346, 251.5128767599981, 1022.643669634358]
	[-96.18902254478269, 251.535980211373, 1022.385168359985]
	[-95.98639854883351, 251.5742546792875, 1021.847962154855]
	[-96.12111766836274, 251.5157014253812, 1022.62906973624]
	[-96.30368217143955, 251.5642921079245, 1021.75845281171]
	[-96.14165112375836, 251.5488361118916, 1022.095896444749]
	[-96.23469593873246, 251.5620404475406, 1021.751161914769]
	[-96.04238862951085, 251.5149526652235, 1022.725199715581]
	[-96.77476234953913, 251.5699449578112, 1021.68397039095]
	[-96.10322644148647, 251.5234751925667, 1022.630036001817]
	[-96.24970445970284, 251.4895442860618, 1023.15003683492]
	[-96.23479439202514, 251.5257266362942, 1022.781466598028]
	[-96.83051330473596, 251.5938742098932, 1020.691834454278]
	[-96.07766188013689, 251.465271444778, 1023.672698041682]
	[-96.38914602429526, 251.527211526342, 1022.654891610424]
	[-96.58012727279923, 251.5568516864106, 1021.913804450164]
	[-96.36641362732445, 251.541095790242, 1022.456867675602]
	[-96.05021936612526, 251.5416494900688, 1022.406515208408]
	[-96.34292739659145, 251.5602575665854, 1022.040326636145]
	[-96.09879953232505, 251.5620868779163, 1021.889085383321]
	[-96.6509926690355, 251.5767491920429, 1021.663253906163]
	[-96.20786852437881, 251.5805328537246, 1021.767604424105]
	[-96.39238714500841, 251.5864047425851, 1021.375220806124]
	[-96.41767985521035, 251.5282851151958, 1022.734781125615]
	[-96.42404887506635, 251.5383462563313, 1022.587046541371]
	[-96.4882592636081, 251.6211293248639, 1021.014771261938]
	[-96.66598243580501, 251.6170749173629, 1021.172759464972]
	[-96.61979381797057, 251.6248715331658, 1020.787853184392]
	[-96.04727430541763, 251.5965862147255, 1021.278383720231]
	[-95.94604623670605, 251.5792107254401, 1021.561680502726]
	[-96.07422254953622, 251.5437127615976, 1022.369839313896]
	[-96.58643622495225, 251.5979787892652, 1021.408611811559]
	[-96.47174290151357, 251.5717576899455, 1021.372799945812]
	[-96.5587416853319, 251.562839598461, 1021.931174284427]
	[-96.31131045996527, 251.5265128475476, 1022.669770843544]
	[-96.12111766836274, 251.5157014253812, 1022.62906973624]
	[-96.56022412099401, 251.6130681612467, 1021.288416667113]
	[-96.26905753597924, 251.5186774978252, 1022.780209222902]
	[-96.58643622495225, 251.5979787892652, 1021.408611811559]
	[-95.80322934338564, 251.453231943267, 1023.989846239699]
	[-96.34292739659145, 251.5602575665854, 1022.040326636145]
	[-96.31509096019568, 251.5064642689911, 1022.889285490806]
	[-96.28282204936694, 251.5138700303399, 1022.870581154919]
	[-96.43639514695592, 251.5429403532457, 1022.529588216187]
	[-96.2395770670549, 251.4824181595238, 1023.42384064574]
	[-96.58643622495225, 251.5979787892652, 1021.408611811559]
	[-96.27235705622179, 251.5190564594551, 1022.776200363007]
	[-96.46567495566053, 251.5279897626044, 1022.541613340407]
	[-96.34477368648579, 251.575035343922, 1021.986264505245]
	[-96.53973027554534, 251.5836477667208, 1021.747261337161]
	[-96.27586986962862, 251.573725963371, 1021.895656950266]
	[-95.86017143639248, 251.4670690709422, 1023.915807645957]
	[-96.12951292437047, 251.541112387933, 1022.734539784278]
	[-96.18528571415949, 251.5390691010111, 1022.477463389878]
	[-96.34888416441335, 251.5521733216782, 1022.132085914476]
	[-96.39081897698172, 251.5631936311934, 1022.094605944748]
	[-96.23684912440926, 251.526053406004, 1022.76182230856]
	[-96.3534339356454, 251.5331700102234, 1022.620790013556]
	[-96.27850804127023, 251.513566297049, 1022.875779628631]
	[-95.67440533083209, 251.4676565354654, 1023.736370249795]
	[-96.61164678666047, 251.5747451974078, 1022.02075218352]
	[-96.15690861887794, 251.5253674570901, 1022.859248883266]
	[-96.10265122608233, 251.5633575098231, 1022.263336512326]
	[-95.86169145807087, 251.5587470626625, 1022.207204621723]
	[-95.94126647460736, 251.5420299272402, 1022.599566368929]
	[-95.94126647460736, 251.5420299272402, 1022.599566368929]
	[-95.90420884892222, 251.5480559303794, 1022.36371393591]
	[-95.91340762761169, 251.4858581420539, 1023.464210642972]
	[-96.25032747049926, 251.5590340962567, 1022.251466516982]
	[-95.96804199148116, 251.5036554767863, 1023.421023598108]
	[-96.24643927735698, 251.5989545172686, 1021.591160227036]
	[-96.23253300603571, 251.5257509835032, 1022.767012643295]
	[-95.83473146446582, 251.5041280871076, 1023.071424218022]
	[-96.15476000540295, 251.5103233282404, 1022.914658491094]
	[-95.84739185334006, 251.46126232471, 1023.882765508953]
	[-96.43639514695592, 251.5429403532457, 1022.529588216187]
	[-95.88286552134839, 251.4554873617903, 1023.898874556579]
	[-95.82410977045903, 251.468482629496, 1023.900623372147]
	[-96.25133793115691, 251.5593980822488, 1022.233038543312]
	[-96.31131045996527, 251.5265128475476, 1022.669770843544]
	[-96.25462988730754, 251.5593291773028, 1022.246258841992]
	[-96.68646029278412, 251.5749175271025, 1021.924827767148]
	[-95.69282435139939, 251.5042156977163, 1023.247980045586]
	[-96.15692897154722, 251.5433091970919, 1022.366962718559]
	[-95.54889244640023, 251.4780015040721, 1023.712594655773]
	[-96.41780192215994, 251.5683625006283, 1022.034521963938]
	[-96.23580936385527, 251.5256500082006, 1022.780281554338]
	[-96.51652198244844, 251.6073722795815, 1021.256710434472]
	[-96.08547941436287, 251.5043908983356, 1023.105238163676]
	[-95.72577100959946, 251.4533636962041, 1024.021838025899]
	[-96.2395770670549, 251.4824181595238, 1023.42384064574]
	[-96.37372341876069, 251.5492062230818, 1022.289745278908]
	[-96.02923023171684, 251.565187711415, 1022.228941634556]
	[-95.83104380131424, 251.4847288288133, 1023.599205834131]
	[-95.89805909259516, 251.5137998060045, 1023.149894280292]
	[-96.27439989049574, 251.5548848872688, 1022.232706167596]
	[-96.46045890731675, 251.5684433280675, 1021.899617026094]
	[-96.15897880685399, 251.4814904618992, 1023.521692611147]
	[-96.34888416441335, 251.5521733216782, 1022.132085914476]
	[-96.34934928230152, 251.5343874899472, 1022.628524717274]
	[-96.42821136935893, 251.5351513952097, 1022.529806325383]
	[-96.33054211433532, 251.5614407270108, 1022.152100296419]
	[-96.16828734054694, 251.5255601276299, 1022.86377255816]
	[-96.10980853509977, 251.5065652775278, 1023.267831743691]
	[-96.12999489324073, 251.5908259010579, 1021.728769116054]
	[-96.35364894744538, 251.5346877453467, 1022.62329767596]
	[-95.92007020514397, 251.5078695036678, 1023.134037265377]
	[-96.43572485588675, 251.5426945710923, 1022.308254463828]
	[-96.33132825730641, 251.5599831569637, 1022.133544075664]
	[-96.12999489324073, 251.5908259010579, 1021.728769116054]
	[-95.95002411742537, 251.5812240908806, 1021.835086810552]
	[-96.23684912440926, 251.526053406004, 1022.76182230856]
	[-96.4240040507855, 251.5754806107709, 1021.886824876829]
	[-95.97778622034454, 251.535003349895, 1022.612830174911]
	[-95.97676413945243, 251.5350803176525, 1022.614003413049]
	[-96.41973060482894, 251.575193575763, 1021.892082559276]
	[-95.86169145807087, 251.5587470626625, 1022.207204621723]
	[-96.26799391127014, 251.5511639797718, 1022.251531531782]
	[-96.35364894744538, 251.5346877453467, 1022.62329767596]
	[-96.40833672509567, 251.6071318182692, 1021.398407594726]
	[-95.94271091512474, 251.4776919078013, 1023.764924325803]
	[-96.40221526982522, 251.5505869468115, 1022.406910583328]
	[-96.72962188452992, 251.5918557134575, 1021.509527753409]
	[-95.95988459424539, 251.5340382003706, 1022.602993731546]
	[-96.08013443518266, 251.5126657864103, 1023.153247817872]
	[-96.04542545349284, 251.4727027539943, 1023.653970392193]
	[-96.42922039142658, 251.5350736528376, 1022.528609756081]
	[-96.32554078871954, 251.5815453041948, 1021.760468544511]
	[-96.22833908333787, 251.56676075227, 1022.124212789231]
	[-96.39466626690863, 251.5402525577331, 1022.240130898232]
	[-96.32744907007262, 251.5403673353256, 1022.644669825038]
	[-95.83151860395776, 251.4696929340336, 1023.613511919702]
	[-96.34934928230152, 251.5343874899472, 1022.628524717274]
	[-96.20696482856337, 251.5409335641603, 1022.528275993153]
	[-96.34934928230152, 251.5343874899472, 1022.628524717274]
	[-96.47509727467232, 251.5229490649674, 1022.637029737296]
	[-96.11389059817478, 251.5170856276278, 1022.906536777184]
	[-96.57870360501262, 251.587901706372, 1021.360664659081]
	[-96.23712291925948, 251.5241957848307, 1022.665148377193]
	[-96.69324336897826, 251.5958651754959, 1021.218790114242]
	[-96.15690861887794, 251.5253674570901, 1022.859248883266]
	[-96.25563970141071, 251.5596928736238, 1022.227829786508]
	[-96.32578813379301, 251.5993005563147, 1021.492143310321]
	[-96.05877354636449, 251.5506184433937, 1022.463021936295]
	[-96.15692897154722, 251.5433091970919, 1022.366962718559]
	[-95.94126647460736, 251.5420299272402, 1022.599566368929]
	[-95.78827659515653, 251.5164666999472, 1022.959521989244]
	[-96.41973060482894, 251.575193575763, 1021.892082559276]
	[-96.04238862951085, 251.5149526652235, 1022.725199715581]
	[-96.31509096019568, 251.5064642689911, 1022.889285490806]
	[-96.59117888477502, 251.5315172528258, 1022.496769289181]
	[-95.97876421738715, 251.5672185622599, 1022.070017486777]
	[-96.24143715120563, 251.5244965094683, 1022.659957863332]
	[-96.18902254478269, 251.535980211373, 1022.385168359985]
	[-96.12111766836274, 251.5157014253812, 1022.62906973624]
	[-96.46466587387346, 251.5280675639716, 1022.542810535158]
	[-96.23253300603571, 251.5257509835032, 1022.767012643295]
	[-96.22183371395445, 251.53201827188, 1022.490576998818]
	[-96.23496241337321, 251.5239715936146, 1022.493868897072]
	[-96.23684912440926, 251.526053406004, 1022.76182230856]
	[-96.44152583000465, 251.6073197301539, 1021.352918572635]
	[-96.18902254478269, 251.535980211373, 1022.385168359985]
	[-96.09627312281489, 251.4877250985467, 1023.274115109735]
	[-96.51161009070991, 251.5158369658523, 1022.650341953208]
	[-96.19274335771638, 251.5395030789962, 1022.385233870792]
	[-96.50447791081326, 251.6131204701004, 1021.011901677243]
	[-95.95886687165155, 251.534114983766, 1022.604172687574]
	[-96.34477368648579, 251.575035343922, 1021.986264505245]
	[-95.87746473912669, 251.5183791043991, 1022.754804435527]
	[-96.51060130520179, 251.5159144720756, 1022.651539847531]
	[-96.53293442940765, 251.5994583981577, 1021.253233443481]
	[-96.31940325803869, 251.5067677823786, 1022.884082646942]
	[-96.4986952234316, 251.5728879951554, 1021.516408462132]
	[-96.4943579793544, 251.5923495962504, 1021.36335576286]
	[-96.28720765560325, 251.5693880149815, 1021.750463386272]
	[-96.01412997353027, 251.55988312102, 1022.101356155003]
	[-96.3513030855863, 251.5325151116715, 1022.354516572902]
	[-95.93222636415504, 251.478158854684, 1023.465342885586]
	[-95.74724491807402, 251.489429248927, 1023.488520086934]
	[-96.18801052622605, 251.5360580926191, 1022.386359367562]
	[-95.78486181780441, 251.4822901585609, 1023.501033808995]
	[-96.49011269147672, 251.5920687787463, 1021.368691131116]
	[-96.09527943955995, 251.5435849075642, 1022.476204238978]
	[-96.58012727279923, 251.5568516864106, 1021.913804450164]
	[-96.46567495566053, 251.5279897626044, 1022.541613340407]
	[-96.23723765543302, 251.5239693347967, 1022.508293807467]
	[-96.24455152034213, 251.5660412865098, 1021.993070763445]
	[-96.57870360501262, 251.587901706372, 1021.360664659081]
	[-96.31131045996527, 251.5265128475476, 1022.669770843544]
	[-96.3136331041276, 251.5247201961923, 1022.395252212063]
	[-95.92474127292842, 251.5064365530948, 1023.032201867004]
	[-96.28720765560325, 251.5693880149815, 1021.750463386272]
	[-96.46567495566053, 251.5279897626044, 1022.541613340407]
	[-96.39373062175936, 251.5072470835624, 1022.7917384409]
	[-96.34777916656367, 251.5194357356477, 1022.682856747898]
	[-96.6509926690355, 251.5767491920429, 1021.663253906163]
	[-95.83205160665209, 251.4956808450376, 1022.971647312141]
	[-96.13451144924008, 251.5509094997882, 1022.371188672523]
	[-96.11679776537645, 251.5153989311906, 1022.634273873975]
	[-96.59808657615038, 251.5391241167535, 1022.276227578065]
	[-96.51555637092957, 251.514225405218, 1022.551592194812]
	[-96.33736392504176, 251.5557614033515, 1021.75866119629]
	[-96.37483354242835, 251.5840322856286, 1021.508913380343]
	[-96.32016063697463, 251.6108537325082, 1021.226459544564]
	[-96.19332781329486, 251.5362791419896, 1022.379935337923]
	[-96.39466626690863, 251.5402525577331, 1022.240130898232]
	[-96.43187759176777, 251.5151291334487, 1022.750564008788]
	[-96.6969168016026, 251.5649635419527, 1021.771368634343]
	[-96.01502889441923, 251.4871770056501, 1023.154816980024]
	[-96.46567495566053, 251.5279897626044, 1022.541613340407]
	[-96.19332781329486, 251.5362791419896, 1022.379935337923]
	[-96.23253300603571, 251.5257509835032, 1022.767012643295]
	[-96.15690861887794, 251.5253674570901, 1022.859248883266]
	[-96.08032470007268, 251.5224498385972, 1022.620905778719]
	[-96.12370458326161, 251.452678475384, 1023.782405298969]
	[-95.98705285786026, 251.5474149151286, 1022.223023310034]
	[-96.23143149046709, 251.5437378975774, 1022.273879796386]
	[-96.23607332464582, 251.548330046321, 1022.022816050162]
	[-96.27387265440593, 251.5423850038235, 1022.261518108216]
	[-96.35720364721971, 251.5143525779835, 1022.778343608006]
	[-96.43105477076281, 251.5331844973949, 1022.253223297875]
	[-96.23926554056563, 251.5242718397948, 1022.488627721997]
	[-96.27850804127023, 251.513566297049, 1022.875779628631]
	[-95.67011502948472, 251.5075290033823, 1023.095611600746]
	[-96.04137114161509, 251.515029221352, 1022.726380008979]
	[-96.24295742896392, 251.4815978548336, 1023.150046242639]
	[-96.14346173657198, 251.5134666834995, 1022.605360716184]
	[-95.92351587201962, 251.5062780878312, 1022.863998667304]
	[-95.8557497052052, 251.4606063218963, 1023.516051700114]
	[-95.87746473912669, 251.5183791043991, 1022.754804435527]
	[-95.78595707049324, 251.5078088316221, 1022.862256478879]
	[-96.38964308507883, 251.5433340709145, 1022.043185229356]
	[-96.71428031481906, 251.5965792908389, 1021.238703435289]
	[-96.31098332384465, 251.5478310851745, 1022.245999689761]
	[-96.3079591496257, 251.5645790713718, 1021.753181501738]
	[-96.09107148643322, 251.4721376292793, 1023.316929212119]
	[-96.12721486302652, 251.495760382044, 1023.019037329172]
	[-95.85352750618061, 251.5293170168184, 1022.439771842774]
	[-96.37909571228499, 251.5843155276108, 1021.50361380692]
	[-96.04238862951085, 251.5149526652235, 1022.725199715581]
	[-96.09088262638971, 251.5604855554159, 1021.990001185545]
	[-96.23959971651435, 251.5060610442298, 1022.981816688072]
	[-96.31407622596045, 251.5065407218165, 1022.890471761851]
	[-96.3079591496257, 251.5645790713718, 1021.753181501738]
	[-95.68465600693588, 251.4652873080055, 1023.643655537623]
	[-95.99907050520208, 251.4840471538217, 1023.278242950872]
	[-95.99635314140123, 251.5270189542552, 1022.616159098762]
	[-95.87536361854771, 251.4776460152728, 1023.284568196411]
	[-95.84966454172168, 251.462024787358, 1023.616977926588]
	[-96.01419371033502, 251.5794946388141, 1021.598475779698]
	[-96.18591358075777, 251.5340637129017, 1022.396011908787]
	[-96.31262104563072, 251.5243443736141, 1022.413759498908]
	[-96.30966783088456, 251.5447853855276, 1022.240698556339]
	[-95.82840328470461, 251.5082175128658, 1022.868575637917]
	[-95.89808746073783, 251.5517638028039, 1022.220248669469]
	[-95.95245576988771, 251.4608371144959, 1023.497547198942]
	[-96.34590431427993, 251.5722487996512, 1021.712500550562]
	[-96.02735834635759, 251.5234944330926, 1022.48589876984]
	[-96.3136331041276, 251.5247201961923, 1022.395252212063]
	[-96.05455460375913, 251.5674797898624, 1021.977145234105]
	[-95.94360827704334, 251.5393984692112, 1022.35009097145]
	[-95.70555905818524, 251.500581271508, 1023.110233518278]
	[-96.04936800253137, 251.4719765121806, 1023.382403282402]
	[-95.95128139264254, 251.504396350711, 1022.833720465863]
	[-96.04502145659501, 251.4716607719923, 1023.38757513909]
	[-95.92351587201962, 251.5062780878312, 1022.863998667304]
	[-96.21544464533035, 251.554170962453, 1021.867413621624]
	[-96.25753644412559, 251.5552249890844, 1021.859548760166]
	[-95.8506863809974, 251.4619523557878, 1023.615808785484]
	[-95.83109594803641, 251.4726851433293, 1023.477111363531]
	[-95.92449112563078, 251.5498622951377, 1022.191522611729]
	[-95.73303640277379, 251.4987624467668, 1023.079918637793]
	[-96.18902254478269, 251.535980211373, 1022.385168359985]
	[-95.95022283446552, 251.5039972614804, 1022.852121101418]
	[-96.00456333880577, 251.5087291361279, 1022.759924030256]
	[-96.26031181567032, 251.5220615549874, 1022.466693786264]
	[-96.19990162464686, 251.4746856971448, 1023.530056242743]
	[-96.02275949246625, 251.5251505375736, 1022.58755557162]
	[-95.87746473912669, 251.5183791043991, 1022.754804435527]
	[-96.15942204563792, 251.5235978217245, 1022.587439993544]
	[-95.90414185375072, 251.5160995282845, 1022.742865019528]
	[-95.8506863809974, 251.4619523557878, 1023.615808785484]
	[-96.15893231139067, 251.4788227439979, 1023.259732460129]
	[-96.07084170518051, 251.5274427965575, 1022.525420035921]
	[-96.12111766836274, 251.5157014253812, 1022.62906973624]
	[-96.12111766836274, 251.5157014253812, 1022.62906973624]
	[-96.43105477076281, 251.5331844973949, 1022.253223297875]
	[-96.26209611301725, 251.5739533616093, 1021.548369670641]
	[-96.04238862951085, 251.5149526652235, 1022.725199715581]
	[-95.66099533883364, 251.4773690488771, 1023.327691883516]
	[-95.73428823086388, 251.5207471623157, 1022.577359102178]
	[-96.1134020552557, 251.5356296130448, 1022.478551647382]
	[-95.94360827704334, 251.5393984692112, 1022.35009097145]
	[-95.8506863809974, 251.4619523557878, 1023.615808785484]
	[-96.04238862951085, 251.5149526652235, 1022.725199715581]
	[-96.25369807472325, 251.5569371514987, 1021.962103811273]
	[-96.1584014068107, 251.5232133079242, 1022.605879750556]
	[-96.34710491249639, 251.5301770260154, 1022.38535562386]
	[-96.01514623659463, 251.560228233395, 1022.082980288735]
	[-95.83281809154472, 251.451748109725, 1023.635971354301]
	[-96.23316766942469, 251.5201971991587, 1022.409294711533]
	[-96.28720765560325, 251.5693880149815, 1021.750463386272]
	[-95.63317039734503, 251.4791223343964, 1023.358499619283]
	[-95.94360827704334, 251.5393984692112, 1022.35009097145]
	[-95.92351587201962, 251.5062780878312, 1022.863998667304]
	[-95.80692510892017, 251.5413470229894, 1022.328110920641]
	[-96.36272570725707, 251.6151762017269, 1021.016060026317]
	[-95.95128139264254, 251.504396350711, 1022.833720465863]
	[-96.19231593541754, 251.536357046331, 1022.381126607038]
	[-95.63821918171101, 251.4419086509999, 1023.859579212022]
	[-95.90520212210468, 251.5164898930221, 1022.724483372617]
	[-96.14165112375836, 251.5488361118916, 1022.095896444749]
	[-95.97107845659508, 251.5378670853526, 1022.30302926903]
	[-96.02735834635759, 251.5234944330926, 1022.48589876984]
	[-96.22903234628158, 251.4867057525323, 1023.112438538876]
	[-95.70658254334188, 251.5005073283811, 1023.109065928582]
	[-96.34590431427993, 251.5722487996512, 1021.712500550562]
	[-95.85764712262237, 251.4870038325171, 1023.100116744496]
	[-95.85250532428077, 251.5293943479957, 1022.44094533915]
	[-96.26519710273033, 251.5202859608961, 1022.36670012854]
	[-96.07566926305151, 251.5628659154665, 1021.978026083553]
	[-96.03226608522419, 251.5201406763831, 1022.683149195223]
	[-96.11214252998111, 251.5558626236853, 1021.991181896864]
	[-96.1398655780535, 251.5538240210729, 1021.961299922267]
	[-95.90907954350729, 251.473375610319, 1023.384948657854]
	[-96.06168977442329, 251.5482607110254, 1022.194288402192]
	[-96.45207101293609, 251.5934397688079, 1021.282408382915]
	[-95.66099533883364, 251.4773690488771, 1023.327691883516]
	[-96.0688236359303, 251.5130912600049, 1022.696640117379]
	[-95.9653908024336, 251.4838885955258, 1023.320319146856]
	[-96.0769474792429, 251.5426557554817, 1022.46546768258]
	[-96.02275949246625, 251.5251505375736, 1022.58755557162]
	[-96.07040257250294, 251.4699027744082, 1023.359967986734]
	[-95.75212665648449, 251.488193619154, 1023.22233350074]
	[-95.92278046444346, 251.4834736477634, 1023.369627070511]
	[-95.90907954350729, 251.473375610319, 1023.384948657854]
	[-95.8506863809974, 251.4619523557878, 1023.615808785484]
	[-95.92278046444346, 251.4834736477634, 1023.369627070511]
	[-95.90414185375072, 251.5160995282845, 1022.742865019528]
	[-96.16268965980983, 251.5466000382826, 1022.073819874461]
	[-96.07806372683638, 251.4685953254898, 1023.257061230468]
	[-95.61438565794296, 251.4897839940308, 1023.215393637095]
	[-95.92449112563078, 251.5498622951377, 1022.191522611729]
	[-95.83205160665209, 251.4956808450376, 1022.971647312141]
	[-96.04238862951085, 251.5149526652235, 1022.725199715581]
	[-96.30207546384509, 251.5368513654834, 1022.40726139088]
	[-96.1134020552557, 251.5356296130448, 1022.478551647382]
	[-96.23496241337321, 251.5239715936146, 1022.493868897072]
	[-96.1727390343416, 251.5256808814831, 1022.420783829056]
	[-95.9264819371186, 251.5081231971183, 1022.85413621957]
	[-95.65106420261792, 251.5149756978232, 1022.870050604107]
	[-95.99428917807803, 251.5267110782983, 1022.635744413485]
	[-96.38192490187011, 251.5542575477328, 1022.038012691372]
	[-96.58559067710003, 251.5837108216969, 1021.390763552515]
	[-96.32947894480694, 251.4708178981239, 1023.545363351752]
	[-95.97268941595915, 251.5520974004853, 1022.129912246701]
	[-96.30207546384509, 251.5368513654834, 1022.40726139088]
	[-95.83544589196197, 251.4518736864898, 1023.632919132049]
	[-96.02275949246625, 251.5251505375736, 1022.58755557162]
	[-96.47562809263671, 251.5516426361276, 1021.944297420775]
	[-96.13172934052879, 251.5382959221126, 1022.362562462551]
	[-95.8506863809974, 251.4619523557878, 1023.615808785484]
	[-95.94856339772811, 251.5381726328489, 1022.229175784157]
	[-96.31940325803869, 251.5067677823786, 1022.884082646942]
	[-96.15262198716634, 251.5430100321704, 1022.37219139818]
	[-96.51161009070991, 251.5158369658523, 1022.650341953208]
	[-96.10571142373209, 251.5274830142157, 1022.644901980746]
	[-96.04238862951085, 251.5149526652235, 1022.725199715581]
	[-95.95128139264254, 251.504396350711, 1022.833720465863]
	[-96.05021936612526, 251.5416494900688, 1022.406515208408]
	[-95.99907050520208, 251.4840471538217, 1023.278242950872]
	[-95.89808746073783, 251.5517638028039, 1022.220248669469]
	[-95.85352750618061, 251.5293170168184, 1022.439771842774]
	[-96.06551863769621, 251.5081809499083, 1023.119910193891]
	[-96.31841105161864, 251.5013112162854, 1022.799794480009]
	[-96.17548734888292, 251.4689283826252, 1023.668576323113]
	[-96.21314980044282, 251.4966543422187, 1023.13642715018]
	[-96.53602470077082, 251.5804604669152, 1021.4766249908]
	[-96.14165112375836, 251.5488361118916, 1022.095896444749]
	[-96.02019266507975, 251.5426923093958, 1022.505238188554]
	[-96.61460655990929, 251.5837972159491, 1021.650649613735]
	[-96.03941007154098, 251.5166330229581, 1022.996131695263]
	[-96.38467890450102, 251.5480875064623, 1022.154167501602]
	[-96.07808080972484, 251.4953827788855, 1023.274317114686]
	[-96.01075935249892, 251.5181462466693, 1022.148770394426]
	[-95.93223092750063, 251.5511859918183, 1022.243770832817]
	[-96.11170623450541, 251.5234895654346, 1022.788276277607]
	[-95.87746473912669, 251.5183791043991, 1022.754804435527]
	[-95.66958026781245, 251.4871194049092, 1023.576829244373]
	[-96.0707510664239, 251.5143446573295, 1022.894050513853]
	[-96.54366832777487, 251.5639197584329, 1021.900810346575]
	[-95.97269421318197, 251.5396749041312, 1022.498514416871]
	[-96.02019266507975, 251.5426923093958, 1022.505238188554]
	[-96.32083540583278, 251.5490984325594, 1022.393454659214]
	[-96.25032747049926, 251.5590340962567, 1022.251466516982]
	[-96.20296383642507, 251.5662465461155, 1022.046461873634]
	[-96.02038903960411, 251.5240079543827, 1022.770005961122]
	[-96.33132825730641, 251.5599831569637, 1022.133544075664]
	[-96.07398531476446, 251.4965102673293, 1023.31927316261]
	[-96.20643938256653, 251.5727598934988, 1022.14050581866]
	[-96.28176867140792, 251.5812385880284, 1021.91440641608]
	[-96.02893183832357, 251.5150208629333, 1022.882316352837]
	[-95.95988459424539, 251.5340382003706, 1022.602993731546]
	[-96.29037589766907, 251.5406827952398, 1022.55162568969]
	[-96.24177542829821, 251.5326853316285, 1022.894374557128]
	[-96.50015076591161, 251.6326012391395, 1021.13194411405]
	[-95.86686282905609, 251.4984062955386, 1023.351929863895]
	[-96.12999489324073, 251.5908259010579, 1021.728769116054]
	[-96.06736927885615, 251.5520119106392, 1022.52785412305]
	[-96.14730675294845, 251.5734994561877, 1022.090740761572]
	[-96.03941007154098, 251.5166330229581, 1022.996131695263]
	[-96.34787820363965, 251.5522522322553, 1022.13328786653]
	[-96.28781779613016, 251.5957308787519, 1021.61631114122]
	[-96.62003789662633, 251.5987431684318, 1021.520539142486]
	[-95.94024445696175, 251.5421068342635, 1022.600738979603]
	[-95.94126647460736, 251.5420299272402, 1022.599566368929]
	[-96.13183509174273, 251.5788121343573, 1022.09802215417]
	[-96.00513355109372, 251.6007815035794, 1021.589882346255]
	[-96.00819742729075, 251.5975617133227, 1021.440764656345]
	[-96.80179242496308, 251.5830580716098, 1021.784107043154]
	[-96.22739885627894, 251.554349654712, 1022.608978215095]
	[-96.00318975751341, 251.564567342413, 1022.224474328123]
	[-96.25139310823855, 251.6151375717137, 1021.304767030635]
	[-96.21935650414026, 251.5064029502727, 1023.297986999836]
	[-95.87185456412249, 251.47656161372, 1023.567988937701]
	[-96.05877354636449, 251.5506184433937, 1022.463021936295]
	[-96.06117380391149, 251.5078707795174, 1023.12504947969]
	[-96.26573695395777, 251.5239784732779, 1022.886128693964]
	[-95.78857415882079, 251.4962155681484, 1023.441869330118]
	[-95.86686282905609, 251.4984062955386, 1023.351929863895]
	[-96.22701864935316, 251.6131022575241, 1021.535893719706]
	[-95.93423339945194, 251.5527180720561, 1022.64782486835]
	[-95.89326815553517, 251.5253245100547, 1023.103034944933]
	[-96.1499272900937, 251.5133246495889, 1023.222390607605]
	[-96.23943019762073, 251.5720021308946, 1022.243249864863]
	[-96.17803450374818, 251.4948661656005, 1023.640793226987]
	[-95.98715805204297, 251.5892504417659, 1022.103517769988]
	[-95.98971350276912, 251.5383848639466, 1022.886844333048]
	[-96.14389996087566, 251.5671153827762, 1022.7116730897]
	[-95.97426125313321, 251.559400626042, 1022.602498641092]
	[-96.32925480143739, 251.5998591949594, 1022.119707530437]
	[-96.51764275178596, 251.5586742052504, 1022.286045655396]
	[-95.99494428384898, 251.5574790886964, 1022.736194999012]
	[-96.22375959727464, 251.5676914707703, 1022.615778055324]
	[-96.71215005536679, 251.634070072983, 1021.071338167787]
	[-96.28561789118557, 251.590259031585, 1022.239704170338]
	[-96.0775031980718, 251.6014433129047, 1021.98111343774]
	[-96.02977098813463, 251.5450985517078, 1022.841477561721]
	[-96.48404827236692, 251.6076158205787, 1021.729898247398]
	[-96.08919753600735, 251.5193550004039, 1023.280576657357]
	[-96.65797008008755, 251.6277071717228, 1021.281050844527]
	[-96.04807264494306, 251.5776697983935, 1022.198941395685]
	[-96.19044891050848, 251.5679481125727, 1022.509148897552]
	[-95.83995824753799, 251.5646951032689, 1022.223711463716]
	[-96.31409672495445, 251.5354001429603, 1023.17213872126]
	[-96.21286866901703, 251.639928544139, 1021.192773299204]
	[-96.05177364354152, 251.539159167966, 1022.825281584657]
	[-96.13015046670242, 251.5978903673086, 1021.95913229467]
	[-96.22357728001205, 251.5547931866071, 1022.502696629906]
	[-96.35308003275567, 251.6276993427775, 1021.391894977959]
	[-96.23385666335459, 251.5656681882896, 1022.244372180803]
	[-96.05731017887497, 251.5293050799164, 1022.966633101545]
	[-96.45042354896353, 251.6143905118386, 1021.775720426409]
	[-95.98971350276912, 251.5383848639466, 1022.886844333048]
	[-96.02977098813463, 251.5450985517078, 1022.841477561721]
	[-96.41500776250403, 251.6033113045116, 1021.735825840896]
	[-96.52289098114827, 251.5554839571283, 1022.66058403224]
	[-95.9115451485272, 251.5363754207019, 1022.977063385688]
	[-96.58363034482323, 251.6417675753393, 1021.117877481836]
	[-95.86696432709796, 251.4921535099649, 1023.83965085869]
	[-95.99681129359982, 251.6024292874826, 1021.582433468397]
	[-95.78077655276326, 251.5066783340203, 1023.488885364721]
	[-96.19919768442199, 251.577711335791, 1022.140323936841]
	[-96.02071312971353, 251.5393290728773, 1022.99818974945]
	[-96.50125744476462, 251.6252138038526, 1021.357184715706]
	[-96.06992852757041, 251.5717012262782, 1022.182457968265]
	[-96.10549429373876, 251.5463199429739, 1022.641170274771]
	[-96.14132441106631, 251.4877320557825, 1023.532306978615]
	[-96.20778290971086, 251.5199920711805, 1023.142518311617]
	[-96.02071312971353, 251.5393290728773, 1022.99818974945]
	[-96.25133793115691, 251.5593980822488, 1022.233038543312]
	[-96.02166894287178, 251.6017817499427, 1021.907332560441]
	[-96.21913373732966, 251.5947533861175, 1021.971420845922]
	[-95.9093436296853, 251.4804039083197, 1023.997174710032]
	[-95.9614096438726, 251.5145728217176, 1023.087129207093]
	[-96.07225344042254, 251.5339542049938, 1022.998513425905]
	[-95.79755215001924, 251.5028329376054, 1023.568982277776]
	[-95.79001994865514, 251.4711349834851, 1024.131762341969]
	[-96.12329188076362, 251.6180614579868, 1021.573807122104]
	[-95.78077655276326, 251.5066783340203, 1023.488885364721]
	[-96.10753651117565, 251.5470604373691, 1022.750797004595]
	[-96.1901715978299, 251.5928913779649, 1021.856505690016]
	[-95.87498773033292, 251.5829768249754, 1022.096851130185]
	[-95.9087142811734, 251.545927710882, 1022.833346354466]
	[-95.97042650587012, 251.5214010225712, 1023.214261738558]
	[-96.06645180572988, 251.5021416588209, 1023.610379088952]
	[-95.94251547317447, 251.5372982526334, 1023.088401312629]
	[-95.74218869120476, 251.5177603228338, 1023.329767696451]
	[-96.2235778173084, 251.6105805130866, 1021.839340251378]
	[-96.18117888483397, 251.5481128792846, 1023.024376008779]
	[-96.11288735028165, 251.566067476711, 1022.600228399473]
	[-96.22486151898644, 251.5551132292305, 1022.763102392543]
	[-96.09459683080834, 251.5837021184147, 1022.342777004422]
	[-95.76382047931563, 251.5119400571497, 1023.31401061903]
	[-96.25519227367806, 251.5767235193109, 1022.276669977074]
	[-96.08919753600735, 251.5193550004039, 1023.280576657357]
	[-95.95373503880742, 251.5149365904126, 1023.58796860121]
	[-95.88121097880322, 251.502955533306, 1023.383662253797]
	[-96.00530280453319, 251.5604538839065, 1022.713891063992]
	[-96.0630955960012, 251.555625900892, 1022.785006456608]
	[-95.87626929134159, 251.5263636200196, 1023.030049979173]
	[-95.86696432709796, 251.4921535099649, 1023.83965085869]
	[-95.81164394328924, 251.5073734601626, 1023.600091437124]
	[-96.09510149275951, 251.5258808946194, 1023.27697579429]
	[-96.06807918044998, 251.5576799314984, 1022.590764738113]
	[-96.10214302030369, 251.53442118513, 1023.128215446105]
	[-96.08551990214701, 251.5610410827721, 1022.618882534305]
	[-96.05256296096856, 251.589134873705, 1021.820707246054]
	[-95.74763603555513, 251.4829407795611, 1023.974093657781]
	[-96.35266557439289, 251.5936356535796, 1022.112685699944]
	[-96.38978158645783, 251.6364954145079, 1021.356354470496]
	[-96.05731017887497, 251.5293050799164, 1022.966633101545]
	[-96.00423520103756, 251.5600574776594, 1022.732235272011]
	[-95.74218869120476, 251.5177603228338, 1023.329767696451]
	[-96.2985329035282, 251.5951473511351, 1021.87413559125]
	[-96.00530280453319, 251.5604538839065, 1022.713891063992]
	[-96.02494473361622, 251.5360981628626, 1023.005603870394]
	[-96.32037897743945, 251.5886346870871, 1022.313173123948]
	[-95.90219566314272, 251.5320789494255, 1023.230383917434]
	[-96.14199855664265, 251.5271849642014, 1023.074998415642]
	[-96.46665751891157, 251.5734723754364, 1022.541140382327]
	[-95.78077655276326, 251.5066783340203, 1023.488885364721]
	[-96.04048269374766, 251.5111657613878, 1023.485372336423]
	[-96.09510149275951, 251.5258808946194, 1023.27697579429]
	[-95.96470879716382, 251.4647978037034, 1024.237429504313]
	[-96.55440917239484, 251.5963291095536, 1022.169773192798]
	[-95.81164394328924, 251.5073734601626, 1023.600091437124]
	[-96.36875046858523, 251.5983882288482, 1022.146065057461]
	[-96.42525388079352, 251.6193093909686, 1021.663516812407]
	[-95.86696432709796, 251.4921535099649, 1023.83965085869]
	[-95.87241626806771, 251.5470456097887, 1022.817901479418]
	[-96.09510149275951, 251.5258808946194, 1023.27697579429]
	[-96.08837131147932, 251.530232748101, 1023.077904329198]
	[-96.41209236209474, 251.6030572853213, 1021.739392171996]
	[-96.15011276625597, 251.5696429505333, 1022.581475024541]
	[-96.15629359959347, 251.5268992706324, 1023.239046315663]
	[-96.14092404685388, 251.5467014678099, 1022.857569864835]
	[-96.00530280453319, 251.5604538839065, 1022.713891063992]
	[-95.990369071827, 251.5557321390835, 1022.681882138944]
	[-96.70994336913436, 251.6047599185463, 1021.765497826482]
	[-96.5413876745091, 251.5800088299907, 1022.245691986781]
	[-96.29223291722339, 251.6094487322842, 1021.891985251405]
	[-96.626933168012, 251.5882801670147, 1022.148860701776]
	[-96.56001451674727, 251.6590413649575, 1020.99253395014]
	[-96.53548053803154, 251.6269830644604, 1021.465215795184]
	[-96.27770097275298, 251.5636761166286, 1022.412322573534]
	[-96.08899758650836, 251.5288307586959, 1023.160973307994]
	[-96.32889197610895, 251.5965654583883, 1021.986681456002]
	[-96.15872553269156, 251.5200690419421, 1023.34945048803]
	[-95.91051896908866, 251.5364510990487, 1022.978227222461]
	[-96.54430414363084, 251.5802674246624, 1022.242111814259]
	[-96.39293429379404, 251.5792694980259, 1022.143578321813]
	[-96.19747899098894, 251.5140870662446, 1023.300968197538]
	[-96.51114243398852, 251.5800292596766, 1022.286790774511]
	[-96.25848955136276, 251.5553626926896, 1022.720323522216]
	[-96.32976661111333, 251.5964776229808, 1021.985661290333]
	[-96.19654537673172, 251.570381451596, 1022.378826154899]
	[-95.95403276796152, 251.5251749245242, 1023.134244616043]
	[-96.39666039405907, 251.5707488148091, 1022.269310282941]
	[-96.16648414060879, 251.5132829356888, 1023.189698010979]
	[-96.37818665290268, 251.5462080216943, 1022.7848323432]
	[-95.94251547317447, 251.5372982526334, 1023.088401312629]
	[-96.61952774020237, 251.5932559402989, 1022.147332106277]
	[-95.98311108850868, 251.5781985164909, 1022.245618700591]
	[-96.06076522547636, 251.5460563850311, 1022.952817129737]
	[-96.38944573718113, 251.5924678771339, 1022.152331379825]
	[-96.06076522547636, 251.5460563850311, 1022.952817129737]
	[-96.03231161718588, 251.5610801460703, 1022.71754866899]
	[-96.5413876745091, 251.5800088299907, 1022.245691986781]
	[-96.29267895257746, 251.5961964552542, 1022.03352604217]
	[-96.23877210981743, 251.5208103418671, 1023.253783064941]
	[-96.13208122712588, 251.5878380564002, 1022.220791400742]
	[-96.21866629345162, 251.5486716091379, 1022.765962633218]
	[-96.31543715548091, 251.522951914651, 1023.163089365656]
	[-96.49048121272901, 251.5528251819852, 1022.536300027712]
	[-96.23789572109743, 251.5208936012825, 1023.254793992891]
	[-96.23646087186405, 251.5221471948777, 1023.258509423313]
	[-96.30129569756492, 251.56957937595, 1022.523774268054]
	[-96.06076522547636, 251.5460563850311, 1022.952817129737]
	[-96.01422554484549, 251.5794370856569, 1022.357139305176]
	[-95.75586420791828, 251.4947220078847, 1023.807957028624]
	[-95.9115451485272, 251.5363754207019, 1022.977063385688]
	[-96.16342339563569, 251.5738024089798, 1022.406266438466]
	[-96.29666896688876, 251.5570979509455, 1022.601954528915]
	[-96.36279678920995, 251.5401529033985, 1022.748247577886]
	[-96.26104907797406, 251.6080639281025, 1021.780353224578]
	[-96.04048269374766, 251.5111657613878, 1023.485372336423]
	[-95.98971350276912, 251.5383848639466, 1022.886844333048]
	[-96.2854358489861, 251.5220360315664, 1023.050636183343]
	[-96.23127569218578, 251.5629580534483, 1022.615475246022]
	[-96.42929182616302, 251.5313328073754, 1023.029073094956]
	[-96.25848955136276, 251.5553626926896, 1022.720323522216]
	[-96.32788023083475, 251.5448614843235, 1022.881128393076]
	[-96.04048269374766, 251.5111657613878, 1023.485372336423]
	[-96.30741418714155, 251.5720407076143, 1022.393194090612]
	[-96.019627659082, 251.5389105844257, 1023.01656371951]
	[-96.04048269374766, 251.5111657613878, 1023.485372336423]
	[-95.92055098412031, 251.502242403942, 1023.622118091555]
	[-96.16850613749496, 251.5309605739505, 1022.98150426701]
	[-96.04048269374766, 251.5111657613878, 1023.485372336423]
	[-95.84435738941498, 251.4555102110691, 1024.373361782305]
	[-96.2235778173084, 251.6105805130866, 1021.839340251378]
	[-96.13310279782951, 251.5877586489368, 1022.219617008413]
	[-96.31645368265441, 251.5228763618779, 1023.161908816045]
	[-96.01188930902585, 251.4754895927685, 1023.888251679358]
	[-95.76710961356461, 251.5430949488274, 1022.985495179957]
	[-96.09172248071833, 251.5709344868702, 1022.470565893678]
	[-96.29765783822769, 251.5952354571669, 1021.875156195865]
	[-96.0394582751544, 251.5112399188824, 1023.486536576441]
	[-96.2235778173084, 251.6105805130866, 1021.839340251378]
	[-95.94251547317447, 251.5372982526334, 1023.088401312629]
	[-96.18370526488469, 251.606407164903, 1021.872180106725]
	[-95.93531509552744, 251.5514206685925, 1022.645224513189]
	[-96.15872553269156, 251.5200690419421, 1023.34945048803]
	[-96.16024658319635, 251.572209156558, 1022.34410672597]
	[-96.10549429373876, 251.5463199429739, 1022.641170274771]
	[-96.23127569218578, 251.5629580534483, 1022.615475246022]
	[-96.62093617867376, 251.5820065609996, 1022.148597179255]
	[-95.94251547317447, 251.5372982526334, 1023.088401312629]
	[-96.23769707689594, 251.5203685940814, 1023.272233026726]
	[-96.35604738125645, 251.5970566926142, 1022.159279333566]
	[-96.32788023083475, 251.5448614843235, 1022.881128393076]
	[-95.92055098412031, 251.502242403942, 1023.622118091555]
	[-96.35572799064622, 251.5514934578382, 1022.628789923783]
	[-96.09940534608424, 251.534598606306, 1023.002750496271]
	[-96.23877210981743, 251.5208103418671, 1023.253783064941]
	[-96.4462645423592, 251.6046778769563, 1021.847352006505]
	[-96.20822653845595, 251.5375189329639, 1023.023081713299]
	[-96.35632894328647, 251.5296187972054, 1023.116199636014]
	[-96.05571016777181, 251.4979894736007, 1023.48359605462]
	[-96.34845990043209, 251.571407901271, 1022.478462880185]
	[-96.04048269374766, 251.5111657613878, 1023.485372336423]
	[-95.94251547317447, 251.5372982526334, 1023.088401312629]
	[-95.94148971945086, 251.5373736285127, 1023.089564705183]
	[-96.31645368265441, 251.5228763618779, 1023.161908816045]
	[-96.22715810416751, 251.5699358137615, 1022.48866990449]
	[-96.43360115584375, 251.5316367737009, 1023.02387508178]
	[-96.23877210981743, 251.5208103418671, 1023.253783064941]
	[-96.13124857275609, 251.5356103792116, 1023.124439605563]
	[-96.32700500944775, 251.5449462517969, 1022.882143658109]
	[-95.9453875290021, 251.4944060785187, 1023.75023402919]
	[-96.23127569218578, 251.5629580534483, 1022.615475246022]
	[-96.4462645423592, 251.6046778769563, 1021.847352006505]
	[-95.90102324157934, 251.5305901928251, 1023.1352449248]
	[-95.8197795377983, 251.5116918346102, 1023.240184949352]
	[-96.66640747417556, 251.56853742766, 1022.253788333888]
	[-96.42556767576512, 251.5732138552449, 1022.386311275963]
	[-96.25093456544241, 251.5520208863684, 1022.739738666276]
	[-96.43360115584375, 251.5316367737009, 1023.02387508178]
	[-96.21385428259505, 251.4934978067655, 1023.681451010522]
	[-96.04048269374766, 251.5111657613878, 1023.485372336423]
	[-95.92055098412031, 251.502242403942, 1023.622118091555]
	[-96.34845990043209, 251.571407901271, 1022.478462880185]
	[-96.32976661111333, 251.5964776229808, 1021.985661290333]
	[-96.04048269374766, 251.5111657613878, 1023.485372336423]
	[-96.39666039405907, 251.5707488148091, 1022.269310282941]
	[-96.0394582751544, 251.5112399188824, 1023.486536576441]
	[-96.23127569218578, 251.5629580534483, 1022.615475246022]
	[-96.39666039405907, 251.5707488148091, 1022.269310282941]
	[-96.25029519581476, 251.5960632456676, 1022.082943338875]
	[-96.70954368416984, 251.6032847105341, 1021.762168806993]
	[-96.23789572109743, 251.5208936012825, 1023.254793992891]
	[-96.2854358489861, 251.5220360315664, 1023.050636183343]
	[-96.32278622756692, 251.5293285794846, 1023.159307414236]
	[-96.32183386512891, 251.5863534736888, 1022.234765322257]
	[-95.84538606213994, 251.45544007571, 1024.372208893009]
	[-96.20690608883623, 251.5200755947632, 1023.143529681771]
	[-96.34845990043209, 251.571407901271, 1022.478462880185]
	[-96.30978829889935, 251.5635615983973, 1022.520116627373]
	[-96.42504064378235, 251.5716680397562, 1022.384134649875]
	[-96.0865096687222, 251.498706347276, 1023.594852173714]
	[-96.62058008640425, 251.5805119614122, 1022.145608832503]
	[-95.84538606213994, 251.45544007571, 1024.372208893009]
	[-96.11862160943804, 251.5132906272314, 1023.394892226754]
	[-96.38172608255024, 251.5723545808262, 1022.301480625513]
	[-95.8225760785003, 251.5285208313544, 1023.224807599417]
	[-95.87241626806771, 251.5470456097887, 1022.817901479418]
	[-96.14092404685388, 251.5467014678099, 1022.857569864835]
	[-96.08987472213802, 251.5289293315143, 1023.171313223213]
	[-96.23646087186405, 251.5221471948777, 1023.258509423313]
	[-96.78492899762334, 251.550261480169, 1022.663405875969]
	[-96.08022691681532, 251.5310004231486, 1023.032901261614]
	[-96.30878975972747, 251.5648129914979, 1022.523773728597]
	[-95.94141998665501, 251.5368747432026, 1023.106755225936]
	[-96.42781612493317, 251.5719198821025, 1022.38075921444]
	[-96.42781612493317, 251.5719198821025, 1022.38075921444]
	[-95.94779663667309, 251.4930180064037, 1023.746511321482]
	[-96.19747899098894, 251.5140870662446, 1023.300968197538]
	[-96.08899758650836, 251.5288307586959, 1023.160973307994]
	[-96.02593295810659, 251.5584917695927, 1022.84763817158]
	[-96.34845990043209, 251.571407901271, 1022.478462880185]
	[-96.54908573352967, 251.5895698186448, 1021.871984691508]
	[-96.50485997830752, 251.5737092784787, 1022.28768402743]
	[-96.23025544795915, 251.5630362331447, 1022.616650492204]
	[-95.9115451485272, 251.5363754207019, 1022.977063385688]
	[-96.29575855370369, 251.5948998019156, 1021.87749749561]
	[-95.82759312073557, 251.483880689033, 1023.883300986477]
	[-95.99076984041787, 251.5370867422039, 1022.884157750882]
	[-96.14092404685388, 251.5467014678099, 1022.857569864835]
	[-95.69367632146258, 251.4456883681474, 1024.39672193147]
	[-96.00959049909132, 251.510402224206, 1023.374114631626]
	[-96.41163434726963, 251.5532027885709, 1022.786861131617]
	[-96.18044559566447, 251.5142135031113, 1023.333631573189]
	[-96.30686015478386, 251.56330076607, 1022.52363223425]
	[-96.17391456799534, 251.5068919308479, 1023.347519736192]
	[-96.13036174919918, 251.5355099045345, 1023.114102670606]
	[-96.18787898827946, 251.5649499126361, 1022.448230310104]
	[-96.04048269374766, 251.5111657613878, 1023.485372336423]
	[-96.30978829889935, 251.5635615983973, 1022.520116627373]
	[-96.23127569218578, 251.5629580534483, 1022.615475246022]
	[-96.20923448425086, 251.536239650179, 1023.01988632935]
	[-96.20671416341683, 251.5195584956939, 1023.160966901821]
	[-96.11967149795056, 251.5119892905197, 1023.392051361596]
	[-96.09940534608424, 251.534598606306, 1023.002750496271]
	[-96.45994532147829, 251.5627485396334, 1022.422180339621]
	[-96.00959049909132, 251.510402224206, 1023.374114631626]
	[-96.19447687851839, 251.5749693521144, 1022.517812825672]
	[-96.42556767576512, 251.5732138552449, 1022.386311275963]
	[-96.23617354612082, 251.5442824882722, 1022.771169267632]
	[-96.42781612493317, 251.5719198821025, 1022.38075921444]
	[-96.23877210981743, 251.5208103418671, 1023.253783064941]
	[-96.41944673821236, 251.6189890889023, 1021.603999335787]
	[-96.26508386256495, 251.5363501312351, 1022.877387273275]
	[-96.62093617867376, 251.5820065609996, 1022.148597179255]
	[-96.17820453745358, 251.5353090907936, 1022.908529981879]
	[-96.47948038483344, 251.5472154661381, 1022.696609187958]
	[-96.06722634031853, 251.5269479786863, 1023.109965416478]
	[-96.25380763618375, 251.5076376383199, 1023.251651652281]
	[-96.19017567310509, 251.5563860258988, 1022.662275228205]
	[-95.85542935495927, 251.5111850167786, 1023.24971968676]
	[-96.28358235685465, 251.5621020971932, 1022.360424611446]
	[-96.08770010768816, 251.5125056324393, 1023.28362660604]
	[-96.13036174919918, 251.5355099045345, 1023.114102670606]
	[-96.42694279193228, 251.5720066511102, 1022.381779879073]
	[-96.23877210981743, 251.5208103418671, 1023.253783064941]
	[-96.5175777520831, 251.5950056319484, 1021.998663099198]
	[-96.30187406018786, 251.6109859587389, 1021.743502420816]
	[-96.2854358489861, 251.5220360315664, 1023.050636183343]
	[-96.54430414363084, 251.5802674246624, 1022.242111814259]
	[-96.30470383369749, 251.5562489476483, 1022.516912671966]
	[-96.0865096687222, 251.498706347276, 1023.594852173714]
	[-96.16528869609135, 251.5537162927596, 1022.499508056714]
	[-96.44853167637906, 251.5184640601676, 1023.021455402535]
	[-96.16850613749496, 251.5309605739505, 1022.98150426701]
	[-96.52061674824428, 251.553925778991, 1022.648856195764]
	[-96.24508187221757, 251.5330657432238, 1022.890371664665]
	[-96.8680934653361, 251.6113938731147, 1021.416141952929]
	[-96.54911207823297, 251.5602487723717, 1022.394898003717]
	[-96.50922964033359, 251.5320673492757, 1022.929979044456]
	[-96.21349218142763, 251.5187895236352, 1023.091369235643]
	[-96.23400839193133, 251.5353987808618, 1022.766031373878]
	[-96.35580172209001, 251.5642292255027, 1022.316369229448]
	[-96.22968545247701, 251.5350980361663, 1022.77118230678]
	[-96.35580172209001, 251.5642292255027, 1022.316369229448]
	[-96.17068251280818, 251.4981858526273, 1023.401017547254]
	[-96.40220957093715, 251.5292197247402, 1022.910390907284]
	[-95.96344666504416, 251.5521926673843, 1022.760066057768]
	[-96.21493401512355, 251.5320196296243, 1022.777904578989]
	[-96.59021258220852, 251.5682687813436, 1022.350480537744]
	[-96.13493109907446, 251.5313258239308, 1022.875239833982]
	[-96.2854358489861, 251.5220360315664, 1023.050636183343]
	[-96.69487209633151, 251.5822880394908, 1022.0539668383]
	[-96.44938111342657, 251.5660026097899, 1022.364486035621]
	[-96.2854358489861, 251.5220360315664, 1023.050636183343]
	[-96.06860862451376, 251.5390679466453, 1022.793334069141]
	[-96.11862160943804, 251.5132906272314, 1023.394892226754]
	[-96.36234780028114, 251.5104986477314, 1023.270914298706]
	[-96.54430414363084, 251.5802674246624, 1022.242111814259]
	[-96.19017567310509, 251.5563860258988, 1022.662275228205]
	[-96.00959049909132, 251.510402224206, 1023.374114631626]
	[-96.47367598656321, 251.5725155477111, 1022.176227923973]
	[-96.01638264869004, 251.5090879279146, 1023.323459782212]
	[-96.03835612496044, 251.5107854058732, 1023.504934872364]
	[-96.43286456052699, 251.5533409167269, 1022.536370561618]
	[-96.20021583334145, 251.5618432455304, 1022.504031297951]
	[-96.39418012815217, 251.5461474525682, 1022.66780544526]
	[-95.93938897162748, 251.5205086500694, 1023.10299214915]
	[-96.4532828773665, 251.5862232925918, 1022.003661802968]
	[-96.22983832124034, 251.514038738598, 1023.126626547591]
	[-96.12438118528037, 251.5106577302975, 1023.290316657549]
	[-96.51965418682271, 251.5605515700638, 1022.284622129735]
	[-96.63382500883779, 251.5697886531559, 1022.3021954072]
	[-96.23127569218578, 251.5629580534483, 1022.615475246022]
	[-96.2854358489861, 251.5220360315664, 1023.050636183343]
	[-96.43351111146164, 251.5828261229371, 1022.01473836375]
	[-96.44853167637906, 251.5184640601676, 1023.021455402535]
	[-96.04971172524488, 251.5222137513004, 1023.120208206416]
	[-96.27572935304966, 251.5621670135139, 1022.412184485893]
	[-96.0865096687222, 251.498706347276, 1023.594852173714]
	[-96.35044138525012, 251.5935663237453, 1021.61950280615]
	[-96.35987665143369, 251.522517377491, 1022.959369922104]
	[-96.13378244553775, 251.500115520134, 1023.392980637744]
	[-96.23789572109743, 251.5208936012825, 1023.254793992891]
	[-96.2854358489861, 251.5220360315664, 1023.050636183343]
	[-96.45085970500126, 251.5649872157934, 1022.376925183368]
	[-96.20342811231279, 251.5780899563422, 1022.373125790288]
	[-96.6618213383687, 251.5788660215174, 1021.996736584674]
	[-96.179510211543, 251.588222630725, 1022.016656363729]
	[-96.30878975972747, 251.5648129914979, 1022.523773728597]
	[-96.44853167637906, 251.5184640601676, 1023.021455402535]
	[-96.51965418682271, 251.5605515700638, 1022.284622129735]
	[-96.54430414363084, 251.5802674246624, 1022.242111814259]
	[-96.13417107942934, 251.5525326050416, 1022.388049813823]
	[-95.94251547317447, 251.5372982526334, 1023.088401312629]
	[-96.26886821853762, 251.5654803580874, 1022.284525748034]
	[-96.13248706498908, 251.5396517521693, 1022.650643133083]
	[-96.02202711920656, 251.5211019801317, 1022.910246776381]
	[-96.20473796109486, 251.5076440144878, 1023.458778113768]
	[-96.2191498809316, 251.5938021380911, 1021.851333187423]
	[-96.16461124828588, 251.5008539228986, 1023.504244813342]
	[-96.04048269374766, 251.5111657613878, 1023.485372336423]
	[-96.17508288714133, 251.5590646103429, 1022.341240159504]
	[-96.03172519258366, 251.5044703201316, 1023.358381485012]
	[-96.28470413573187, 251.5084094393944, 1023.362915171568]
	[-96.47367598656321, 251.5725155477111, 1022.176227923973]
	[-96.39666039405907, 251.5707488148091, 1022.269310282941]
	[-96.2106158916549, 251.5317167278012, 1022.78309143052]
	[-96.37561052437955, 251.5968176565732, 1021.781321608507]
	[-96.20520051255048, 251.5432281964554, 1022.659720603462]
	[-96.13493109907446, 251.5313258239308, 1022.875239833982]
	[-96.43235670613265, 251.5701974481407, 1022.278825769915]
	[-96.28462122818563, 251.5732949510796, 1022.043835517867]
	[-96.10980853509977, 251.5065652775278, 1023.267831743691]
	[-96.00751664686196, 251.5023080698635, 1023.196363139565]
	[-96.28277284982899, 251.5201032917812, 1023.068770454329]
	[-96.1373723906251, 251.5300129798771, 1022.870228783345]
	[-95.90092948503857, 251.4563693419136, 1024.121412468076]
	[-96.31219313349678, 251.5146253921516, 1022.932838417325]
	[-96.38184520803723, 251.5165483395246, 1022.943329385755]
	[-96.17820453745358, 251.5353090907936, 1022.908529981879]
	[-96.23789572109743, 251.5208936012825, 1023.254793992891]
	[-96.51857864271111, 251.5774929143187, 1022.077272124279]
	[-96.50057675640313, 251.5734183747839, 1022.292913121866]
	[-96.50485997830752, 251.5737092784787, 1022.28768402743]
	[-96.13890459968862, 251.4549040968953, 1024.051796224273]
	[-96.40220957093715, 251.5292197247402, 1022.910390907284]
	[-95.9115451485272, 251.5363754207019, 1022.977063385688]
	[-96.71327541509145, 251.5067583919814, 1023.400730548482]
	[-96.50922964033359, 251.5320673492757, 1022.929979044456]
	[-96.40218377061629, 251.5815024083834, 1021.903274582987]
	[-96.21192450298709, 251.5200194349358, 1023.095437459183]
	[-95.93938897162748, 251.5205086500694, 1023.10299214915]
	[-96.23351062220813, 251.5415195579847, 1022.821069932616]
	[-96.25380763618375, 251.5076376383199, 1023.251651652281]
	[-96.62058008640425, 251.5805119614122, 1022.145608832503]
	[-95.82410977045903, 251.468482629496, 1023.900623372147]
	[-96.04048269374766, 251.5111657613878, 1023.485372336423]
	[-96.42556767576512, 251.5732138552449, 1022.386311275963]
	[-96.35572799064622, 251.5514934578382, 1022.628789923783]
	[-96.19237439809358, 251.609153862641, 1021.727725440628]
	[-96.2854358489861, 251.5220360315664, 1023.050636183343]
	[-95.96933771373496, 251.5209704208843, 1023.232645038694]
	[-96.08137093115538, 251.5534114231028, 1022.641895806714]
	[-96.08870544595811, 251.5112069015782, 1023.280789085015]
	[-96.32976661111333, 251.5964776229808, 1021.985661290333]
	[-96.00959049909132, 251.510402224206, 1023.374114631626]
	[-95.99893999061474, 251.5044049900752, 1023.532286577303]
	[-96.38696303134161, 251.5653861573657, 1022.427823866873]
	[-95.92055098412031, 251.502242403942, 1023.622118091555]
	[-96.20021583334145, 251.5618432455304, 1022.504031297951]
	[-96.39044705484881, 251.5824135651636, 1022.144050626904]
	[-96.3008688711103, 251.6122180381613, 1021.747366531124]
	[-96.25041949366144, 251.5951989460303, 1021.962879321787]
	[-96.12128341869098, 251.534164738056, 1022.888666659261]
	[-96.15872553269156, 251.5200690419421, 1023.34945048803]
	[-96.42411695575197, 251.5804538278753, 1022.255023094513]
	[-96.11967149795056, 251.5119892905197, 1023.392051361596]
	[-96.20021583334145, 251.5618432455304, 1022.504031297951]
	[-96.04048269374766, 251.5111657613878, 1023.485372336423]
	[-96.14092404685388, 251.5467014678099, 1022.857569864835]
	[-96.23127569218578, 251.5629580534483, 1022.615475246022]
	[-96.08183458527036, 251.5443449865045, 1022.631138558735]
	[-96.11967149795056, 251.5119892905197, 1023.392051361596]
	[-96.42781612493317, 251.5719198821025, 1022.38075921444]
	[-96.31590917082636, 251.5774904406678, 1022.236170884948]
	[-96.09940534608424, 251.534598606306, 1023.002750496271]
	[-96.04048269374766, 251.5111657613878, 1023.485372336423]
	[-96.17844033982834, 251.5873649520391, 1021.89806665485]
	[-96.0394582751544, 251.5112399188824, 1023.486536576441]
	[-96.20342811231279, 251.5780899563422, 1022.373125790288]
	[-96.0394582751544, 251.5112399188824, 1023.486536576441]
	[-96.54305485511937, 251.5429848609733, 1022.854800370248]
	[-96.23877210981743, 251.5208103418671, 1023.253783064941]
	[-96.58553910031353, 251.590338630929, 1022.118314121972]
	[-96.0108809902292, 251.5267827448708, 1023.251349816186]
	[-96.0108809902292, 251.5267827448708, 1023.251349816186]
	[-96.15872553269156, 251.5200690419421, 1023.34945048803]
	[-96.23877210981743, 251.5208103418671, 1023.253783064941]
	[-95.84538606213994, 251.45544007571, 1024.372208893009]
	[-96.54430414363084, 251.5802674246624, 1022.242111814259]
	[-96.153862758564, 251.5230342075778, 1023.317669816572]
	[-96.47367598656321, 251.5725155477111, 1022.176227923973]
	[-96.25848955136276, 251.5553626926896, 1022.720323522216]
	[-96.35477230256552, 251.5527439884187, 1022.632514627873]
	[-96.15011276625597, 251.5696429505333, 1022.581475024541]
	[-96.07124868051331, 251.5234967013765, 1023.345626673805]
	[-96.3274636429054, 251.5977738918, 1021.991060608278]
	[-96.15872553269156, 251.5200690419421, 1023.34945048803]
	[-96.06645180572988, 251.5021416588209, 1023.610379088952]
	[-96.5038454802622, 251.6315537888019, 1021.519666320396]
	[-96.13231734654586, 251.5870114788855, 1022.10166695173]
	[-96.3008688711103, 251.6122180381613, 1021.747366531124]
	[-96.4462645423592, 251.6046778769563, 1021.847352006505]
	[-96.48634595096814, 251.5774058085805, 1022.309353300409]
	[-96.35632894328647, 251.5296187972054, 1023.116199636014]
	[-96.19298198612081, 251.5310919406673, 1023.275153380808]
	[-96.28470413573187, 251.5084094393944, 1023.362915171568]
	[-96.23877210981743, 251.5208103418671, 1023.253783064941]
	[-96.47269359650615, 251.6052608520274, 1022.021600038529]
	[-96.32976661111333, 251.5964776229808, 1021.985661290333]
	[-96.17562881745893, 251.5770212054078, 1022.376271798996]
	[-96.55156980991114, 251.6056441574833, 1021.922728437141]
	[-96.19298198612081, 251.5310919406673, 1023.275153380808]
	[-96.23127569218578, 251.5629580534483, 1022.615475246022]
	[-96.39666039405907, 251.5707488148091, 1022.269310282941]
	[-95.99922584141393, 251.4761119105764, 1024.163452908473]
	[-96.15872553269156, 251.5200690419421, 1023.34945048803]
	[-96.1319365398475, 251.4888336134755, 1023.891402279882]
	[-96.15903383877621, 251.5437330949834, 1023.182964950028]
	[-96.23127569218578, 251.5629580534483, 1022.615475246022]
	[-96.06076522547636, 251.5460563850311, 1022.952817129737]
	[-96.10214302030369, 251.53442118513, 1023.128215446105]
	[-96.14678830401795, 251.5653543253005, 1022.678338575057]
	[-96.19298198612081, 251.5310919406673, 1023.275153380808]
	[-96.28232757519551, 251.5551284277243, 1022.903093717367]
	[-96.29802087276033, 251.5022150795076, 1023.586753251117]
	[-96.41944673821236, 251.6189890889023, 1021.603999335787]
	[-96.53762298993242, 251.5727319906997, 1022.390389440093]
	[-96.15011276625597, 251.5696429505333, 1022.581475024541]
	[-96.32788023083475, 251.5448614843235, 1022.881128393076]
	[-96.30878975972747, 251.5648129914979, 1022.523773728597]
	[-96.32976661111333, 251.5964776229808, 1021.985661290333]
	[-96.13208122712588, 251.5878380564002, 1022.220791400742]
	[-95.81164394328924, 251.5073734601626, 1023.600091437124]
	[-95.94707014093828, 251.5706476822888, 1022.766969687228]
	[-96.13036174919918, 251.5355099045345, 1023.114102670606]
	[-95.87710246149896, 251.4941981596362, 1023.880428102447]
	[-96.06076522547636, 251.5460563850311, 1022.952817129737]
	[-96.15011276625597, 251.5696429505333, 1022.581475024541]
	[-96.25811427861279, 251.565610920454, 1022.706465459254]
	[-96.15811928170213, 251.5511719786573, 1023.050097686139]
	[-96.44571509642725, 251.5640550600104, 1022.712008756458]
	[-96.29285295757863, 251.5354874673405, 1023.044386718069]
	[-96.25078621063754, 251.5576811305796, 1022.807630278433]
	[-96.38102254424089, 251.5894061370794, 1022.272461121158]
	[-96.5413876745091, 251.5800088299907, 1022.245691986781]
	[-96.12047074424564, 251.5391384561282, 1023.302407227834]
	[-95.92139630277833, 251.5626980664443, 1022.77500147287]
	[-96.26816771157137, 251.5948553489918, 1022.059317028386]
	[-95.94779663667309, 251.4930180064037, 1023.746511321482]
	[-96.43855760577281, 251.5946002947539, 1022.097266903487]
	[-96.11240740771096, 251.5544904194845, 1022.753338050266]
	[-96.04048269374766, 251.5111657613878, 1023.485372336423]
	[-96.19298198612081, 251.5310919406673, 1023.275153380808]
	[-96.13310279782951, 251.5877586489368, 1022.219617008413]
	[-96.32199979696588, 251.5792733427596, 1022.472741813665]
	[-95.83868884254085, 251.5081765871974, 1023.604666318817]
	[-96.26557950515928, 251.5737795838838, 1022.540291260451]
	[-96.03231161718588, 251.5610801460703, 1022.71754866899]
	[-96.04048269374766, 251.5111657613878, 1023.485372336423]
	[-96.20323128631712, 251.4851813337537, 1023.831352296835]
	[-96.06076522547636, 251.5460563850311, 1022.952817129737]
	[-96.25854009959187, 251.5760124189152, 1022.631716086471]
	[-96.35604738125645, 251.5970566926142, 1022.159279333566]
	[-96.10998553551404, 251.5610476709421, 1022.810345333967]
	[-96.4213672050241, 251.6015486816974, 1022.194288506388]
	[-95.94141998665501, 251.5368747432026, 1023.106755225936]
	[-96.33594993674409, 251.6215724326152, 1021.667650827789]
	[-96.23127569218578, 251.5629580534483, 1022.615475246022]
	[-96.29161054387102, 251.5658572641233, 1022.663519910182]
	[-96.57830952855281, 251.5909825731061, 1022.166297793103]
	[-96.32557428103296, 251.6032603374445, 1022.03412946572]
	[-96.37581459576766, 251.5745059645512, 1022.551729683375]
	[-95.82461884521499, 251.4824328897824, 1024.05790427263]
	[-95.9567471001487, 251.5853306890984, 1022.480332311166]
	[-96.09502817546719, 251.5569860024966, 1022.878418629465]
	[-96.13855986807819, 251.5480398770782, 1022.862144004795]
	[-96.10097828946655, 251.5416338567392, 1023.000140665016]
	[-96.15872553269156, 251.5200690419421, 1023.34945048803]
	[-96.47893669403115, 251.5643197142553, 1022.668019707198]
	[-96.34797905016173, 251.5787823357731, 1022.357935137713]
	[-96.10075894511881, 251.5133038149483, 1023.535844840599]
	[-96.51114243398852, 251.5800292596766, 1022.286790774511]
	[-95.94251547317447, 251.5372982526334, 1023.088401312629]
	[-95.94251547317447, 251.5372982526334, 1023.088401312629]
	[-95.84538606213994, 251.45544007571, 1024.372208893009]
	[-96.31645368265441, 251.5228763618779, 1023.161908816045]
	[-96.25419997305829, 251.5775666970761, 1022.281151980286]
	[-96.13036174919918, 251.5355099045345, 1023.114102670606]
	[-95.9768545102441, 251.5482689376579, 1023.014185898221]
	[-96.00467595557508, 251.4563695847981, 1024.319012402251]
	[-95.92055098412031, 251.502242403942, 1023.622118091555]
	[-96.30978829889935, 251.5635615983973, 1022.520116627373]
	[-96.32976661111333, 251.5964776229808, 1021.985661290333]
	[-96.54430414363084, 251.5802674246624, 1022.242111814259]
	[-96.23596705126178, 251.5205489946376, 1023.25711260333]
	[-96.34845990043209, 251.571407901271, 1022.478462880185]
	[-96.06076522547636, 251.5460563850311, 1022.952817129737]
	[-96.35632894328647, 251.5296187972054, 1023.116199636014]
	[-95.90102324157934, 251.5305901928251, 1023.1352449248]
	[-96.06076522547636, 251.5460563850311, 1022.952817129737]
	[-96.11240740771096, 251.5544904194845, 1022.753338050266]
	[-96.23127569218578, 251.5629580534483, 1022.615475246022]
	[-96.35632894328647, 251.5296187972054, 1023.116199636014]
	[-96.4462645423592, 251.6046778769563, 1021.847352006505]
	[-96.42781612493317, 251.5719198821025, 1022.38075921444]
	[-95.90609474078228, 251.4861536779166, 1023.793740247625]
	[-96.05986402717552, 251.5453318212396, 1022.842828380259]
	[-96.5175777520831, 251.5950056319484, 1021.998663099198]
