1	-1.09767e+62	6.6567e+61	-9.60305e+61	
2	-1.11641e+62	6.76257e+61	-9.30852e+61	
3	-1.11498e+62	6.76994e+61	-9.32034e+61	
4	-1.1087e+62	6.70172e+61	-9.44377e+61	
5	-1.11274e+62	6.72423e+61	-9.38004e+61	
6	-1.10023e+62	6.65602e+61	-9.57416e+61	
7	-1.09949e+62	6.68092e+61	-9.56536e+61	
8	-1.11885e+62	6.76999e+61	-9.27376e+61	
9	-1.12146e+62	6.74788e+61	-9.25842e+61	
10	-1.12217e+62	6.78371e+61	-9.22355e+61	
11	-1.10767e+62	6.71974e+61	-9.44304e+61	
12	-1.11391e+62	6.76044e+61	-9.34e+61	
13	-1.11423e+62	6.68857e+61	-9.3878e+61	
14	-1.09536e+62	6.6788e+61	-9.61408e+61	
15	-1.10839e+62	6.73451e+61	-9.42404e+61	
16	-1.11925e+62	6.73979e+61	-9.291e+61	
17	-1.10658e+62	6.66699e+61	-9.49309e+61	
18	-1.11586e+62	6.70088e+61	-9.35958e+61	
19	-1.12437e+62	6.76796e+61	-9.20834e+61	
20	-1.11171e+62	6.71968e+61	-9.39546e+61	
21	-1.10874e+62	6.74987e+61	-9.40885e+61	
22	-1.12575e+62	6.77448e+61	-9.18658e+61	
23	-1.10158e+62	6.66947e+61	-9.5493e+61	
24	-1.12094e+62	6.68527e+61	-9.30992e+61	
25	-1.10298e+62	6.69642e+61	-9.51419e+61	
26	-1.11157e+62	6.72306e+61	-9.39475e+61	
27	-1.10205e+62	6.71662e+61	-9.51071e+61	
28	-1.11439e+62	6.70833e+61	-9.37178e+61	
29	-1.11646e+62	6.75661e+61	-9.31228e+61	
30	-1.1173e+62	6.71838e+61	-9.32979e+61	
31	-1.11132e+62	6.71739e+61	-9.4017e+61	
32	-1.11376e+62	6.76088e+61	-9.34141e+61	
33	-1.11177e+62	6.74122e+61	-9.37933e+61	
34	-1.11784e+62	6.73309e+61	-9.31271e+61	
35	-1.10839e+62	6.73451e+61	-9.42404e+61	
36	-1.11644e+62	6.77423e+61	-9.2997e+61	
37	-1.11246e+62	6.73325e+61	-9.37683e+61	
38	-1.12812e+62	6.766e+61	-9.16377e+61	
39	-1.10614e+62	6.69553e+61	-9.47813e+61	
40	-1.10732e+62	6.70184e+61	-9.45987e+61	
41	-1.11422e+62	6.75729e+61	-9.3386e+61	
42	-1.10576e+62	6.69343e+61	-9.48399e+61	
43	-1.11699e+62	6.75088e+61	-9.31004e+61	
44	-1.09079e+62	6.6825e+61	-9.66332e+61	
45	-1.10568e+62	6.68624e+61	-9.49002e+61	
46	-1.11193e+62	6.72056e+61	-9.3922e+61	
47	-1.11419e+62	6.72862e+61	-9.35959e+61	
48	-1.11404e+62	6.75617e+61	-9.34159e+61	
49	-1.11618e+62	6.76555e+61	-9.30909e+61	
50	-1.10115e+62	6.66755e+61	-9.5556e+61	
51	-1.10272e+62	6.73306e+61	-9.49131e+61	
52	-1.10085e+62	6.71438e+61	-9.52617e+61	
53	-1.11927e+62	6.76858e+61	-9.26978e+61	
54	-1.10499e+62	6.7147e+61	-9.47788e+61	
55	-1.12575e+62	6.77448e+61	-9.18658e+61	
56	-1.10767e+62	6.71974e+61	-9.44304e+61	
57	-1.12277e+62	6.73213e+61	-9.25392e+61	
58	-1.11078e+62	6.74211e+61	-9.39044e+61	
59	-1.11132e+62	6.70124e+61	-9.41318e+61	
60	-1.1048e+62	6.7244e+61	-9.47321e+61	
61	-1.11745e+62	6.80723e+61	-9.26346e+61	
62	-1.10263e+62	6.67087e+61	-9.53617e+61	
63	-1.10536e+62	6.72692e+61	-9.46488e+61	
64	-1.11184e+62	6.71078e+61	-9.40023e+61	
65	-1.10326e+62	6.72289e+61	-9.49227e+61	
66	-1.10671e+62	6.67191e+61	-9.48812e+61	
67	-1.1004e+62	6.7258e+61	-9.52329e+61	
68	-1.09949e+62	6.68092e+61	-9.56536e+61	
69	-1.10565e+62	6.69584e+61	-9.48356e+61	
70	-1.11244e+62	6.69055e+61	-9.4076e+61	
71	-1.12312e+62	6.76858e+61	-9.22303e+61	
72	-1.10563e+62	6.70386e+61	-9.4781e+61	
73	-1.1158e+62	6.74727e+61	-9.32699e+61	
74	-1.11374e+62	6.7916e+61	-9.31943e+61	
75	-1.11076e+62	6.70259e+61	-9.41881e+61	
76	-1.11246e+62	6.73325e+61	-9.37683e+61	
77	-1.12604e+62	6.75076e+61	-9.2005e+61	
78	-1.1204e+62	6.69879e+61	-9.30667e+61	
79	-1.1148e+62	6.76321e+61	-9.32736e+61	
80	-1.10419e+62	6.7249e+61	-9.48001e+61	
81	-1.12091e+62	6.76149e+61	-9.25508e+61	
82	-1.12298e+62	6.76991e+61	-9.22377e+61	
83	-1.10298e+62	6.73203e+61	-9.489e+61	
84	-1.11133e+62	6.73353e+61	-9.39002e+61	
85	-1.11644e+62	6.77423e+61	-9.2997e+61	
86	-1.10586e+62	6.69737e+61	-9.48005e+61	
87	-1.09963e+62	6.71266e+61	-9.54154e+61	
88	-1.08853e+62	6.70599e+61	-9.67258e+61	
89	-1.11255e+62	6.69535e+61	-9.40284e+61	
90	-1.11142e+62	6.71659e+61	-9.40108e+61	
91	-1.10484e+62	6.71915e+61	-9.47657e+61	
92	-1.1085e+62	6.77325e+61	-9.39486e+61	
93	-1.11552e+62	6.75625e+61	-9.32376e+61	
94	-1.12057e+62	6.75477e+61	-9.26411e+61	
95	-1.11231e+62	6.67739e+61	-9.41848e+61	
96	-1.11273e+62	6.70249e+61	-9.39564e+61	
97	-1.1237e+62	6.79387e+61	-9.19735e+61	
98	-1.12167e+62	6.77395e+61	-9.23677e+61	
99	-1.10878e+62	6.71185e+61	-9.43565e+61	
100	-1.12232e+62	6.78913e+61	-9.21766e+61	
101	-1.11556e+62	6.72843e+61	-9.34341e+61	
102	-1.09732e+62	6.75023e+61	-9.54156e+61	
103	-1.10768e+62	6.65328e+61	-9.48983e+61	
104	-1.12217e+62	6.75918e+61	-9.24148e+61	
105	-1.10683e+62	6.76392e+61	-9.42134e+61	
106	-1.11248e+62	6.70683e+61	-9.39553e+61	
107	-1.11956e+62	6.72899e+61	-9.29507e+61	
108	-1.11542e+62	6.76265e+61	-9.32039e+61	
109	-1.10045e+62	6.72391e+61	-9.52412e+61	
110	-1.09841e+62	6.70518e+61	-9.56075e+61	
111	-1.11956e+62	6.72899e+61	-9.29507e+61	
112	-1.12379e+62	6.75532e+61	-9.22467e+61	
113	-1.12602e+62	6.76566e+61	-9.18977e+61	
114	-1.12575e+62	6.77448e+61	-9.18658e+61	
115	-1.09129e+62	6.67108e+61	-9.66555e+61	
116	-1.10584e+62	6.66467e+61	-9.50327e+61	
117	-1.09332e+62	6.65365e+61	-9.65469e+61	
118	-1.10815e+62	6.70113e+61	-9.45054e+61	
119	-1.11133e+62	6.73353e+61	-9.39002e+61	
120	-1.11273e+62	6.70249e+61	-9.39564e+61	
121	-1.11275e+62	6.73147e+61	-9.37471e+61	
122	-1.11287e+62	6.67179e+61	-9.41583e+61	
123	-1.11537e+62	6.72409e+61	-9.34885e+61	
124	-1.10699e+62	6.66879e+61	-9.48701e+61	
125	-1.11082e+62	6.69076e+61	-9.42662e+61	
126	-1.11882e+62	6.7263e+61	-9.30584e+61	
127	-1.12448e+62	6.73175e+61	-9.23344e+61	
128	-1.12883e+62	6.7112e+61	-9.19527e+61	
129	-1.11978e+62	6.71543e+61	-9.30225e+61	
130	-1.13055e+62	6.80916e+61	-9.10158e+61	
131	-1.11956e+62	6.72899e+61	-9.29507e+61	
132	-1.11252e+62	6.70335e+61	-9.39755e+61	
133	-1.12602e+62	6.76566e+61	-9.18977e+61	
134	-1.11246e+62	6.73325e+61	-9.37683e+61	
135	-1.11476e+62	6.71765e+61	-9.36068e+61	
136	-1.10329e+62	6.69111e+61	-9.51429e+61	
137	-1.12044e+62	6.76669e+61	-9.25694e+61	
138	-1.10832e+62	6.69962e+61	-9.44967e+61	
139	-1.13204e+62	6.80998e+61	-9.08247e+61	
140	-1.10992e+62	6.72724e+61	-9.41124e+61	
141	-1.09073e+62	6.70414e+61	-9.64903e+61	
142	-1.114e+62	6.69127e+61	-9.3886e+61	
143	-1.10842e+62	6.73206e+61	-9.42536e+61	
144	-1.10767e+62	6.71974e+61	-9.44304e+61	
145	-1.11952e+62	6.73088e+61	-9.29418e+61	
146	-1.11628e+62	6.79737e+61	-9.28476e+61	
147	-1.1087e+62	6.72354e+61	-9.42816e+61	
148	-1.09659e+62	6.76149e+61	-9.54196e+61	
149	-1.1087e+62	6.72354e+61	-9.42816e+61	
150	-1.1179e+62	6.72332e+61	-9.31911e+61	
151	-1.11703e+62	6.72313e+61	-9.32963e+61	
152	-1.12022e+62	6.733e+61	-9.28415e+61	
153	-1.12043e+62	6.77456e+61	-9.25132e+61	
154	-1.11811e+62	6.73686e+61	-9.30678e+61	
155	-1.11355e+62	6.6987e+61	-9.38862e+61	
156	-1.11355e+62	6.67972e+61	-9.40216e+61	
157	-1.11228e+62	6.72479e+61	-9.38509e+61	
158	-1.10637e+62	6.68221e+61	-9.48475e+61	
159	-1.10616e+62	6.68577e+61	-9.48473e+61	
160	-1.11675e+62	6.75959e+61	-9.30664e+61	
161	-1.113e+62	6.69348e+61	-9.39883e+61	
162	-1.10616e+62	6.68577e+61	-9.48473e+61	
163	-1.09433e+62	6.66577e+61	-9.63484e+61	
164	-1.11524e+62	6.74818e+61	-9.33296e+61	
165	-1.11925e+62	6.76138e+61	-9.27528e+61	
166	-1.11276e+62	6.7235e+61	-9.38029e+61	
167	-1.10329e+62	6.69111e+61	-9.51429e+61	
168	-1.11393e+62	6.75496e+61	-9.34373e+61	
169	-1.11929e+62	6.7379e+61	-9.29188e+61	
170	-1.12475e+62	6.72292e+61	-9.23659e+61	
171	-1.10495e+62	6.67931e+61	-9.5034e+61	
172	-1.11951e+62	6.74475e+61	-9.28421e+61	
173	-1.09918e+62	6.71015e+61	-9.54843e+61	
174	-1.11419e+62	6.72862e+61	-9.35959e+61	
175	-1.12563e+62	6.77417e+61	-9.18828e+61	
176	-1.11865e+62	6.74678e+61	-9.29314e+61	
177	-1.1354e+62	6.77778e+61	-9.06459e+61	
178	-1.11474e+62	6.71055e+61	-9.36602e+61	
179	-1.10467e+62	6.70963e+61	-9.48522e+61	
180	-1.10468e+62	6.71035e+61	-9.48458e+61	
181	-1.10702e+62	6.76374e+61	-9.41917e+61	
182	-1.11275e+62	6.73147e+61	-9.37471e+61	
183	-1.11754e+62	6.76459e+61	-9.2935e+61	
184	-1.09553e+62	6.68229e+61	-9.60968e+61	
185	-1.10571e+62	6.72935e+61	-9.45917e+61	
186	-1.11518e+62	6.70467e+61	-9.36499e+61	
187	-1.12202e+62	6.68674e+61	-9.29589e+61	
188	-1.11897e+62	6.7703e+61	-9.27206e+61	
189	-1.114e+62	6.69127e+61	-9.3886e+61	
190	-1.12248e+62	6.73568e+61	-9.25494e+61	
191	-1.11771e+62	6.73174e+61	-9.31524e+61	
192	-1.10067e+62	6.69464e+61	-9.54217e+61	
193	-1.10971e+62	6.72122e+61	-9.41797e+61	
194	-1.11492e+62	6.70572e+61	-9.36731e+61	
195	-1.09986e+62	6.73563e+61	-9.52262e+61	
196	-1.12058e+62	6.76535e+61	-9.25624e+61	
197	-1.09517e+62	6.68429e+61	-9.61242e+61	
198	-1.10614e+62	6.68827e+61	-9.48325e+61	
199	-1.1094e+62	6.64593e+61	-9.47491e+61	
200	-1.11843e+62	6.7175e+61	-9.31697e+61	
201	-1.10587e+62	6.72651e+61	-9.45929e+61	
202	-1.10045e+62	6.67674e+61	-9.55719e+61	
203	-1.12437e+62	6.76796e+61	-9.20834e+61	
204	-1.11288e+62	6.70804e+61	-9.38992e+61	
205	-1.10067e+62	6.69464e+61	-9.54217e+61	
206	-1.10503e+62	6.68651e+61	-9.4974e+61	
207	-1.10985e+62	6.73891e+61	-9.40369e+61	
208	-1.11925e+62	6.76138e+61	-9.27528e+61	
209	-1.10098e+62	6.68174e+61	-9.54757e+61	
210	-1.10357e+62	6.68198e+61	-9.51748e+61	
211	-1.10095e+62	6.68548e+61	-9.54539e+61	
212	-1.10276e+62	6.67878e+61	-9.52913e+61	
213	-1.10905e+62	6.7051e+61	-9.43717e+61	
214	-1.11362e+62	6.73169e+61	-9.3642e+61	
215	-1.10762e+62	6.75066e+61	-9.42149e+61	
216	-1.1139e+62	6.62471e+61	-9.43688e+61	
217	-1.11087e+62	6.75691e+61	-9.37868e+61	
218	-1.10533e+62	6.70175e+61	-9.48312e+61	
219	-1.09096e+62	6.63756e+61	-9.6924e+61	
220	-1.11407e+62	6.75529e+61	-9.34182e+61	
221	-1.11568e+62	6.71728e+61	-9.34995e+61	
222	-1.11352e+62	6.69423e+61	-9.39221e+61	
223	-1.12012e+62	6.73724e+61	-9.28235e+61	
224	-1.09843e+62	6.67689e+61	-9.58031e+61	
225	-1.10238e+62	6.71605e+61	-9.50731e+61	
226	-1.12365e+62	6.70272e+61	-9.26465e+61	
227	-1.10275e+62	6.70797e+61	-9.50868e+61	
228	-1.11973e+62	6.68347e+61	-9.32579e+61	
229	-1.11195e+62	6.71701e+61	-9.39449e+61	
230	-1.11273e+62	6.70249e+61	-9.39564e+61	
231	-1.12031e+62	6.77424e+61	-9.25302e+61	
232	-1.11159e+62	6.71645e+61	-9.39916e+61	
233	-1.11788e+62	6.73119e+61	-9.3136e+61	
234	-1.11872e+62	6.73054e+61	-9.30408e+61	
235	-1.11365e+62	6.76394e+61	-9.34051e+61	
236	-1.09949e+62	6.68092e+61	-9.56536e+61	
237	-1.10096e+62	6.68889e+61	-9.54284e+61	
238	-1.10989e+62	6.76317e+61	-9.38576e+61	
239	-1.12281e+62	6.81036e+61	-9.196e+61	
240	-1.12484e+62	6.79224e+61	-9.18464e+61	
241	-1.10705e+62	6.73278e+61	-9.44098e+61	
242	-1.10586e+62	6.69737e+61	-9.48005e+61	
243	-1.11506e+62	6.72625e+61	-9.35092e+61	
244	-1.11392e+62	6.73761e+61	-9.35637e+61	
245	-1.10965e+62	6.73252e+61	-9.41058e+61	
246	-1.11274e+62	6.72423e+61	-9.38004e+61	
247	-1.1139e+62	6.76842e+61	-9.33435e+61	
248	-1.12117e+62	6.74557e+61	-9.26358e+61	
249	-1.11422e+62	6.75729e+61	-9.3386e+61	
250	-1.0984e+62	6.70888e+61	-9.55825e+61	
251	-1.12029e+62	6.70619e+61	-9.30274e+61	
252	-1.09658e+62	6.68629e+61	-9.59499e+61	
253	-1.11104e+62	6.72558e+61	-9.39917e+61	
254	-1.12722e+62	6.77849e+61	-9.1656e+61	
255	-1.11747e+62	6.80088e+61	-9.26784e+61	
256	-1.10565e+62	6.68805e+61	-9.48903e+61	
257	-1.08595e+62	6.67313e+61	-9.72415e+61	
258	-1.10172e+62	6.72578e+61	-9.5081e+61	
259	-1.10754e+62	6.68569e+61	-9.46864e+61	
260	-1.11568e+62	6.76163e+61	-9.31802e+61	
261	-1.10557e+62	6.76445e+61	-9.43571e+61	
262	-1.10298e+62	6.73203e+61	-9.489e+61	
263	-1.10986e+62	6.76068e+61	-9.38795e+61	
264	-1.11778e+62	6.76853e+61	-9.28771e+61	
265	-1.10963e+62	6.73804e+61	-9.40692e+61	
266	-1.1154e+62	6.69309e+61	-9.37068e+61	
267	-1.09089e+62	6.68794e+61	-9.65843e+61	
268	-1.10066e+62	6.71156e+61	-9.5304e+61	
269	-1.10449e+62	6.68589e+61	-9.50412e+61	
270	-1.11427e+62	6.74654e+61	-9.34579e+61	
271	-1.11404e+62	6.75617e+61	-9.34159e+61	
272	-1.11913e+62	6.76107e+61	-9.27697e+61	
273	-1.12039e+62	6.72834e+61	-9.28553e+61	
274	-1.11556e+62	6.72843e+61	-9.34341e+61	
275	-1.10705e+62	6.73278e+61	-9.44098e+61	
276	-1.11246e+62	6.73325e+61	-9.37683e+61	
277	-1.12077e+62	6.76283e+61	-9.25577e+61	
278	-1.109e+62	6.69525e+61	-9.44484e+61	
279	-1.1004e+62	6.7258e+61	-9.52329e+61	
280	-1.11632e+62	6.73205e+61	-9.33173e+61	
281	-1.11021e+62	6.72339e+61	-9.41056e+61	
282	-1.10328e+62	6.6545e+61	-9.54012e+61	
283	-1.11732e+62	6.71047e+61	-9.33532e+61	
284	-1.11453e+62	6.72473e+61	-9.35836e+61	
285	-1.10248e+62	6.7171e+61	-9.50545e+61	
286	-1.12603e+62	6.76196e+61	-9.19234e+61	
287	-1.11215e+62	6.70822e+61	-9.39843e+61	
288	-1.11952e+62	6.73088e+61	-9.29418e+61	
289	-1.09498e+62	6.65548e+61	-9.63456e+61	
290	-1.10562e+62	6.73182e+61	-9.4584e+61	
291	-1.11271e+62	6.75508e+61	-9.35813e+61	
292	-1.10023e+62	6.75758e+61	-9.50277e+61	
293	-1.11352e+62	6.67833e+61	-9.40352e+61	
294	-1.09717e+62	6.66433e+61	-9.60349e+61	
295	-1.11716e+62	6.73914e+61	-9.31648e+61	
296	-1.09738e+62	6.67118e+61	-9.5963e+61	
297	-1.12324e+62	6.7689e+61	-9.22133e+61	
298	-1.11643e+62	6.70746e+61	-9.34808e+61	
299	-1.09422e+62	6.67363e+61	-9.63063e+61	
300	-1.11506e+62	6.69368e+61	-9.37424e+61	
301	-1.10756e+62	6.71766e+61	-9.44574e+61	
302	-1.11161e+62	6.72452e+61	-9.39322e+61	
303	-1.12111e+62	6.67678e+61	-9.31394e+61	
304	-1.10703e+62	6.75566e+61	-9.42481e+61	
305	-1.12332e+62	6.73275e+61	-9.24687e+61	
306	-1.11244e+62	6.76409e+61	-9.3549e+61	
307	-1.11004e+62	6.75476e+61	-9.39005e+61	
308	-1.10654e+62	6.64723e+61	-9.5074e+61	
309	-1.11055e+62	6.70804e+61	-9.41752e+61	
310	-1.11085e+62	6.73669e+61	-9.39345e+61	
311	-1.10791e+62	6.71626e+61	-9.44268e+61	
312	-1.11197e+62	6.72708e+61	-9.38706e+61	
313	-1.11913e+62	6.76107e+61	-9.27697e+61	
314	-1.10361e+62	6.68168e+61	-9.51731e+61	
315	-1.10453e+62	6.68963e+61	-9.50099e+61	
316	-1.11198e+62	6.74752e+61	-9.37233e+61	
317	-1.11046e+62	6.68787e+61	-9.43281e+61	
318	-1.0963e+62	6.69553e+61	-9.59174e+61	
319	-1.11274e+62	6.72423e+61	-9.38004e+61	
320	-1.10196e+62	6.6833e+61	-9.53525e+61	
321	-1.11212e+62	6.73639e+61	-9.37861e+61	
322	-1.12704e+62	6.80162e+61	-9.15067e+61	
323	-1.1053e+62	6.68177e+61	-9.49758e+61	
324	-1.11259e+62	6.75476e+61	-9.35981e+61	
325	-1.11144e+62	6.72114e+61	-9.39765e+61	
326	-1.11111e+62	6.73267e+61	-9.39324e+61	
327	-1.11392e+62	6.73761e+61	-9.35637e+61	
328	-1.11672e+62	6.73395e+61	-9.32559e+61	
329	-1.10843e+62	6.73261e+61	-9.42492e+61	
330	-1.11829e+62	6.74699e+61	-9.29727e+61	
331	-1.10284e+62	6.69783e+61	-9.51488e+61	
332	-1.10476e+62	6.71752e+61	-9.47856e+61	
333	-1.09429e+62	6.67043e+61	-9.63207e+61	
334	-1.11415e+62	6.76044e+61	-9.33718e+61	
335	-1.10733e+62	6.73094e+61	-9.43903e+61	
336	-1.10769e+62	6.73911e+61	-9.42892e+61	
337	-1.10884e+62	6.74889e+61	-9.40847e+61	
338	-1.09425e+62	6.6456e+61	-9.64964e+61	
339	-1.12287e+62	6.80422e+61	-9.19983e+61	
340	-1.11197e+62	6.71867e+61	-9.39307e+61	
341	-1.1053e+62	6.68177e+61	-9.49758e+61	
342	-1.11185e+62	6.74837e+61	-9.37319e+61	
343	-1.10304e+62	6.71147e+61	-9.5029e+61	
344	-1.10839e+62	6.73451e+61	-9.42404e+61	
345	-1.1043e+62	6.73113e+61	-9.47428e+61	
346	-1.10075e+62	6.71358e+61	-9.5279e+61	
347	-1.10863e+62	6.73088e+61	-9.42375e+61	
348	-1.11218e+62	6.7701e+61	-9.35362e+61	
349	-1.11124e+62	6.69101e+61	-9.42145e+61	
350	-1.09921e+62	6.69527e+61	-9.55852e+61	
351	-1.10969e+62	6.73173e+61	-9.41069e+61	
352	-1.13017e+62	6.7555e+61	-9.1462e+61	
353	-1.10222e+62	6.67871e+61	-9.53539e+61	
354	-1.1072e+62	6.66655e+61	-9.48617e+61	
355	-1.11405e+62	6.75912e+61	-9.33928e+61	
356	-1.10445e+62	6.7323e+61	-9.47174e+61	
357	-1.12069e+62	6.79551e+61	-9.23283e+61	
358	-1.1153e+62	6.78673e+61	-9.30427e+61	
359	-1.1073e+62	6.75466e+61	-9.42243e+61	
360	-1.12147e+62	6.76895e+61	-9.24285e+61	
361	-1.11006e+62	6.72749e+61	-9.4094e+61	
362	-1.11325e+62	6.71963e+61	-9.37723e+61	
363	-1.09922e+62	6.72455e+61	-9.53788e+61	
364	-1.11659e+62	6.76496e+61	-9.30465e+61	
365	-1.12083e+62	6.79121e+61	-9.23424e+61	
366	-1.11291e+62	6.68965e+61	-9.40263e+61	
367	-1.09352e+62	6.66517e+61	-9.6444e+61	
368	-1.10053e+62	6.71742e+61	-9.52775e+61	
369	-1.11632e+62	6.77391e+61	-9.3014e+61	
370	-1.10539e+62	6.72933e+61	-9.46283e+61	
371	-1.10692e+62	6.67191e+61	-9.48565e+61	
372	-1.10067e+62	6.69464e+61	-9.54217e+61	
373	-1.1163e+62	6.79982e+61	-9.28267e+61	
374	-1.11101e+62	6.69831e+61	-9.41894e+61	
375	-1.1243e+62	6.68632e+61	-9.26859e+61	
376	-1.11111e+62	6.73267e+61	-9.39324e+61	
377	-1.10729e+62	6.75406e+61	-9.42293e+61	
378	-1.1184e+62	6.71694e+61	-9.31765e+61	
379	-1.1117e+62	6.72189e+61	-9.39404e+61	
380	-1.10143e+62	6.69857e+61	-9.53062e+61	
381	-1.12164e+62	6.769e+61	-9.2407e+61	
382	-1.12372e+62	6.75804e+61	-9.22348e+61	
383	-1.10248e+62	6.7171e+61	-9.50545e+61	
384	-1.10203e+62	6.72351e+61	-9.50608e+61	
385	-1.09843e+62	6.6797e+61	-9.57837e+61	
386	-1.11346e+62	6.80059e+61	-9.31617e+61	
387	-1.11419e+62	6.72862e+61	-9.35959e+61	
388	-1.1253e+62	6.77317e+61	-9.19307e+61	
389	-1.12375e+62	6.75417e+61	-9.22598e+61	
390	-1.11459e+62	6.74542e+61	-9.34269e+61	
391	-1.10894e+62	6.68943e+61	-9.44963e+61	
392	-1.10939e+62	6.67011e+61	-9.458e+61	
393	-1.10882e+62	6.75607e+61	-9.40349e+61	
394	-1.09988e+62	6.64047e+61	-9.58898e+61	
395	-1.11911e+62	6.80383e+61	-9.24579e+61	
396	-1.11023e+62	6.71264e+61	-9.41797e+61	
397	-1.10383e+62	6.6862e+61	-9.51153e+61	
398	-1.10253e+62	6.68078e+61	-9.53037e+61	
399	-1.09864e+62	6.69247e+61	-9.5671e+61	
400	-1.10949e+62	6.67147e+61	-9.45582e+61	
401	-1.10732e+62	6.70184e+61	-9.45987e+61	
402	-1.11262e+62	6.70911e+61	-9.3922e+61	
403	-1.10511e+62	6.67291e+61	-9.50605e+61	
404	-1.11127e+62	6.75426e+61	-9.37586e+61	
405	-1.08617e+62	6.67289e+61	-9.72186e+61	
406	-1.10352e+62	6.6809e+61	-9.51882e+61	
407	-1.1139e+62	6.76842e+61	-9.33435e+61	
408	-1.11446e+62	6.72388e+61	-9.35977e+61	
409	-1.10705e+62	6.73278e+61	-9.44098e+61	
410	-1.10963e+62	6.73804e+61	-9.40692e+61	
411	-1.11955e+62	6.75596e+61	-9.27558e+61	
412	-1.12114e+62	6.77727e+61	-9.2408e+61	
413	-1.10505e+62	6.71541e+61	-9.47671e+61	
414	-1.08558e+62	6.68787e+61	-9.71814e+61	
415	-1.1078e+62	6.71774e+61	-9.44291e+61	
416	-1.11007e+62	6.74934e+61	-9.39358e+61	
417	-1.09943e+62	6.71714e+61	-9.54065e+61	
418	-1.10681e+62	6.72895e+61	-9.44653e+61	
419	-1.11375e+62	6.67073e+61	-9.40613e+61	
420	-1.09954e+62	6.68066e+61	-9.56496e+61	
421	-1.1152e+62	6.76031e+61	-9.32465e+61	
422	-1.10531e+62	6.74246e+61	-9.45446e+61	
423	-1.11107e+62	6.76431e+61	-9.37102e+61	
424	-1.10056e+62	6.68847e+61	-9.54771e+61	
425	-1.12856e+62	6.7892e+61	-9.14119e+61	
426	-1.10714e+62	6.73625e+61	-9.4375e+61	
427	-1.0971e+62	6.68038e+61	-9.59309e+61	
428	-1.11223e+62	6.67092e+61	-9.42403e+61	
429	-1.08527e+62	6.65615e+61	-9.74338e+61	
430	-1.11026e+62	6.75465e+61	-9.38748e+61	
431	-1.10376e+62	6.68575e+61	-9.51264e+61	
432	-1.11152e+62	6.71215e+61	-9.40313e+61	
433	-1.10642e+62	6.71269e+61	-9.4627e+61	
434	-1.1248e+62	6.79141e+61	-9.1857e+61	
435	-1.10534e+62	6.67726e+61	-9.50027e+61	
436	-1.11791e+62	6.76884e+61	-9.28601e+61	
437	-1.10551e+62	6.69954e+61	-9.48259e+61	
438	-1.10905e+62	6.73734e+61	-9.4142e+61	
439	-1.10544e+62	6.70328e+61	-9.4808e+61	
440	-1.10479e+62	6.69389e+61	-9.49494e+61	
441	-1.11933e+62	6.76582e+61	-9.27102e+61	
442	-1.09843e+62	6.6797e+61	-9.57837e+61	
443	-1.11153e+62	6.71978e+61	-9.39752e+61	
444	-1.12659e+62	6.77098e+61	-9.17884e+61	
445	-1.10153e+62	6.67084e+61	-9.5489e+61	
446	-1.11524e+62	6.79375e+61	-9.29985e+61	
447	-1.11982e+62	6.74706e+61	-9.27876e+61	
448	-1.1009e+62	6.70492e+61	-9.53233e+61	
449	-1.10713e+62	6.72644e+61	-9.44461e+61	
450	-1.09254e+62	6.68599e+61	-9.6411e+61	
451	-1.09049e+62	6.69621e+61	-9.65725e+61	
452	-1.1005e+62	6.688e+61	-9.54882e+61	
453	-1.09525e+62	6.71261e+61	-9.59176e+61	
454	-1.10966e+62	6.75538e+61	-9.3941e+61	
455	-1.11285e+62	6.72153e+61	-9.38062e+61	
456	-1.10324e+62	6.72105e+61	-9.49383e+61	
457	-1.10275e+62	6.6963e+61	-9.51699e+61	
458	-1.10378e+62	6.68342e+61	-9.51407e+61	
459	-1.10638e+62	6.75134e+61	-9.43559e+61	
460	-1.1187e+62	6.77622e+61	-9.27104e+61	
461	-1.11888e+62	6.70433e+61	-9.32098e+61	
462	-1.11141e+62	6.7538e+61	-9.37454e+61	
463	-1.11023e+62	6.68927e+61	-9.43459e+61	
464	-1.11531e+62	6.73701e+61	-9.34018e+61	
465	-1.08586e+62	6.60692e+61	-9.77028e+61	
466	-1.11252e+62	6.7338e+61	-9.37571e+61	
467	-1.12208e+62	6.70235e+61	-9.2839e+61	
468	-1.09817e+62	6.71197e+61	-9.55883e+61	
469	-1.11807e+62	6.79773e+61	-9.26293e+61	
470	-1.10567e+62	6.72081e+61	-9.4656e+61	
471	-1.1145e+62	6.74959e+61	-9.34085e+61	
472	-1.10828e+62	6.77558e+61	-9.39586e+61	
473	-1.11536e+62	6.72825e+61	-9.34597e+61	
474	-1.09955e+62	6.66705e+61	-9.5743e+61	
475	-1.11082e+62	6.70331e+61	-9.41768e+61	
476	-1.12661e+62	6.76057e+61	-9.18625e+61	
477	-1.11702e+62	6.74506e+61	-9.31389e+61	
478	-1.10178e+62	6.6981e+61	-9.52696e+61	
479	-1.11046e+62	6.71269e+61	-9.41517e+61	
480	-1.10485e+62	6.7173e+61	-9.47772e+61	
481	-1.11177e+62	6.7493e+61	-9.37354e+61	
482	-1.10893e+62	6.78645e+61	-9.38029e+61	
483	-1.11945e+62	6.72361e+61	-9.30029e+61	
484	-1.11151e+62	6.77667e+61	-9.35683e+61	
485	-1.10299e+62	6.71501e+61	-9.50093e+61	
486	-1.09943e+62	6.71714e+61	-9.54065e+61	
487	-1.11336e+62	6.7768e+61	-9.33464e+61	
488	-1.10205e+62	6.74972e+61	-9.48731e+61	
489	-1.09425e+62	6.67505e+61	-9.62929e+61	
490	-1.11573e+62	6.71918e+61	-9.348e+61	
491	-1.10385e+62	6.67627e+61	-9.51827e+61	
492	-1.10076e+62	6.687e+61	-9.54649e+61	
493	-1.09902e+62	6.66355e+61	-9.58284e+61	
494	-1.11726e+62	6.72027e+61	-9.32893e+61	
495	-1.11242e+62	6.73217e+61	-9.37813e+61	
496	-1.09998e+62	6.70325e+61	-9.54408e+61	
497	-1.10822e+62	6.7051e+61	-9.447e+61	
498	-1.11758e+62	6.80435e+61	-9.26395e+61	
499	-1.10437e+62	6.73711e+61	-9.4693e+61	
500	-1.09456e+62	6.67323e+61	-9.62701e+61	
501	-1.10001e+62	6.66906e+61	-9.56764e+61	
502	-1.11327e+62	6.74742e+61	-9.35699e+61	
503	-1.11963e+62	6.77559e+61	-9.26022e+61	
504	-1.10685e+62	6.75577e+61	-9.42694e+61	
505	-1.11421e+62	6.68257e+61	-9.39233e+61	
506	-1.1105e+62	6.72936e+61	-9.40286e+61	
507	-1.10014e+62	6.70067e+61	-9.54406e+61	
508	-1.11431e+62	6.6857e+61	-9.38893e+61	
509	-1.10048e+62	6.69267e+61	-9.54575e+61	
510	-1.12185e+62	6.74503e+61	-9.25566e+61	
511	-1.09732e+62	6.68093e+61	-9.59022e+61	
512	-1.11457e+62	6.71459e+61	-9.36511e+61	
513	-1.10252e+62	6.69007e+61	-9.52404e+61	
514	-1.10029e+62	6.66304e+61	-9.56868e+61	
515	-1.1048e+62	6.7244e+61	-9.47321e+61	
516	-1.09578e+62	6.6803e+61	-9.60825e+61	
517	-1.09971e+62	6.6869e+61	-9.55867e+61	
518	-1.10469e+62	6.74886e+61	-9.45715e+61	
519	-1.10641e+62	6.77166e+61	-9.42066e+61	
520	-1.11144e+62	6.72293e+61	-9.39637e+61	
521	-1.09973e+62	6.70273e+61	-9.54732e+61	
522	-1.10685e+62	6.73176e+61	-9.44408e+61	
523	-1.10736e+62	6.74575e+61	-9.42803e+61	
524	-1.10476e+62	6.64873e+61	-9.52702e+61	
525	-1.11834e+62	6.77763e+61	-9.27434e+61	
526	-1.08979e+62	6.65984e+61	-9.69028e+61	
527	-1.1072e+62	6.72685e+61	-9.44351e+61	
528	-1.1216e+62	6.76817e+61	-9.24181e+61	
529	-1.10674e+62	6.74483e+61	-9.43602e+61	
530	-1.10094e+62	6.68854e+61	-9.54329e+61	
531	-1.10014e+62	6.72681e+61	-9.52563e+61	
532	-1.11268e+62	6.70122e+61	-9.3972e+61	
533	-1.10123e+62	6.65877e+61	-9.56084e+61	
534	-1.0977e+62	6.69281e+61	-9.57763e+61	
535	-1.10687e+62	6.73728e+61	-9.43984e+61	
536	-1.1005e+62	6.71831e+61	-9.52752e+61	
537	-1.1028e+62	6.67696e+61	-9.52998e+61	
538	-1.10738e+62	6.72217e+61	-9.44462e+61	
539	-1.10254e+62	6.71097e+61	-9.50899e+61	
540	-1.09913e+62	6.75018e+61	-9.52076e+61	
541	-1.08648e+62	6.65757e+61	-9.72895e+61	
542	-1.09553e+62	6.70213e+61	-9.5959e+61	
543	-1.11196e+62	6.69437e+61	-9.41058e+61	
544	-1.09607e+62	6.71267e+61	-9.58235e+61	
545	-1.10654e+62	6.73652e+61	-9.4443e+61	
546	-1.09731e+62	6.64366e+61	-9.61618e+61	
547	-1.09453e+62	6.65574e+61	-9.63951e+61	
548	-1.1095e+62	6.74133e+61	-9.40605e+61	
549	-1.11391e+62	6.76312e+61	-9.33805e+61	
550	-1.11062e+62	6.71978e+61	-9.40825e+61	
551	-1.10808e+62	6.71905e+61	-9.43864e+61	
552	-1.10273e+62	6.71921e+61	-9.50099e+61	
553	-1.11828e+62	6.73759e+61	-9.30427e+61	
554	-1.11164e+62	6.67034e+61	-9.43135e+61	
555	-1.09539e+62	6.68262e+61	-9.61105e+61	
556	-1.11217e+62	6.74342e+61	-9.37295e+61	
557	-1.10661e+62	6.705e+61	-9.46587e+61	
558	-1.09008e+62	6.62807e+61	-9.7087e+61	
559	-1.09455e+62	6.65904e+61	-9.63703e+61	
560	-1.11264e+62	6.73583e+61	-9.37287e+61	
561	-1.10661e+62	6.74152e+61	-9.43988e+61	
562	-1.09352e+62	6.70032e+61	-9.6201e+61	
563	-1.09154e+62	6.68423e+61	-9.65369e+61	
564	-1.09412e+62	6.64886e+61	-9.64893e+61	
565	-1.11118e+62	6.74877e+61	-9.38083e+61	
566	-1.1046e+62	6.72714e+61	-9.47362e+61	
567	-1.1074e+62	6.71798e+61	-9.44747e+61	
568	-1.10619e+62	6.74239e+61	-9.44421e+61	
569	-1.10424e+62	6.68238e+61	-9.5095e+61	
570	-1.10587e+62	6.73704e+61	-9.45177e+61	
571	-1.09432e+62	6.64112e+61	-9.65199e+61	
572	-1.1242e+62	6.79628e+61	-9.18949e+61	
573	-1.10078e+62	6.70634e+61	-9.53263e+61	
574	-1.08733e+62	6.7122e+61	-9.68179e+61	
575	-1.11181e+62	6.7344e+61	-9.38374e+61	
576	-1.11132e+62	6.7355e+61	-9.38869e+61	
577	-1.0935e+62	6.63804e+61	-9.66337e+61	
578	-1.08993e+62	6.63619e+61	-9.70488e+61	
579	-1.11817e+62	6.75127e+61	-9.29563e+61	
580	-1.0868e+62	6.62379e+61	-9.74841e+61	
581	-1.11345e+62	6.70845e+61	-9.38292e+61	
582	-1.1183e+62	6.7333e+61	-9.30703e+61	
583	-1.10209e+62	6.65032e+61	-9.55672e+61	
584	-1.1149e+62	6.73982e+61	-9.34309e+61	
585	-1.10641e+62	6.69182e+61	-9.47753e+61	
586	-1.10402e+62	6.66443e+61	-9.52458e+61	
587	-1.10297e+62	6.73396e+61	-9.48782e+61	
588	-1.09927e+62	6.72632e+61	-9.536e+61	
589	-1.10912e+62	6.69551e+61	-9.44326e+61	
590	-1.09608e+62	6.69041e+61	-9.59783e+61	
591	-1.1056e+62	6.7272e+61	-9.46194e+61	
592	-1.11181e+62	6.67513e+61	-9.42602e+61	
593	-1.10282e+62	6.69796e+61	-9.51502e+61	
594	-1.107e+62	6.68342e+61	-9.47654e+61	
595	-1.0959e+62	6.6259e+61	-9.6445e+61	
596	-1.09971e+62	6.68149e+61	-9.56248e+61	
597	-1.09877e+62	6.69011e+61	-9.56726e+61	
598	-1.10681e+62	6.75666e+61	-9.4267e+61	
599	-1.10006e+62	6.70253e+61	-9.54364e+61	
600	-1.0952e+62	6.70073e+61	-9.6006e+61	
601	-1.10022e+62	6.69155e+61	-9.54956e+61	
602	-1.10661e+62	6.74152e+61	-9.43988e+61	
603	-1.11751e+62	6.69968e+61	-9.34082e+61	
604	-1.0989e+62	6.71491e+61	-9.54831e+61	
605	-1.09979e+62	6.71109e+61	-9.54076e+61	
606	-1.09893e+62	6.68126e+61	-9.5715e+61	
607	-1.10873e+62	6.72858e+61	-9.4243e+61	
608	-1.12054e+62	6.77954e+61	-9.24635e+61	
609	-1.08316e+62	6.62817e+61	-9.78578e+61	
610	-1.10639e+62	6.69999e+61	-9.47202e+61	
611	-1.10637e+62	6.67934e+61	-9.48685e+61	
612	-1.10866e+62	6.7064e+61	-9.44082e+61	
613	-1.10992e+62	6.69016e+61	-9.43759e+61	
614	-1.09015e+62	6.62681e+61	-9.70886e+61	
615	-1.09787e+62	6.65932e+61	-9.59899e+61	
616	-1.10599e+62	6.738e+61	-9.44974e+61	
617	-1.10791e+62	6.70286e+61	-9.45218e+61	
618	-1.11367e+62	6.71444e+61	-9.37591e+61	
619	-1.08843e+62	6.67048e+61	-9.69816e+61	
620	-1.11062e+62	6.71978e+61	-9.40825e+61	
621	-1.12765e+62	6.75914e+61	-9.17458e+61	
622	-1.12333e+62	6.80714e+61	-9.19212e+61	
623	-1.09025e+62	6.64181e+61	-9.69747e+61	
624	-1.10057e+62	6.696e+61	-9.54237e+61	
625	-1.09789e+62	6.67213e+61	-9.58988e+61	
626	-1.0893e+62	6.67528e+61	-9.68513e+61	
627	-1.09842e+62	6.64644e+61	-9.60165e+61	
628	-1.11247e+62	6.672e+61	-9.42036e+61	
629	-1.11536e+62	6.69888e+61	-9.36702e+61	
630	-1.12222e+62	6.76432e+61	-9.23713e+61	
631	-1.09845e+62	6.68781e+61	-9.57244e+61	
632	-1.10542e+62	6.74038e+61	-9.45465e+61	
633	-1.11583e+62	6.74527e+61	-9.32806e+61	
634	-1.12115e+62	6.73706e+61	-9.27003e+61	
635	-1.10212e+62	6.68594e+61	-9.53153e+61	
636	-1.10424e+62	6.68238e+61	-9.5095e+61	
637	-1.09526e+62	6.67189e+61	-9.61999e+61	
638	-1.12459e+62	6.69995e+61	-9.25516e+61	
639	-1.10633e+62	6.70735e+61	-9.46746e+61	
640	-1.10833e+62	6.7323e+61	-9.42624e+61	
641	-1.09767e+62	6.68739e+61	-9.58172e+61	
642	-1.11174e+62	6.76452e+61	-9.36281e+61	
643	-1.10638e+62	6.76664e+61	-9.4246e+61	
644	-1.10833e+62	6.70029e+61	-9.4491e+61	
645	-1.10266e+62	6.70897e+61	-9.50902e+61	
646	-1.1011e+62	6.72227e+61	-9.5177e+61	
647	-1.11584e+62	6.72762e+61	-9.34065e+61	
648	-1.11355e+62	6.75663e+61	-9.347e+61	
649	-1.11268e+62	6.75931e+61	-9.35544e+61	
650	-1.10766e+62	6.68786e+61	-9.4657e+61	
651	-1.09719e+62	6.65305e+61	-9.61111e+61	
652	-1.09944e+62	6.66588e+61	-9.57642e+61	
653	-1.11817e+62	6.75127e+61	-9.29563e+61	
654	-1.10709e+62	6.69899e+61	-9.46452e+61	
655	-1.10691e+62	6.72594e+61	-9.44754e+61	
656	-1.11113e+62	6.70473e+61	-9.41296e+61	
657	-1.10403e+62	6.72454e+61	-9.48213e+61	
658	-1.1026e+62	6.70846e+61	-9.51015e+61	
659	-1.10459e+62	6.69296e+61	-9.49791e+61	
660	-1.0829e+62	6.64611e+61	-9.77656e+61	
661	-1.11096e+62	6.69135e+61	-9.42452e+61	
662	-1.09559e+62	6.72275e+61	-9.58084e+61	
663	-1.10982e+62	6.69308e+61	-9.43665e+61	
664	-1.09082e+62	6.6655e+61	-9.6748e+61	
665	-1.09559e+62	6.72275e+61	-9.58084e+61	
666	-1.08916e+62	6.69448e+61	-9.67341e+61	
667	-1.11241e+62	6.73306e+61	-9.37759e+61	
668	-1.0906e+62	6.64744e+61	-9.6897e+61	
669	-1.09496e+62	6.72432e+61	-9.58686e+61	
670	-1.10345e+62	6.74097e+61	-9.47719e+61	
671	-1.09941e+62	6.67253e+61	-9.57214e+61	
672	-1.11721e+62	6.7321e+61	-9.32109e+61	
673	-1.12072e+62	6.75397e+61	-9.26293e+61	
674	-1.10387e+62	6.68635e+61	-9.51097e+61	
675	-1.10372e+62	6.66886e+61	-9.52501e+61	
676	-1.11308e+62	6.73034e+61	-9.37155e+61	
677	-1.08982e+62	6.65975e+61	-9.68993e+61	
678	-1.10875e+62	6.71572e+61	-9.43315e+61	
679	-1.10095e+62	6.69584e+61	-9.53806e+61	
680	-1.09738e+62	6.6511e+61	-9.61021e+61	
681	-1.10443e+62	6.68721e+61	-9.50391e+61	
682	-1.10428e+62	6.68237e+61	-9.50902e+61	
683	-1.09351e+62	6.66445e+61	-9.64503e+61	
684	-1.12266e+62	6.69282e+61	-9.28375e+61	
685	-1.11351e+62	6.72921e+61	-9.3673e+61	
686	-1.09431e+62	6.68475e+61	-9.62188e+61	
687	-1.09792e+62	6.68905e+61	-9.57768e+61	
688	-1.12429e+62	6.72186e+61	-9.24302e+61	
689	-1.09996e+62	6.73053e+61	-9.52508e+61	
690	-1.09608e+62	6.71908e+61	-9.57774e+61	
691	-1.10327e+62	6.74519e+61	-9.4763e+61	
692	-1.12052e+62	6.68274e+61	-9.31685e+61	
693	-1.10178e+62	6.68436e+61	-9.53657e+61	
694	-1.10183e+62	6.67224e+61	-9.54448e+61	
695	-1.1118e+62	6.76875e+61	-9.35913e+61	
696	-1.10504e+62	6.679e+61	-9.50249e+61	
697	-1.09761e+62	6.68863e+61	-9.58156e+61	
698	-1.08224e+62	6.66237e+61	-9.77273e+61	
699	-1.10498e+62	6.67623e+61	-9.50517e+61	
700	-1.10722e+62	6.69167e+61	-9.46824e+61	
701	-1.10038e+62	6.71134e+61	-9.53382e+61	
702	-1.10401e+62	6.70768e+61	-9.49428e+61	
703	-1.1066e+62	6.731e+61	-9.44758e+61	
704	-1.11541e+62	6.74951e+61	-9.33003e+61	
705	-1.10709e+62	6.69899e+61	-9.46452e+61	
706	-1.09218e+62	6.66691e+61	-9.65844e+61	
707	-1.09315e+62	6.65215e+61	-9.6576e+61	
708	-1.10094e+62	6.74535e+61	-9.50324e+61	
709	-1.09926e+62	6.72618e+61	-9.53618e+61	
710	-1.0929e+62	6.68653e+61	-9.63668e+61	
711	-1.10779e+62	6.67698e+61	-9.47184e+61	
712	-1.11757e+62	6.73783e+61	-9.31252e+61	
713	-1.09886e+62	6.68067e+61	-9.57278e+61	
714	-1.09802e+62	6.69866e+61	-9.56988e+61	
715	-1.0998e+62	6.68515e+61	-9.55886e+61	
716	-1.11444e+62	6.73114e+61	-9.35487e+61	
717	-1.10115e+62	6.70449e+61	-9.52971e+61	
718	-1.11145e+62	6.68065e+61	-9.4263e+61	
719	-1.10964e+62	6.65262e+61	-9.46736e+61	
720	-1.1081e+62	6.72833e+61	-9.43183e+61	
721	-1.10054e+62	6.65781e+61	-9.56936e+61	
722	-1.10526e+62	6.66743e+61	-9.50808e+61	
723	-1.09891e+62	6.64968e+61	-9.5938e+61	
724	-1.11429e+62	6.70968e+61	-9.37207e+61	
725	-1.11493e+62	6.7267e+61	-9.35221e+61	
726	-1.10708e+62	6.69565e+61	-9.46701e+61	
727	-1.10656e+62	6.70686e+61	-9.46509e+61	
728	-1.10137e+62	6.73228e+61	-9.50752e+61	
729	-1.09998e+62	6.67554e+61	-9.56345e+61	
730	-1.10076e+62	6.67536e+61	-9.55463e+61	
731	-1.09455e+62	6.67353e+61	-9.627e+61	
732	-1.09909e+62	6.69345e+61	-9.56118e+61	
733	-1.10171e+62	6.69098e+61	-9.53274e+61	
734	-1.11345e+62	6.73596e+61	-9.36308e+61	
735	-1.10386e+62	6.69456e+61	-9.50533e+61	
736	-1.10024e+62	6.68668e+61	-9.55272e+61	
737	-1.09282e+62	6.68988e+61	-9.63529e+61	
738	-1.11354e+62	6.67807e+61	-9.4034e+61	
739	-1.10173e+62	6.68797e+61	-9.53462e+61	
740	-1.12136e+62	6.72214e+61	-9.27826e+61	
741	-1.09304e+62	6.64816e+61	-9.66163e+61	
742	-1.11345e+62	6.73596e+61	-9.36308e+61	
743	-1.0941e+62	6.67479e+61	-9.6312e+61	
744	-1.1113e+62	6.69255e+61	-9.41964e+61	
745	-1.10251e+62	6.66631e+61	-9.54077e+61	
746	-1.0937e+62	6.7027e+61	-9.61632e+61	
747	-1.09966e+62	6.70147e+61	-9.54906e+61	
748	-1.10287e+62	6.6854e+61	-9.52318e+61	
749	-1.08835e+62	6.64515e+61	-9.71643e+61	
750	-1.0961e+62	6.689e+61	-9.59861e+61	
751	-1.09692e+62	6.67505e+61	-9.59888e+61	
752	-1.09245e+62	6.69353e+61	-9.63695e+61	
753	-1.09625e+62	6.69238e+61	-9.59447e+61	
754	-1.10137e+62	6.73228e+61	-9.50752e+61	
755	-1.09825e+62	6.7487e+61	-9.532e+61	
756	-1.09345e+62	6.68508e+61	-9.63144e+61	
757	-1.10546e+62	6.69415e+61	-9.48699e+61	
758	-1.10078e+62	6.71534e+61	-9.52631e+61	
759	-1.09852e+62	6.71125e+61	-9.55524e+61	
760	-1.09243e+62	6.69249e+61	-9.63792e+61	
761	-1.10319e+62	6.698e+61	-9.51071e+61	
762	-1.09297e+62	6.70841e+61	-9.62064e+61	
763	-1.10717e+62	6.69896e+61	-9.4636e+61	
764	-1.09773e+62	6.68716e+61	-9.5812e+61	
765	-1.10268e+62	6.67202e+61	-9.53482e+61	
766	-1.09243e+62	6.69249e+61	-9.63792e+61	
767	-1.10914e+62	6.69378e+61	-9.44416e+61	
768	-1.10107e+62	6.66878e+61	-9.55562e+61	
769	-1.11666e+62	6.69333e+61	-9.35552e+61	
770	-1.11561e+62	6.72108e+61	-9.34805e+61	
771	-1.10785e+62	6.72542e+61	-9.43689e+61	
772	-1.09748e+62	6.69204e+61	-9.58066e+61	
773	-1.10769e+62	6.71674e+61	-9.44488e+61	
774	-1.12124e+62	6.72971e+61	-9.27429e+61	
775	-1.10027e+62	6.69348e+61	-9.54756e+61	
776	-1.09243e+62	6.69249e+61	-9.63792e+61	
777	-1.09902e+62	6.72621e+61	-9.53896e+61	
778	-1.11639e+62	6.70096e+61	-9.35328e+61	
779	-1.10883e+62	6.67616e+61	-9.46026e+61	
780	-1.1079e+62	6.72625e+61	-9.43566e+61	
781	-1.09044e+62	6.74799e+61	-9.62166e+61	
782	-1.10027e+62	6.69348e+61	-9.54756e+61	
783	-1.12389e+62	6.69704e+61	-9.26577e+61	
784	-1.11648e+62	6.7164e+61	-9.34113e+61	
785	-1.1079e+62	6.72625e+61	-9.43566e+61	
786	-1.10993e+62	6.66939e+61	-9.45214e+61	
787	-1.13415e+62	6.73847e+61	-9.10942e+61	
788	-1.11648e+62	6.7164e+61	-9.34113e+61	
789	-1.11469e+62	6.69771e+61	-9.37581e+61	
790	-1.11424e+62	6.70578e+61	-9.3754e+61	
791	-1.12785e+62	6.73391e+61	-9.19073e+61	
792	-1.10588e+62	6.69765e+61	-9.47966e+61	
793	-1.11346e+62	6.73e+61	-9.36735e+61	
794	-1.095e+62	6.72523e+61	-9.58579e+61	
795	-1.11648e+62	6.7164e+61	-9.34113e+61	
796	-1.10848e+62	6.69229e+61	-9.45295e+61	
797	-1.10769e+62	6.71674e+61	-9.44488e+61	
798	-1.10914e+62	6.69378e+61	-9.44416e+61	
799	-1.10602e+62	6.68349e+61	-9.48794e+61	
800	-1.10769e+62	6.71674e+61	-9.44488e+61	
801	-1.11469e+62	6.69771e+61	-9.37581e+61	
802	-1.10027e+62	6.69348e+61	-9.54756e+61	
803	-1.10769e+62	6.71674e+61	-9.44488e+61	
804	-1.11597e+62	6.69897e+61	-9.35966e+61	
805	-1.10914e+62	6.69378e+61	-9.44416e+61	
806	-1.10027e+62	6.69348e+61	-9.54756e+61	
807	-1.10027e+62	6.69348e+61	-9.54756e+61	
808	-1.10027e+62	6.69348e+61	-9.54756e+61	
809	-1.1015e+62	6.69312e+61	-9.53369e+61	
810	-1.10027e+62	6.69348e+61	-9.54756e+61	
811	-1.10027e+62	6.69348e+61	-9.54756e+61	
812	-1.08827e+62	6.69123e+61	-9.68566e+61	
813	-1.10027e+62	6.69348e+61	-9.54756e+61	
814	-1.11726e+62	6.69225e+61	-9.34912e+61	
815	-1.09323e+62	6.66752e+61	-9.64607e+61	
816	-1.11472e+62	6.69858e+61	-9.37487e+61	
817	-1.08469e+62	6.66545e+61	-9.74342e+61	
818	-1.10009e+62	6.69263e+61	-9.55024e+61	
819	-1.10086e+62	6.67871e+61	-9.55118e+61	
820	-1.10027e+62	6.69348e+61	-9.54756e+61	
821	-1.10914e+62	6.69378e+61	-9.44416e+61	
822	-1.10027e+62	6.69348e+61	-9.54756e+61	
823	-1.11453e+62	6.72171e+61	-9.36048e+61	
824	-1.10914e+62	6.69378e+61	-9.44416e+61	
825	-1.08827e+62	6.69123e+61	-9.68566e+61	
826	-1.10588e+62	6.69765e+61	-9.47966e+61	
827	-1.10027e+62	6.69348e+61	-9.54756e+61	
828	-1.11648e+62	6.7164e+61	-9.34113e+61	
829	-1.12556e+62	6.7398e+61	-9.21437e+61	
830	-1.10645e+62	6.74927e+61	-9.43626e+61	
831	-1.1079e+62	6.72625e+61	-9.43566e+61	
832	-1.1079e+62	6.72625e+61	-9.43566e+61	
833	-1.10914e+62	6.69378e+61	-9.44416e+61	
834	-1.10914e+62	6.69378e+61	-9.44416e+61	
835	-1.12153e+62	6.72802e+61	-9.27201e+61	
836	-1.11524e+62	6.74866e+61	-9.33262e+61	
837	-1.11281e+62	6.74024e+61	-9.36769e+61	
838	-1.11648e+62	6.7164e+61	-9.34113e+61	
839	-1.11156e+62	6.72719e+61	-9.39187e+61	
840	-1.11325e+62	6.72049e+61	-9.37661e+61	
841	-1.11895e+62	6.74822e+61	-9.28843e+61	
842	-1.11997e+62	6.73561e+61	-9.28528e+61	
843	-1.13928e+62	6.77363e+61	-9.01885e+61	
844	-1.11847e+62	6.7267e+61	-9.30983e+61	
845	-1.12091e+62	6.71816e+61	-9.28657e+61	
846	-1.12169e+62	6.75316e+61	-9.25176e+61	
847	-1.12683e+62	6.7634e+61	-9.18158e+61	
848	-1.12002e+62	6.74129e+61	-9.28059e+61	
849	-1.12683e+62	6.7634e+61	-9.18158e+61	
850	-1.12909e+62	6.77291e+61	-9.14667e+61	
851	-1.12323e+62	6.76012e+61	-9.22793e+61	
852	-1.12434e+62	6.75306e+61	-9.21962e+61	
853	-1.13463e+62	6.76141e+61	-9.08644e+61	
854	-1.12683e+62	6.7634e+61	-9.18158e+61	
855	-1.12065e+62	6.75187e+61	-9.26532e+61	
856	-1.12269e+62	6.73396e+61	-9.25361e+61	
857	-1.13225e+62	6.75351e+61	-9.12189e+61	
858	-1.12417e+62	6.77077e+61	-9.20871e+61	
859	-1.13928e+62	6.77363e+61	-9.01885e+61	
860	-1.13348e+62	6.79112e+61	-9.07869e+61	
861	-1.12546e+62	6.73287e+61	-9.22068e+61	
862	-1.11694e+62	6.74734e+61	-9.31329e+61	
863	-1.13417e+62	6.77041e+61	-9.08542e+61	
864	-1.13318e+62	6.73762e+61	-9.12211e+61	
865	-1.13189e+62	6.75702e+61	-9.12385e+61	
866	-1.12422e+62	6.7607e+61	-9.21543e+61	
867	-1.12929e+62	6.77133e+61	-9.14543e+61	
868	-1.13316e+62	6.80014e+61	-9.07593e+61	
869	-1.13051e+62	6.80754e+61	-9.10331e+61	
870	-1.12397e+62	6.77236e+61	-9.20991e+61	
871	-1.1307e+62	6.76557e+61	-9.13222e+61	
872	-1.12735e+62	6.75455e+61	-9.18171e+61	
873	-1.12562e+62	6.7196e+61	-9.22843e+61	
874	-1.12635e+62	6.77017e+61	-9.18247e+61	
875	-1.1263e+62	6.71856e+61	-9.2209e+61	
876	-1.11594e+62	6.73723e+61	-9.33248e+61	
877	-1.11697e+62	6.75456e+61	-9.30765e+61	
878	-1.13902e+62	6.78098e+61	-9.01662e+61	
879	-1.1368e+62	6.77654e+61	-9.04794e+61	
880	-1.13902e+62	6.78098e+61	-9.01662e+61	
881	-1.12726e+62	6.74866e+61	-9.18708e+61	
882	-1.11233e+62	6.72668e+61	-9.38312e+61	
883	-1.11935e+62	6.74723e+61	-9.28434e+61	
884	-1.12829e+62	6.72473e+61	-9.19195e+61	
885	-1.10663e+62	6.76561e+61	-9.42239e+61	
886	-1.1244e+62	6.75157e+61	-9.21996e+61	
887	-1.12424e+62	6.75334e+61	-9.22056e+61	
888	-1.11946e+62	6.74142e+61	-9.28722e+61	
889	-1.13453e+62	6.76154e+61	-9.08759e+61	
890	-1.12451e+62	6.74582e+61	-9.22282e+61	
891	-1.12466e+62	6.74405e+61	-9.22222e+61	
892	-1.12991e+62	6.7449e+61	-9.15727e+61	
893	-1.12124e+62	6.76959e+61	-9.2452e+61	
894	-1.13133e+62	6.77754e+61	-9.11546e+61	
895	-1.11204e+62	6.73554e+61	-9.38013e+61	
896	-1.12835e+62	6.72321e+61	-9.19234e+61	
897	-1.11464e+62	6.70533e+61	-9.37096e+61	
898	-1.12742e+62	6.74689e+61	-9.18647e+61	
899	-1.13245e+62	6.75518e+61	-9.11819e+61	
900	-1.12466e+62	6.74405e+61	-9.22222e+61	
901	-1.11718e+62	6.73644e+61	-9.31821e+61	
902	-1.11732e+62	6.74567e+61	-9.30991e+61	
903	-1.1249e+62	6.74961e+61	-9.21532e+61	
904	-1.11869e+62	6.71246e+61	-9.31748e+61	
905	-1.11269e+62	6.68814e+61	-9.40632e+61	
906	-1.11919e+62	6.749e+61	-9.28494e+61	
907	-1.12384e+62	6.76324e+61	-9.21821e+61	
908	-1.1177e+62	6.72579e+61	-9.31974e+61	
909	-1.1298e+62	6.74375e+61	-9.1595e+61	
910	-1.11317e+62	6.68609e+61	-9.40208e+61	
911	-1.12746e+62	6.71151e+61	-9.21188e+61	
912	-1.11775e+62	6.73318e+61	-9.31379e+61	
913	-1.11505e+62	6.68961e+61	-9.37731e+61	
914	-1.11545e+62	6.75412e+61	-9.32613e+61	
915	-1.11395e+62	6.71923e+61	-9.36919e+61	
916	-1.11225e+62	6.69573e+61	-9.40617e+61	
917	-1.12044e+62	6.75421e+61	-9.26615e+61	
918	-1.11032e+62	6.7481e+61	-9.39156e+61	
919	-1.11664e+62	6.72079e+61	-9.336e+61	
920	-1.11664e+62	6.72079e+61	-9.336e+61	
921	-1.12478e+62	6.73948e+61	-9.2242e+61	
922	-1.12198e+62	6.74849e+61	-9.25165e+61	
923	-1.12714e+62	6.77848e+61	-9.16657e+61	
924	-1.11902e+62	6.72425e+61	-9.30496e+61	
925	-1.10892e+62	6.74835e+61	-9.40792e+61	
926	-1.11596e+62	6.76831e+61	-9.30977e+61	
927	-1.1195e+62	6.67862e+61	-9.33197e+61	
928	-1.12096e+62	6.7425e+61	-9.26832e+61	
929	-1.1283e+62	6.79213e+61	-9.14222e+61	
930	-1.1187e+62	6.75965e+61	-9.28313e+61	
931	-1.11155e+62	6.71604e+61	-9.39999e+61	
932	-1.12318e+62	6.78326e+61	-9.21151e+61	
933	-1.11198e+62	6.70344e+61	-9.40389e+61	
934	-1.12426e+62	6.75081e+61	-9.22215e+61	
935	-1.11663e+62	6.72118e+61	-9.33587e+61	
936	-1.12319e+62	6.71719e+61	-9.25977e+61	
937	-1.1175e+62	6.72977e+61	-9.31924e+61	
938	-1.11812e+62	6.71256e+61	-9.32415e+61	
939	-1.11319e+62	6.6718e+61	-9.41202e+61	
940	-1.12466e+62	6.74405e+61	-9.22222e+61	
941	-1.11707e+62	6.70828e+61	-9.33986e+61	
942	-1.12211e+62	6.74075e+61	-9.25563e+61	
943	-1.127e+62	6.75615e+61	-9.18484e+61	
944	-1.11692e+62	6.74403e+61	-9.31594e+61	
945	-1.12741e+62	6.74499e+61	-9.18795e+61	
946	-1.11303e+62	6.67673e+61	-9.41041e+61	
947	-1.12516e+62	6.7421e+61	-9.21756e+61	
948	-1.12233e+62	6.75358e+61	-9.24368e+61	
949	-1.11587e+62	6.73518e+61	-9.33487e+61	
950	-1.11675e+62	6.71882e+61	-9.33608e+61	
951	-1.11892e+62	6.72583e+61	-9.30503e+61	
952	-1.11692e+62	6.74403e+61	-9.31594e+61	
953	-1.12171e+62	6.76757e+61	-9.24098e+61	
954	-1.11669e+62	6.72222e+61	-9.33442e+61	
955	-1.12198e+62	6.74849e+61	-9.25165e+61	
956	-1.12509e+62	6.73163e+61	-9.22612e+61	
957	-1.12111e+62	6.74069e+61	-9.26786e+61	
958	-1.12493e+62	6.7334e+61	-9.22671e+61	
959	-1.12424e+62	6.75334e+61	-9.22056e+61	
960	-1.11177e+62	6.7432e+61	-9.37783e+61	
961	-1.12255e+62	6.73933e+61	-9.25135e+61	
962	-1.11593e+62	6.7094e+61	-9.35267e+61	
963	-1.1286e+62	6.77487e+61	-9.15131e+61	
964	-1.11674e+62	6.71598e+61	-9.33832e+61	
965	-1.10956e+62	6.70493e+61	-9.43131e+61	
966	-1.12516e+62	6.7421e+61	-9.21756e+61	
967	-1.11198e+62	6.70531e+61	-9.40248e+61	
968	-1.12848e+62	6.75383e+61	-9.1683e+61	
969	-1.12181e+62	6.72096e+61	-9.27364e+61	
970	-1.12214e+62	6.74674e+61	-9.25101e+61	
971	-1.11463e+62	6.74435e+61	-9.34299e+61	
972	-1.11919e+62	6.749e+61	-9.28494e+61	
973	-1.11727e+62	6.73522e+61	-9.31801e+61	
974	-1.11166e+62	6.71407e+61	-9.40008e+61	
975	-1.11919e+62	6.749e+61	-9.28494e+61	
976	-1.11707e+62	6.74228e+61	-9.31531e+61	
977	-1.11692e+62	6.74403e+61	-9.31594e+61	
978	-1.12082e+62	6.70511e+61	-9.29706e+61	
979	-1.11871e+62	6.73794e+61	-9.29883e+61	
980	-1.1245e+62	6.65588e+61	-9.28804e+61	
981	-1.127e+62	6.75615e+61	-9.18484e+61	
982	-1.13256e+62	6.74951e+61	-9.12105e+61	
983	-1.12323e+62	6.74738e+61	-9.23727e+61	
984	-1.11787e+62	6.68861e+61	-9.34438e+61	
985	-1.13012e+62	6.80898e+61	-9.10708e+61	
986	-1.12654e+62	6.76859e+61	-9.18124e+61	
987	-1.12214e+62	6.74674e+61	-9.25101e+61	
988	-1.1249e+62	6.74961e+61	-9.21532e+61	
989	-1.12909e+62	6.77291e+61	-9.14667e+61	
990	-1.11483e+62	6.73509e+61	-9.34731e+61	
991	-1.12102e+62	6.77266e+61	-9.24554e+61	
992	-1.12337e+62	6.74556e+61	-9.23682e+61	
993	-1.1244e+62	6.75157e+61	-9.21996e+61	
994	-1.11675e+62	6.71882e+61	-9.33608e+61	
995	-1.12589e+62	6.70901e+61	-9.23284e+61	
996	-1.11616e+62	6.67103e+61	-9.37731e+61	
997	-1.11964e+62	6.74693e+61	-9.28107e+61	
998	-1.12516e+62	6.73901e+61	-9.2198e+61	
999	-1.12742e+62	6.74383e+61	-9.18869e+61	
1000	-1.12964e+62	6.75236e+61	-9.15504e+61	
1	-1.15914e+62	7.13316e+60	-1.10521e+62	
2	-1.18478e+62	6.31147e+60	-1.07819e+62	
3	-1.15456e+62	6.21844e+60	-1.11054e+62	
4	-1.16761e+62	6.47453e+60	-1.09667e+62	
5	-1.13334e+62	5.75433e+60	-1.13244e+62	
6	-1.16678e+62	7.07539e+60	-1.09718e+62	
7	-1.15839e+62	5.66327e+60	-1.10685e+62	
8	-1.15162e+62	6.33061e+60	-1.11353e+62	
9	-1.15196e+62	6.17091e+60	-1.11327e+62	
10	-1.13471e+62	5.77462e+60	-1.13105e+62	
11	-1.14037e+62	5.63573e+60	-1.12542e+62	
12	-1.14947e+62	5.91291e+60	-1.11598e+62	
13	-1.15556e+62	6.3057e+60	-1.10946e+62	
14	-1.12699e+62	6.06718e+60	-1.13859e+62	
15	-1.14665e+62	6.02737e+60	-1.11881e+62	
16	-1.14286e+62	7.10101e+60	-1.12206e+62	
17	-1.14558e+62	6.45713e+60	-1.11967e+62	
18	-1.13909e+62	6.56077e+60	-1.12621e+62	
19	-1.15926e+62	5.82254e+60	-1.10586e+62	
20	-1.15955e+62	5.76344e+60	-1.10558e+62	
21	-1.15358e+62	5.94669e+60	-1.11171e+62	
22	-1.13586e+62	5.7845e+60	-1.1299e+62	
23	-1.14751e+62	6.26177e+60	-1.1178e+62	
24	-1.15173e+62	6.09629e+60	-1.11355e+62	
25	-1.14607e+62	5.556e+60	-1.11965e+62	
26	-1.13741e+62	6.10422e+60	-1.12816e+62	
27	-1.13136e+62	6.29066e+60	-1.13413e+62	
28	-1.16242e+62	5.6742e+60	-1.10261e+62	
29	-1.14766e+62	6.31163e+60	-1.11762e+62	
30	-1.1363e+62	6.36052e+60	-1.12915e+62	
31	-1.1444e+62	6.39006e+60	-1.12092e+62	
32	-1.12938e+62	6.59489e+60	-1.13593e+62	
33	-1.15207e+62	5.77747e+60	-1.11337e+62	
34	-1.13847e+62	5.8269e+60	-1.12724e+62	
35	-1.14076e+62	6.12261e+60	-1.12477e+62	
36	-1.14468e+62	6.0926e+60	-1.1208e+62	
37	-1.14411e+62	6.71635e+60	-1.12102e+62	
38	-1.14762e+62	5.9769e+60	-1.11785e+62	
39	-1.16842e+62	5.95514e+60	-1.0961e+62	
40	-1.16281e+62	6.04055e+60	-1.10201e+62	
41	-1.14823e+62	6.09533e+60	-1.11715e+62	
42	-1.15994e+62	6.20374e+60	-1.10493e+62	
43	-1.16676e+62	6.41056e+60	-1.09761e+62	
44	-1.15271e+62	6.12647e+60	-1.11251e+62	
45	-1.14574e+62	6.24788e+60	-1.11963e+62	
46	-1.15526e+62	6.34232e+60	-1.10974e+62	
47	-1.13827e+62	6.03081e+60	-1.12734e+62	
48	-1.13796e+62	5.61634e+60	-1.12786e+62	
49	-1.15001e+62	5.95712e+60	-1.1154e+62	
50	-1.1479e+62	6.41312e+60	-1.11731e+62	
51	-1.15529e+62	6.55924e+60	-1.10959e+62	
52	-1.13782e+62	6.44427e+60	-1.12756e+62	
53	-1.16681e+62	6.27024e+60	-1.09764e+62	
54	-1.1553e+62	6.60546e+60	-1.10955e+62	
55	-1.17451e+62	6.12984e+60	-1.08947e+62	
56	-1.13842e+62	6.51844e+60	-1.12691e+62	
57	-1.1472e+62	6.29565e+60	-1.1181e+62	
58	-1.15713e+62	5.98477e+60	-1.10799e+62	
59	-1.13835e+62	6.48339e+60	-1.127e+62	
60	-1.14378e+62	6.52413e+60	-1.12147e+62	
61	-1.15233e+62	6.18732e+60	-1.11288e+62	
62	-1.13654e+62	5.96432e+60	-1.12912e+62	
63	-1.13799e+62	6.57267e+60	-1.12731e+62	
64	-1.11911e+62	6.09597e+60	-1.14632e+62	
65	-1.12895e+62	6.58866e+60	-1.13636e+62	
66	-1.13628e+62	6.04173e+60	-1.12934e+62	
67	-1.15946e+62	5.87013e+60	-1.10562e+62	
68	-1.15638e+62	6.36936e+60	-1.10856e+62	
69	-1.13044e+62	5.80498e+60	-1.1353e+62	
70	-1.16066e+62	6.51419e+60	-1.104e+62	
71	-1.13136e+62	6.29066e+60	-1.13413e+62	
72	-1.14783e+62	6.00053e+60	-1.11762e+62	
73	-1.15461e+62	6.25117e+60	-1.11047e+62	
74	-1.15136e+62	5.63431e+60	-1.11417e+62	
75	-1.13574e+62	5.76397e+60	-1.13002e+62	
76	-1.14382e+62	5.78609e+60	-1.12183e+62	
77	-1.14325e+62	6.42087e+60	-1.12208e+62	
78	-1.1316e+62	5.57533e+60	-1.13427e+62	
79	-1.14254e+62	5.75927e+60	-1.12316e+62	
80	-1.14332e+62	5.22214e+60	-1.12262e+62	
81	-1.1349e+62	6.17436e+60	-1.13066e+62	
82	-1.13293e+62	5.87143e+60	-1.13278e+62	
83	-1.13487e+62	5.75545e+60	-1.1309e+62	
84	-1.13707e+62	5.80095e+60	-1.12867e+62	
85	-1.11991e+62	5.73729e+60	-1.14573e+62	
86	-1.14541e+62	5.89852e+60	-1.12015e+62	
87	-1.1499e+62	5.89202e+60	-1.11555e+62	
88	-1.13892e+62	5.35472e+60	-1.12702e+62	
89	-1.14348e+62	5.58489e+60	-1.12228e+62	
90	-1.13921e+62	5.45387e+60	-1.12669e+62	
91	-1.1394e+62	6.03004e+60	-1.12619e+62	
92	-1.14438e+62	5.95561e+60	-1.12118e+62	
93	-1.14541e+62	5.71843e+60	-1.12024e+62	
94	-1.15146e+62	5.9442e+60	-1.11391e+62	
95	-1.15036e+62	5.8042e+60	-1.11512e+62	
96	-1.14436e+62	5.62684e+60	-1.12137e+62	
97	-1.14602e+62	5.54983e+60	-1.1197e+62	
98	-1.15103e+62	5.93816e+60	-1.11436e+62	
99	-1.13282e+62	5.79057e+60	-1.13294e+62	
100	-1.12275e+62	5.59502e+60	-1.14301e+62	
101	-1.14434e+62	5.67425e+60	-1.12136e+62	
102	-1.13554e+62	5.68372e+60	-1.13027e+62	
103	-1.15323e+62	5.73054e+60	-1.11219e+62	
104	-1.12823e+62	6.14208e+60	-1.13733e+62	
105	-1.14577e+62	6.06253e+60	-1.11969e+62	
106	-1.13846e+62	5.3293e+60	-1.1275e+62	
107	-1.13642e+62	5.32555e+60	-1.12956e+62	
108	-1.12642e+62	6.20624e+60	-1.13908e+62	
109	-1.14713e+62	5.88492e+60	-1.1184e+62	
110	-1.13369e+62	5.38232e+60	-1.13227e+62	
111	-1.13152e+62	5.76504e+60	-1.13425e+62	
112	-1.15921e+62	5.87973e+60	-1.10588e+62	
113	-1.14387e+62	5.67569e+60	-1.12184e+62	
114	-1.15243e+62	5.71494e+60	-1.11302e+62	
115	-1.15397e+62	5.70919e+60	-1.11144e+62	
116	-1.13812e+62	5.73004e+60	-1.12764e+62	
117	-1.13942e+62	5.68602e+60	-1.12635e+62	
118	-1.1377e+62	5.01813e+60	-1.12841e+62	
119	-1.14851e+62	5.75497e+60	-1.11705e+62	
120	-1.13695e+62	5.56542e+60	-1.12891e+62	
121	-1.14435e+62	5.69096e+60	-1.12134e+62	
122	-1.14281e+62	5.63266e+60	-1.12294e+62	
123	-1.14346e+62	5.63236e+60	-1.12228e+62	
124	-1.15553e+62	5.76158e+60	-1.10978e+62	
125	-1.14483e+62	5.33743e+60	-1.12103e+62	
126	-1.13758e+62	5.6612e+60	-1.12822e+62	
127	-1.14715e+62	5.26992e+60	-1.11868e+62	
128	-1.13287e+62	5.58605e+60	-1.13299e+62	
129	-1.13196e+62	5.66351e+60	-1.13386e+62	
130	-1.14552e+62	5.58827e+60	-1.1202e+62	
131	-1.13291e+62	5.46762e+60	-1.13301e+62	
132	-1.13748e+62	5.66796e+60	-1.12832e+62	
133	-1.14004e+62	5.31732e+60	-1.1259e+62	
134	-1.15119e+62	5.30184e+60	-1.11451e+62	
135	-1.1389e+62	5.50376e+60	-1.12697e+62	
136	-1.1415e+62	5.72194e+60	-1.12423e+62	
137	-1.14226e+62	5.22954e+60	-1.1237e+62	
138	-1.14047e+62	6.02921e+60	-1.12512e+62	
139	-1.13213e+62	5.20151e+60	-1.13392e+62	
140	-1.1429e+62	5.3985e+60	-1.12297e+62	
141	-1.14652e+62	5.59165e+60	-1.11917e+62	
142	-1.13949e+62	5.7189e+60	-1.12626e+62	
143	-1.15088e+62	6.10239e+60	-1.11443e+62	
144	-1.14672e+62	6.16185e+60	-1.11867e+62	
145	-1.15135e+62	6.26695e+60	-1.11384e+62	
146	-1.13935e+62	5.65385e+60	-1.12644e+62	
147	-1.14258e+62	5.94638e+60	-1.12301e+62	
148	-1.15534e+62	6.38008e+60	-1.10964e+62	
149	-1.13935e+62	5.65385e+60	-1.12644e+62	
150	-1.14104e+62	6.01988e+60	-1.12454e+62	
151	-1.14532e+62	6.37994e+60	-1.11998e+62	
152	-1.15415e+62	5.93306e+60	-1.11113e+62	
153	-1.14795e+62	5.66428e+60	-1.11767e+62	
154	-1.15384e+62	6.03435e+60	-1.1114e+62	
155	-1.1522e+62	5.68305e+60	-1.11328e+62	
156	-1.15724e+62	6.3253e+60	-1.10769e+62	
157	-1.14175e+62	5.59613e+60	-1.12404e+62	
158	-1.14308e+62	6.40125e+60	-1.12226e+62	
159	-1.14951e+62	5.71653e+60	-1.11604e+62	
160	-1.14911e+62	5.81829e+60	-1.1164e+62	
161	-1.15927e+62	5.65944e+60	-1.10593e+62	
162	-1.1614e+62	5.47044e+60	-1.10379e+62	
163	-1.14777e+62	5.49335e+60	-1.11794e+62	
164	-1.15703e+62	5.80103e+60	-1.1082e+62	
165	-1.14544e+62	5.86071e+60	-1.12014e+62	
166	-1.13173e+62	5.38355e+60	-1.13422e+62	
167	-1.15873e+62	5.33675e+60	-1.10666e+62	
168	-1.14715e+62	5.06408e+60	-1.11878e+62	
169	-1.13621e+62	4.97732e+60	-1.12993e+62	
170	-1.14528e+62	5.26005e+60	-1.1206e+62	
171	-1.13893e+62	5.53309e+60	-1.12693e+62	
172	-1.14562e+62	4.87788e+60	-1.12043e+62	
173	-1.1383e+62	5.2332e+60	-1.12771e+62	
174	-1.16202e+62	5.29988e+60	-1.10322e+62	
175	-1.14463e+62	4.79647e+60	-1.12147e+62	
176	-1.13893e+62	5.53309e+60	-1.12693e+62	
177	-1.12747e+62	5.34144e+60	-1.13849e+62	
178	-1.14507e+62	5.85805e+60	-1.12052e+62	
179	-1.15115e+62	5.56618e+60	-1.11442e+62	
180	-1.15958e+62	5.5675e+60	-1.10565e+62	
181	-1.16049e+62	5.46163e+60	-1.10474e+62	
182	-1.14637e+62	5.44463e+60	-1.1194e+62	
183	-1.15118e+62	5.46233e+60	-1.11445e+62	
184	-1.15285e+62	6.32432e+60	-1.11226e+62	
185	-1.16208e+62	5.50247e+60	-1.10305e+62	
186	-1.15109e+62	5.26045e+60	-1.11463e+62	
187	-1.15128e+62	5.75428e+60	-1.1142e+62	
188	-1.15369e+62	5.30603e+60	-1.11193e+62	
189	-1.14487e+62	5.37302e+60	-1.12097e+62	
190	-1.15275e+62	5.96767e+60	-1.11256e+62	
191	-1.16073e+62	5.66403e+60	-1.10439e+62	
192	-1.15145e+62	6.1143e+60	-1.11383e+62	
193	-1.16043e+62	5.25874e+60	-1.10491e+62	
194	-1.15945e+62	5.38081e+60	-1.10588e+62	
195	-1.14733e+62	5.64229e+60	-1.11831e+62	
196	-1.15381e+62	5.68732e+60	-1.11161e+62	
197	-1.15414e+62	5.20522e+60	-1.1115e+62	
198	-1.16237e+62	5.12463e+60	-1.10293e+62	
199	-1.1526e+62	5.56108e+60	-1.11292e+62	
200	-1.1635e+62	5.53599e+60	-1.10154e+62	
201	-1.16065e+62	5.86624e+60	-1.10438e+62	
202	-1.16049e+62	5.46163e+60	-1.10474e+62	
203	-1.15094e+62	5.22349e+60	-1.1148e+62	
204	-1.14082e+62	5.39437e+60	-1.12508e+62	
205	-1.15412e+62	5.25103e+60	-1.1115e+62	
206	-1.15364e+62	5.65157e+60	-1.11181e+62	
207	-1.15478e+62	5.88931e+60	-1.11049e+62	
208	-1.16048e+62	5.55967e+60	-1.10471e+62	
209	-1.14569e+62	5.08248e+60	-1.12027e+62	
210	-1.16403e+62	5.17217e+60	-1.10115e+62	
211	-1.14026e+62	5.50975e+60	-1.12559e+62	
212	-1.15557e+62	5.51378e+60	-1.10987e+62	
213	-1.1463e+62	5.67815e+60	-1.11936e+62	
214	-1.14626e+62	5.38899e+60	-1.11954e+62	
215	-1.15663e+62	5.31415e+60	-1.10886e+62	
216	-1.13036e+62	5.70881e+60	-1.13544e+62	
217	-1.14588e+62	5.33151e+60	-1.11996e+62	
218	-1.15765e+62	5.04453e+60	-1.10792e+62	
219	-1.15569e+62	5.51074e+60	-1.10975e+62	
220	-1.14637e+62	5.5372e+60	-1.11935e+62	
221	-1.1446e+62	5.2592e+60	-1.1213e+62	
222	-1.16979e+62	5.9309e+60	-1.09465e+62	
223	-1.15717e+62	5.36321e+60	-1.10827e+62	
224	-1.15123e+62	5.76199e+60	-1.11424e+62	
225	-1.16308e+62	5.05457e+60	-1.10221e+62	
226	-1.14254e+62	5.86143e+60	-1.1231e+62	
227	-1.15035e+62	5.48648e+60	-1.11528e+62	
228	-1.13174e+62	5.48896e+60	-1.13417e+62	
229	-1.14958e+62	5.26731e+60	-1.11619e+62	
230	-1.15545e+62	5.6e+60	-1.10995e+62	
231	-1.15178e+62	5.72409e+60	-1.11369e+62	
232	-1.15384e+62	5.29781e+60	-1.11177e+62	
233	-1.15026e+62	5.44871e+60	-1.1154e+62	
234	-1.14275e+62	5.53718e+60	-1.12305e+62	
235	-1.13318e+62	5.66078e+60	-1.13264e+62	
236	-1.15724e+62	5.58403e+60	-1.10809e+62	
237	-1.14589e+62	5.8676e+60	-1.11968e+62	
238	-1.16325e+62	6.02412e+60	-1.10155e+62	
239	-1.15416e+62	5.93848e+60	-1.11111e+62	
240	-1.15049e+62	6.41176e+60	-1.11465e+62	
241	-1.13799e+62	6.16418e+60	-1.12755e+62	
242	-1.1674e+62	5.95113e+60	-1.09719e+62	
243	-1.14631e+62	6.33131e+60	-1.11899e+62	
244	-1.13862e+62	6.86563e+60	-1.12651e+62	
245	-1.15228e+62	6.24551e+60	-1.11289e+62	
246	-1.1558e+62	6.79997e+60	-1.10891e+62	
247	-1.15973e+62	6.475e+60	-1.105e+62	
248	-1.13475e+62	6.83759e+60	-1.13042e+62	
249	-1.15531e+62	6.51519e+60	-1.10959e+62	
250	-1.14078e+62	6.45085e+60	-1.12456e+62	
251	-1.15258e+62	6.53384e+60	-1.11242e+62	
252	-1.15028e+62	6.35206e+60	-1.1149e+62	
253	-1.155e+62	6.85814e+60	-1.10971e+62	
254	-1.16036e+62	6.77524e+60	-1.10415e+62	
255	-1.14331e+62	6.65092e+60	-1.12187e+62	
256	-1.16265e+62	6.75568e+60	-1.10176e+62	
257	-1.15106e+62	7.05368e+60	-1.11368e+62	
258	-1.16039e+62	6.95038e+60	-1.10401e+62	
259	-1.15764e+62	7.27297e+60	-1.10669e+62	
260	-1.14625e+62	7.10883e+60	-1.11859e+62	
261	-1.14552e+62	6.68486e+60	-1.1196e+62	
262	-1.15797e+62	6.83493e+60	-1.10662e+62	
263	-1.15638e+62	7.25495e+60	-1.10802e+62	
264	-1.14318e+62	6.75248e+60	-1.12195e+62	
265	-1.16052e+62	6.87808e+60	-1.10393e+62	
266	-1.13832e+62	6.93376e+60	-1.12677e+62	
267	-1.15276e+62	6.44536e+60	-1.11228e+62	
268	-1.14189e+62	6.80979e+60	-1.12323e+62	
269	-1.14976e+62	7.39638e+60	-1.11479e+62	
270	-1.16773e+62	6.77694e+60	-1.09636e+62	
271	-1.15454e+62	6.99424e+60	-1.1101e+62	
272	-1.15747e+62	6.9134e+60	-1.10709e+62	
273	-1.16104e+62	7.64643e+60	-1.10287e+62	
274	-1.15246e+62	6.81768e+60	-1.11237e+62	
275	-1.15238e+62	6.99461e+60	-1.11235e+62	
276	-1.15497e+62	7.20892e+60	-1.10952e+62	
277	-1.14954e+62	7.02997e+60	-1.11525e+62	
278	-1.17414e+62	7.29413e+60	-1.08915e+62	
279	-1.15484e+62	7.00448e+60	-1.10978e+62	
280	-1.15835e+62	6.8808e+60	-1.1062e+62	
281	-1.16029e+62	6.77262e+60	-1.10424e+62	
282	-1.14858e+62	6.62652e+60	-1.11649e+62	
283	-1.17501e+62	6.64666e+60	-1.08863e+62	
284	-1.14944e+62	6.75599e+60	-1.11553e+62	
285	-1.15247e+62	6.98228e+60	-1.11226e+62	
286	-1.16029e+62	6.85514e+60	-1.10418e+62	
287	-1.16454e+62	7.1166e+60	-1.09953e+62	
288	-1.16943e+62	7.09275e+60	-1.09435e+62	
289	-1.16795e+62	7.12652e+60	-1.0959e+62	
290	-1.15843e+62	7.24465e+60	-1.10589e+62	
291	-1.16533e+62	6.83207e+60	-1.09888e+62	
292	-1.17891e+62	6.68006e+60	-1.08439e+62	
293	-1.16354e+62	7.31485e+60	-1.10046e+62	
294	-1.14976e+62	7.39638e+60	-1.11479e+62	
295	-1.15919e+62	7.27798e+60	-1.10506e+62	
296	-1.16088e+62	6.99498e+60	-1.10347e+62	
297	-1.17265e+62	6.691e+60	-1.09115e+62	
298	-1.15832e+62	6.51383e+60	-1.10646e+62	
299	-1.16025e+62	6.83309e+60	-1.10424e+62	
300	-1.14199e+62	6.90205e+60	-1.12307e+62	
301	-1.14109e+62	7.10474e+60	-1.12386e+62	
302	-1.16774e+62	6.68451e+60	-1.0964e+62	
303	-1.16326e+62	7.02454e+60	-1.10095e+62	
304	-1.16209e+62	7.25413e+60	-1.10203e+62	
305	-1.16326e+62	5.95965e+60	-1.10157e+62	
306	-1.15054e+62	6.74472e+60	-1.1144e+62	
307	-1.15633e+62	6.48883e+60	-1.10855e+62	
308	-1.1652e+62	6.27674e+60	-1.09934e+62	
309	-1.16464e+62	6.55892e+60	-1.09978e+62	
310	-1.14696e+62	6.3578e+60	-1.11832e+62	
311	-1.15867e+62	5.84447e+60	-1.10646e+62	
312	-1.16415e+62	6.35821e+60	-1.10041e+62	
313	-1.16586e+62	6.02041e+60	-1.09879e+62	
314	-1.15577e+62	6.03342e+60	-1.10939e+62	
315	-1.16824e+62	5.82098e+60	-1.09637e+62	
316	-1.14765e+62	6.79484e+60	-1.11734e+62	
317	-1.14918e+62	6.31579e+60	-1.11606e+62	
318	-1.15998e+62	5.55363e+60	-1.10524e+62	
319	-1.15653e+62	5.21979e+60	-1.10901e+62	
320	-1.16636e+62	6.20453e+60	-1.09815e+62	
321	-1.16653e+62	6.29816e+60	-1.09792e+62	
322	-1.15903e+62	5.75794e+60	-1.10612e+62	
323	-1.16503e+62	6.15036e+60	-1.0996e+62	
324	-1.16502e+62	6.90367e+60	-1.09916e+62	
325	-1.16524e+62	6.16704e+60	-1.09937e+62	
326	-1.17411e+62	5.27913e+60	-1.09035e+62	
327	-1.16497e+62	5.62994e+60	-1.09994e+62	
328	-1.16484e+62	6.34417e+60	-1.09969e+62	
329	-1.16497e+62	6.92215e+60	-1.0992e+62	
330	-1.17543e+62	5.80897e+60	-1.08866e+62	
331	-1.16497e+62	5.41545e+60	-1.10005e+62	
332	-1.16903e+62	6.49771e+60	-1.09514e+62	
333	-1.16532e+62	6.07244e+60	-1.09933e+62	
334	-1.1741e+62	5.21376e+60	-1.09039e+62	
335	-1.15918e+62	7.04501e+60	-1.10523e+62	
336	-1.14539e+62	6.217e+60	-1.12e+62	
337	-1.16026e+62	6.18719e+60	-1.1046e+62	
338	-1.17453e+62	6.16282e+60	-1.08944e+62	
339	-1.15937e+62	6.43286e+60	-1.1054e+62	
340	-1.16934e+62	5.70333e+60	-1.09525e+62	
341	-1.16557e+62	6.9277e+60	-1.09856e+62	
342	-1.1573e+62	6.3004e+60	-1.10765e+62	
343	-1.16462e+62	6.39101e+60	-1.09989e+62	
344	-1.1641e+62	6.63229e+60	-1.1003e+62	
345	-1.16671e+62	7.14149e+60	-1.09721e+62	
346	-1.16377e+62	5.87008e+60	-1.10108e+62	
347	-1.17438e+62	6.02653e+60	-1.08967e+62	
348	-1.16407e+62	6.67591e+60	-1.1003e+62	
349	-1.16514e+62	6.4116e+60	-1.09933e+62	
350	-1.14964e+62	6.5324e+60	-1.11546e+62	
351	-1.16517e+62	6.36496e+60	-1.09933e+62	
352	-1.15927e+62	6.41745e+60	-1.10551e+62	
353	-1.16405e+62	6.79918e+60	-1.10025e+62	
354	-1.16929e+62	5.86795e+60	-1.09522e+62	
355	-1.1647e+62	6.21351e+60	-1.09991e+62	
356	-1.17435e+62	6.08867e+60	-1.08967e+62	
357	-1.17578e+62	6.90979e+60	-1.08764e+62	
358	-1.17822e+62	6.62383e+60	-1.08517e+62	
359	-1.15549e+62	6.83688e+60	-1.10921e+62	
360	-1.16382e+62	7.33051e+60	-1.10015e+62	
361	-1.16669e+62	7.18506e+60	-1.09721e+62	
362	-1.18321e+62	6.38522e+60	-1.07988e+62	
363	-1.17409e+62	5.86737e+60	-1.09007e+62	
364	-1.15535e+62	6.60375e+60	-1.1095e+62	
365	-1.1745e+62	6.14391e+60	-1.08947e+62	
366	-1.16563e+62	6.0624e+60	-1.09901e+62	
367	-1.15538e+62	6.86307e+60	-1.10931e+62	
368	-1.15542e+62	6.81512e+60	-1.1093e+62	
369	-1.16473e+62	6.68207e+60	-1.0996e+62	
370	-1.15514e+62	6.25131e+60	-1.10993e+62	
371	-1.15492e+62	6.66098e+60	-1.10991e+62	
372	-1.15541e+62	6.64016e+60	-1.10942e+62	
373	-1.17322e+62	6.9508e+60	-1.09037e+62	
374	-1.1584e+62	6.36882e+60	-1.10646e+62	
375	-1.17682e+62	6.37972e+60	-1.08684e+62	
376	-1.14326e+62	6.25553e+60	-1.12215e+62	
377	-1.165e+62	7.11103e+60	-1.09904e+62	
378	-1.16443e+62	6.47831e+60	-1.10004e+62	
379	-1.16643e+62	6.95087e+60	-1.09763e+62	
380	-1.13748e+62	6.80353e+60	-1.12769e+62	
381	-1.17963e+62	6.58987e+60	-1.08365e+62	
382	-1.14572e+62	6.36016e+60	-1.11959e+62	
383	-1.15768e+62	6.65335e+60	-1.10704e+62	
384	-1.15547e+62	6.08884e+60	-1.10967e+62	
385	-1.1648e+62	6.68332e+60	-1.09952e+62	
386	-1.17558e+62	6.33473e+60	-1.08821e+62	
387	-1.16274e+62	6.69529e+60	-1.1017e+62	
388	-1.16242e+62	6.35301e+60	-1.10224e+62	
389	-1.16928e+62	6.65811e+60	-1.09477e+62	
390	-1.15009e+62	6.50483e+60	-1.11501e+62	
391	-1.14528e+62	6.67525e+60	-1.11985e+62	
392	-1.14609e+62	6.62564e+60	-1.11905e+62	
393	-1.17097e+62	7.28765e+60	-1.09257e+62	
394	-1.16367e+62	6.42401e+60	-1.10087e+62	
395	-1.15768e+62	6.37147e+60	-1.1072e+62	
396	-1.18158e+62	7.09463e+60	-1.08121e+62	
397	-1.15788e+62	6.56956e+60	-1.10688e+62	
398	-1.16392e+62	6.60767e+60	-1.10051e+62	
399	-1.15565e+62	7.19737e+60	-1.10882e+62	
400	-1.16833e+62	7.13401e+60	-1.09549e+62	
401	-1.15711e+62	7.44449e+60	-1.10713e+62	
402	-1.15474e+62	5.93083e+60	-1.11052e+62	
403	-1.17246e+62	5.97058e+60	-1.09177e+62	
404	-1.17306e+62	6.71902e+60	-1.09069e+62	
405	-1.17571e+62	6.75098e+60	-1.08781e+62	
406	-1.17347e+62	6.73644e+60	-1.09024e+62	
407	-1.14613e+62	6.20605e+60	-1.11925e+62	
408	-1.15421e+62	6.29739e+60	-1.11087e+62	
409	-1.15538e+62	7.02951e+60	-1.10921e+62	
410	-1.16479e+62	5.74366e+60	-1.10007e+62	
411	-1.16362e+62	6.65783e+60	-1.10079e+62	
412	-1.15594e+62	6.6295e+60	-1.10887e+62	
413	-1.16486e+62	7.18868e+60	-1.09915e+62	
414	-1.17343e+62	5.83416e+60	-1.0908e+62	
415	-1.16445e+62	6.18748e+60	-1.10019e+62	
416	-1.17442e+62	6.08163e+60	-1.0896e+62	
417	-1.18109e+62	6.81467e+60	-1.08193e+62	
418	-1.16438e+62	7.59842e+60	-1.09938e+62	
419	-1.16527e+62	6.92897e+60	-1.09887e+62	
420	-1.1757e+62	6.52081e+60	-1.08797e+62	
421	-1.16549e+62	6.92837e+60	-1.09864e+62	
422	-1.17515e+62	6.55837e+60	-1.08853e+62	
423	-1.18204e+62	6.36522e+60	-1.08117e+62	
424	-1.16846e+62	6.37863e+60	-1.09581e+62	
425	-1.15908e+62	6.69666e+60	-1.10555e+62	
426	-1.17451e+62	6.48171e+60	-1.08928e+62	
427	-1.15761e+62	6.30651e+60	-1.10732e+62	
428	-1.17456e+62	6.49571e+60	-1.08921e+62	
429	-1.17461e+62	6.53571e+60	-1.08913e+62	
430	-1.15808e+62	6.91953e+60	-1.10646e+62	
431	-1.15798e+62	6.57098e+60	-1.10678e+62	
432	-1.17545e+62	6.37338e+60	-1.08832e+62	
433	-1.15778e+62	6.57444e+60	-1.10698e+62	
434	-1.18047e+62	6.69484e+60	-1.08268e+62	
435	-1.17425e+62	6.05773e+60	-1.08979e+62	
436	-1.17431e+62	6.33536e+60	-1.08957e+62	
437	-1.16296e+62	7.1767e+60	-1.10116e+62	
438	-1.17399e+62	6.6887e+60	-1.08971e+62	
439	-1.1641e+62	6.63229e+60	-1.1003e+62	
440	-1.1638e+62	6.2892e+60	-1.10082e+62	
441	-1.165e+62	6.33145e+60	-1.09952e+62	
442	-1.16421e+62	7.19799e+60	-1.09983e+62	
443	-1.15487e+62	7.54715e+60	-1.1094e+62	
444	-1.17126e+62	6.98271e+60	-1.09246e+62	
445	-1.16554e+62	7.68066e+60	-1.09809e+62	
446	-1.15911e+62	7.18992e+60	-1.1052e+62	
447	-1.17474e+62	6.99966e+60	-1.0887e+62	
448	-1.18004e+62	5.92407e+60	-1.08359e+62	
449	-1.16353e+62	5.53984e+60	-1.10151e+62	
450	-1.17317e+62	6.95637e+60	-1.09042e+62	
451	-1.16338e+62	6.84792e+60	-1.10093e+62	
452	-1.16963e+62	6.53837e+60	-1.09447e+62	
453	-1.17225e+62	7.53779e+60	-1.09102e+62	
454	-1.18182e+62	6.90111e+60	-1.08108e+62	
455	-1.1832e+62	7.20428e+60	-1.07936e+62	
456	-1.17305e+62	5.95641e+60	-1.09114e+62	
457	-1.16438e+62	7.59842e+60	-1.09938e+62	
458	-1.15265e+62	7.24069e+60	-1.1119e+62	
459	-1.17381e+62	6.42188e+60	-1.09006e+62	
460	-1.16471e+62	7.32999e+60	-1.09921e+62	
461	-1.18112e+62	6.54446e+60	-1.08206e+62	
462	-1.17377e+62	6.10971e+60	-1.09029e+62	
463	-1.16417e+62	6.62049e+60	-1.10023e+62	
464	-1.16912e+62	7.17167e+60	-1.09463e+62	
465	-1.16397e+62	6.76085e+60	-1.10035e+62	
466	-1.16401e+62	6.81662e+60	-1.10028e+62	
467	-1.16438e+62	7.59842e+60	-1.09938e+62	
468	-1.17447e+62	6.61629e+60	-1.08924e+62	
469	-1.16494e+62	6.31443e+60	-1.0996e+62	
470	-1.17517e+62	6.50006e+60	-1.08855e+62	
471	-1.16242e+62	7.07738e+60	-1.1018e+62	
472	-1.17264e+62	7.40529e+60	-1.0907e+62	
473	-1.17463e+62	7.00901e+60	-1.08882e+62	
474	-1.17209e+62	7.22419e+60	-1.09141e+62	
475	-1.16405e+62	6.77451e+60	-1.10027e+62	
476	-1.16306e+62	7.35518e+60	-1.10094e+62	
477	-1.17329e+62	7.30485e+60	-1.09007e+62	
478	-1.16381e+62	7.41391e+60	-1.1001e+62	
479	-1.16336e+62	6.67384e+60	-1.10106e+62	
480	-1.1639e+62	6.63652e+60	-1.1005e+62	
481	-1.1642e+62	6.98007e+60	-1.09997e+62	
482	-1.17943e+62	6.79738e+60	-1.08375e+62	
483	-1.1542e+62	6.73016e+60	-1.11062e+62	
484	-1.18251e+62	6.85066e+60	-1.08036e+62	
485	-1.17463e+62	6.81646e+60	-1.08893e+62	
486	-1.16409e+62	6.99078e+60	-1.10009e+62	
487	-1.16377e+62	6.1993e+60	-1.1009e+62	
488	-1.1718e+62	6.52525e+60	-1.09216e+62	
489	-1.16407e+62	6.67591e+60	-1.1003e+62	
490	-1.17275e+62	7.17515e+60	-1.09073e+62	
491	-1.17191e+62	7.34339e+60	-1.09153e+62	
492	-1.16846e+62	6.95507e+60	-1.09547e+62	
493	-1.17312e+62	6.73899e+60	-1.09062e+62	
494	-1.17139e+62	6.17452e+60	-1.09281e+62	
495	-1.16166e+62	7.0964e+60	-1.10259e+62	
496	-1.16765e+62	7.25355e+60	-1.09614e+62	
497	-1.17447e+62	6.61629e+60	-1.08924e+62	
498	-1.16382e+62	6.24808e+60	-1.10082e+62	
499	-1.17166e+62	6.77236e+60	-1.09216e+62	
500	-1.16935e+62	6.52337e+60	-1.09478e+62	
501	-1.17149e+62	6.52329e+60	-1.09249e+62	
502	-1.17831e+62	7.4933e+60	-1.08451e+62	
503	-1.1904e+62	6.56407e+60	-1.07184e+62	
504	-1.1833e+62	6.79152e+60	-1.07952e+62	
505	-1.16355e+62	6.66971e+60	-1.10086e+62	
506	-1.16426e+62	7.02315e+60	-1.09989e+62	
507	-1.17129e+62	7.55485e+60	-1.09204e+62	
508	-1.17387e+62	6.30712e+60	-1.09006e+62	
509	-1.17577e+62	7.20851e+60	-1.08745e+62	
510	-1.17119e+62	6.98653e+60	-1.09252e+62	
511	-1.17237e+62	6.44684e+60	-1.09159e+62	
512	-1.16363e+62	7.06112e+60	-1.10053e+62	
513	-1.15417e+62	7.16059e+60	-1.11039e+62	
514	-1.16327e+62	7.06314e+60	-1.10091e+62	
515	-1.18002e+62	6.71017e+60	-1.08316e+62	
516	-1.16407e+62	6.67591e+60	-1.1003e+62	
517	-1.16323e+62	6.42087e+60	-1.10135e+62	
518	-1.15222e+62	7.56015e+60	-1.11214e+62	
519	-1.17169e+62	6.61681e+60	-1.09222e+62	
520	-1.17191e+62	7.34339e+60	-1.09153e+62	
521	-1.17176e+62	6.90543e+60	-1.09196e+62	
522	-1.17166e+62	6.55912e+60	-1.09229e+62	
523	-1.16393e+62	6.59523e+60	-1.1005e+62	
524	-1.17147e+62	6.56455e+60	-1.09249e+62	
525	-1.17217e+62	6.22631e+60	-1.09193e+62	
526	-1.17152e+62	6.60676e+60	-1.09241e+62	
527	-1.16213e+62	7.49627e+60	-1.10183e+62	
528	-1.16185e+62	7.18732e+60	-1.10232e+62	
529	-1.16418e+62	7.02373e+60	-1.09997e+62	
530	-1.16352e+62	7.0692e+60	-1.10064e+62	
531	-1.17775e+62	7.53093e+60	-1.08508e+62	
532	-1.16203e+62	6.59236e+60	-1.10251e+62	
533	-1.17248e+62	6.79271e+60	-1.09127e+62	
534	-1.17185e+62	7.12183e+60	-1.09174e+62	
535	-1.15308e+62	6.31921e+60	-1.11203e+62	
536	-1.17195e+62	7.00368e+60	-1.0917e+62	
537	-1.15995e+62	6.72323e+60	-1.10462e+62	
538	-1.16583e+62	7.24189e+60	-1.09808e+62	
539	-1.16556e+62	6.85727e+60	-1.09861e+62	
540	-1.17163e+62	6.95804e+60	-1.09208e+62	
541	-1.15191e+62	7.21136e+60	-1.11269e+62	
542	-1.17139e+62	6.27624e+60	-1.09274e+62	
543	-1.15995e+62	6.72323e+60	-1.10462e+62	
544	-1.16132e+62	6.67508e+60	-1.1032e+62	
545	-1.16409e+62	6.99078e+60	-1.10009e+62	
546	-1.17124e+62	7.11662e+60	-1.09239e+62	
547	-1.18326e+62	7.3686e+60	-1.07919e+62	
548	-1.16409e+62	6.99078e+60	-1.10009e+62	
549	-1.16152e+62	6.7842e+60	-1.10293e+62	
550	-1.15417e+62	7.16059e+60	-1.11039e+62	
551	-1.16554e+62	6.89837e+60	-1.09861e+62	
552	-1.17168e+62	7.0945e+60	-1.09193e+62	
553	-1.17191e+62	7.34339e+60	-1.09153e+62	
554	-1.17155e+62	6.78037e+60	-1.09227e+62	
555	-1.17191e+62	7.34339e+60	-1.09153e+62	
556	-1.18016e+62	7.11087e+60	-1.08275e+62	
557	-1.15357e+62	6.70679e+60	-1.11129e+62	
558	-1.16583e+62	7.24189e+60	-1.09808e+62	
559	-1.16171e+62	6.24727e+60	-1.10305e+62	
560	-1.17157e+62	6.73917e+60	-1.09227e+62	
561	-1.1779e+62	7.20717e+60	-1.08515e+62	
562	-1.17076e+62	7.45521e+60	-1.09268e+62	
563	-1.17193e+62	7.29999e+60	-1.09153e+62	
564	-1.171e+62	6.60324e+60	-1.09297e+62	
565	-1.16179e+62	6.6361e+60	-1.10273e+62	
566	-1.171e+62	6.60324e+60	-1.09297e+62	
567	-1.18032e+62	7.14091e+60	-1.08255e+62	
568	-1.17237e+62	6.44684e+60	-1.09159e+62	
569	-1.17387e+62	7.31253e+60	-1.08943e+62	
570	-1.181e+62	6.81186e+60	-1.08203e+62	
571	-1.17943e+62	6.79248e+60	-1.08376e+62	
572	-1.17168e+62	7.0945e+60	-1.09193e+62	
573	-1.16935e+62	6.52337e+60	-1.09478e+62	
574	-1.16022e+62	7.1119e+60	-1.10409e+62	
575	-1.17163e+62	6.95804e+60	-1.09208e+62	
576	-1.17165e+62	6.91698e+60	-1.09208e+62	
577	-1.15596e+62	6.83342e+60	-1.10872e+62	
578	-1.16294e+62	7.16864e+60	-1.10118e+62	
579	-1.16294e+62	7.16864e+60	-1.10118e+62	
580	-1.16869e+62	6.68188e+60	-1.09539e+62	
581	-1.17336e+62	6.76991e+60	-1.09033e+62	
582	-1.16149e+62	6.70018e+60	-1.10301e+62	
583	-1.1702e+62	7.25229e+60	-1.09342e+62	
584	-1.1722e+62	6.10806e+60	-1.09197e+62	
585	-1.17309e+62	7.38212e+60	-1.09023e+62	
586	-1.1535e+62	7.20743e+60	-1.11105e+62	
587	-1.16172e+62	6.66943e+60	-1.10279e+62	
588	-1.16375e+62	7.09871e+60	-1.10037e+62	
589	-1.181e+62	6.81186e+60	-1.08203e+62	
590	-1.18013e+62	7.1518e+60	-1.08275e+62	
591	-1.16467e+62	6.35197e+60	-1.09986e+62	
592	-1.16409e+62	6.99078e+60	-1.10009e+62	
593	-1.16355e+62	6.76113e+60	-1.1008e+62	
594	-1.16807e+62	6.68075e+60	-1.09606e+62	
595	-1.16859e+62	7.40569e+60	-1.09503e+62	
596	-1.18971e+62	7.38028e+60	-1.07206e+62	
597	-1.18081e+62	6.46177e+60	-1.08245e+62	
598	-1.181e+62	6.81186e+60	-1.08203e+62	
599	-1.18e+62	6.71873e+60	-1.08318e+62	
600	-1.16196e+62	7.03191e+60	-1.10231e+62	
601	-1.16334e+62	7.42853e+60	-1.1006e+62	
602	-1.1541e+62	6.96056e+60	-1.11058e+62	
603	-1.17346e+62	6.92656e+60	-1.09013e+62	
604	-1.18016e+62	7.11087e+60	-1.08275e+62	
605	-1.17106e+62	6.9911e+60	-1.09266e+62	
606	-1.17163e+62	6.95804e+60	-1.09208e+62	
607	-1.17163e+62	6.95804e+60	-1.09208e+62	
608	-1.17165e+62	6.91698e+60	-1.09208e+62	
609	-1.1538e+62	7.49202e+60	-1.11055e+62	
610	-1.16115e+62	7.09807e+60	-1.10313e+62	
611	-1.18942e+62	7.04409e+60	-1.07261e+62	
612	-1.17452e+62	6.79565e+60	-1.08907e+62	
613	-1.17021e+62	7.33364e+60	-1.09335e+62	
614	-1.17261e+62	7.2277e+60	-1.09084e+62	
615	-1.18299e+62	6.77025e+60	-1.07987e+62	
616	-1.16105e+62	7.13569e+60	-1.10321e+62	
617	-1.16965e+62	7.37102e+60	-1.09392e+62	
618	-1.18708e+62	7.1144e+60	-1.07516e+62	
619	-1.18097e+62	6.85288e+60	-1.08203e+62	
620	-1.17956e+62	7.22574e+60	-1.08333e+62	
621	-1.16141e+62	6.66657e+60	-1.10312e+62	
622	-1.17165e+62	6.91698e+60	-1.09208e+62	
623	-1.18724e+62	7.22258e+60	-1.07491e+62	
624	-1.16141e+62	6.66657e+60	-1.10312e+62	
625	-1.16166e+62	7.0964e+60	-1.10259e+62	
626	-1.17123e+62	6.13823e+60	-1.093e+62	
627	-1.17641e+62	7.10146e+60	-1.08683e+62	
628	-1.16169e+62	7.05241e+60	-1.10258e+62	
629	-1.16203e+62	6.81173e+60	-1.10238e+62	
630	-1.16925e+62	6.97379e+60	-1.09461e+62	
631	-1.17875e+62	6.85444e+60	-1.08445e+62	
632	-1.15405e+62	7.17023e+60	-1.1105e+62	
633	-1.153e+62	7.04373e+60	-1.11167e+62	
634	-1.15268e+62	6.3494e+60	-1.11243e+62	
635	-1.1529e+62	6.82213e+60	-1.11191e+62	
636	-1.1614e+62	7.69884e+60	-1.10245e+62	
637	-1.1686e+62	7.1028e+60	-1.09522e+62	
638	-1.16997e+62	6.90561e+60	-1.09389e+62	
639	-1.18945e+62	7.00319e+60	-1.07261e+62	
640	-1.16234e+62	6.67922e+60	-1.10213e+62	
641	-1.16149e+62	6.70018e+60	-1.10301e+62	
642	-1.17782e+62	7.35843e+60	-1.08513e+62	
643	-1.17163e+62	6.95804e+60	-1.09208e+62	
644	-1.16997e+62	6.90561e+60	-1.09389e+62	
645	-1.17878e+62	6.8134e+60	-1.08445e+62	
646	-1.15832e+62	7.29033e+60	-1.10597e+62	
647	-1.16131e+62	6.55132e+60	-1.10329e+62	
648	-1.17366e+62	6.88532e+60	-1.08994e+62	
649	-1.17133e+62	6.5516e+60	-1.09265e+62	
650	-1.16209e+62	7.44685e+60	-1.1019e+62	
651	-1.16948e+62	6.6761e+60	-1.09455e+62	
652	-1.17771e+62	6.90493e+60	-1.08555e+62	
653	-1.17777e+62	7.22225e+60	-1.08528e+62	
654	-1.18045e+62	7.06722e+60	-1.08246e+62	
655	-1.16872e+62	7.02428e+60	-1.09514e+62	
656	-1.15022e+62	6.41898e+60	-1.11493e+62	
657	-1.17992e+62	6.90317e+60	-1.08314e+62	
658	-1.1606e+62	7.18939e+60	-1.10364e+62	
659	-1.17107e+62	6.65173e+60	-1.09287e+62	
660	-1.17056e+62	6.83157e+60	-1.0933e+62	
661	-1.16194e+62	6.61834e+60	-1.10259e+62	
662	-1.16389e+62	6.73935e+60	-1.10046e+62	
663	-1.17056e+62	6.83157e+60	-1.0933e+62	
664	-1.17992e+62	6.90317e+60	-1.08314e+62	
665	-1.18102e+62	6.98857e+60	-1.08189e+62	
666	-1.18095e+62	6.55382e+60	-1.08224e+62	
667	-1.17206e+62	7.47932e+60	-1.09127e+62	
668	-1.17253e+62	6.80717e+60	-1.0912e+62	
669	-1.16863e+62	7.06175e+60	-1.09522e+62	
670	-1.19597e+62	7.03442e+60	-1.06532e+62	
671	-1.17e+62	7.08325e+60	-1.09375e+62	
672	-1.15966e+62	6.4951e+60	-1.10506e+62	
673	-1.16906e+62	6.73651e+60	-1.09496e+62	
674	-1.16373e+62	6.47246e+60	-1.10078e+62	
675	-1.1799e+62	6.7264e+60	-1.08328e+62	
676	-1.16241e+62	6.97949e+60	-1.10187e+62	
677	-1.18119e+62	6.98793e+60	-1.08171e+62	
678	-1.17922e+62	7.45342e+60	-1.08354e+62	
679	-1.17091e+62	6.44353e+60	-1.09316e+62	
680	-1.1808e+62	6.47923e+60	-1.08245e+62	
681	-1.15233e+62	7.11957e+60	-1.11231e+62	
682	-1.17963e+62	7.39429e+60	-1.08314e+62	
683	-1.17242e+62	6.97752e+60	-1.09122e+62	
684	-1.18045e+62	7.06722e+60	-1.08246e+62	
685	-1.19883e+62	6.92648e+60	-1.06216e+62	
686	-1.16997e+62	6.90561e+60	-1.09389e+62	
687	-1.1799e+62	6.7264e+60	-1.08328e+62	
688	-1.16999e+62	6.86455e+60	-1.09389e+62	
689	-1.18184e+62	6.69228e+60	-1.08118e+62	
690	-1.17754e+62	6.79615e+60	-1.0858e+62	
691	-1.15787e+62	6.67575e+60	-1.10683e+62	
692	-1.16776e+62	7.16747e+60	-1.09608e+62	
693	-1.18064e+62	6.08506e+60	-1.08285e+62	
694	-1.17239e+62	6.8001e+60	-1.09136e+62	
695	-1.16841e+62	6.81271e+60	-1.09561e+62	
696	-1.16901e+62	6.6001e+60	-1.0951e+62	
697	-1.15285e+62	6.40408e+60	-1.11221e+62	
698	-1.18702e+62	6.68095e+60	-1.0755e+62	
699	-1.17095e+62	7.09413e+60	-1.09272e+62	
700	-1.16157e+62	6.39371e+60	-1.10311e+62	
701	-1.17889e+62	7.00228e+60	-1.08421e+62	
702	-1.15889e+62	6.79982e+60	-1.10568e+62	
703	-1.17992e+62	6.90317e+60	-1.08314e+62	
704	-1.16836e+62	6.5346e+60	-1.09584e+62	
705	-1.1689e+62	6.48471e+60	-1.09528e+62	
706	-1.16785e+62	6.08872e+60	-1.09663e+62	
707	-1.18375e+62	7.05975e+60	-1.07886e+62	
708	-1.15337e+62	7.00653e+60	-1.11131e+62	
709	-1.15569e+62	6.02408e+60	-1.10948e+62	
710	-1.16754e+62	6.97624e+60	-1.09644e+62	
711	-1.17e+62	7.08325e+60	-1.09375e+62	
712	-1.149e+62	6.48258e+60	-1.11615e+62	
713	-1.16237e+62	6.89727e+60	-1.10196e+62	
714	-1.17958e+62	7.40274e+60	-1.08318e+62	
715	-1.16873e+62	7.10104e+60	-1.09508e+62	
716	-1.18929e+62	6.82665e+60	-1.0729e+62	
717	-1.15141e+62	6.27542e+60	-1.11378e+62	
718	-1.15892e+62	6.89975e+60	-1.10558e+62	
719	-1.16142e+62	6.88601e+60	-1.10298e+62	
720	-1.15169e+62	7.07453e+60	-1.11301e+62	
721	-1.14904e+62	6.63864e+60	-1.11601e+62	
722	-1.1606e+62	7.18939e+60	-1.10364e+62	
723	-1.17142e+62	6.7083e+60	-1.09246e+62	
724	-1.13975e+62	6.66243e+60	-1.12548e+62	
725	-1.14994e+62	6.20925e+60	-1.11533e+62	
726	-1.16677e+62	6.8608e+60	-1.09733e+62	
727	-1.1491e+62	6.98985e+60	-1.11574e+62	
728	-1.17015e+62	6.99894e+60	-1.09363e+62	
729	-1.13912e+62	6.71162e+60	-1.12609e+62	
730	-1.16663e+62	6.24163e+60	-1.09785e+62	
731	-1.14942e+62	6.5506e+60	-1.11567e+62	
732	-1.15907e+62	6.85449e+60	-1.10547e+62	
733	-1.14167e+62	6.64056e+60	-1.12355e+62	
734	-1.15897e+62	6.75875e+60	-1.10562e+62	
735	-1.15005e+62	6.71542e+60	-1.11493e+62	
736	-1.14917e+62	6.53744e+60	-1.11594e+62	
737	-1.13559e+62	6.46748e+60	-1.12979e+62	
738	-1.15161e+62	6.95945e+60	-1.11316e+62	
739	-1.14027e+62	6.31808e+60	-1.12515e+62	
740	-1.15133e+62	6.52906e+60	-1.11372e+62	
741	-1.17518e+62	6.89812e+60	-1.08829e+62	
742	-1.1488e+62	6.59999e+60	-1.11629e+62	
743	-1.14521e+62	6.42722e+60	-1.12007e+62	
744	-1.15014e+62	6.22269e+60	-1.11512e+62	
745	-1.15871e+62	6.91689e+60	-1.1058e+62	
746	-1.15931e+62	6.68879e+60	-1.10532e+62	
747	-1.16282e+62	6.87669e+60	-1.1015e+62	
748	-1.16967e+62	6.95775e+60	-1.09417e+62	
749	-1.14774e+62	6.35647e+60	-1.11751e+62	
750	-1.14873e+62	6.58439e+60	-1.11636e+62	
751	-1.15865e+62	6.90155e+60	-1.10587e+62	
752	-1.15753e+62	6.91661e+60	-1.10703e+62	
753	-1.12899e+62	6.37426e+60	-1.13644e+62	
754	-1.15659e+62	6.26601e+60	-1.1084e+62	
755	-1.15005e+62	6.71542e+60	-1.11493e+62	
756	-1.1401e+62	6.3529e+60	-1.12531e+62	
757	-1.13906e+62	6.69555e+60	-1.12617e+62	
758	-1.15899e+62	6.81048e+60	-1.10557e+62	
759	-1.15411e+62	6.56134e+60	-1.11082e+62	
760	-1.15782e+62	7.34626e+60	-1.10646e+62	
761	-1.16531e+62	6.3249e+60	-1.0992e+62	
762	-1.13914e+62	6.67023e+60	-1.12609e+62	
763	-1.15782e+62	6.59069e+60	-1.10693e+62	
764	-1.1488e+62	6.59999e+60	-1.11629e+62	
765	-1.14942e+62	6.5506e+60	-1.11567e+62	
766	-1.15882e+62	6.38464e+60	-1.10601e+62	
767	-1.15435e+62	6.50011e+60	-1.1106e+62	
768	-1.14506e+62	6.4461e+60	-1.12021e+62	
769	-1.15536e+62	6.67677e+60	-1.10945e+62	
770	-1.16266e+62	6.77355e+60	-1.10173e+62	
771	-1.13559e+62	6.46748e+60	-1.12979e+62	
772	-1.17606e+62	6.60253e+60	-1.08753e+62	
773	-1.14994e+62	6.20925e+60	-1.11533e+62	
774	-1.14545e+62	6.34915e+60	-1.11987e+62	
775	-1.17407e+62	7.02894e+60	-1.08941e+62	
776	-1.15033e+62	5.87313e+60	-1.11512e+62	
777	-1.15122e+62	6.54193e+60	-1.11382e+62	
778	-1.15155e+62	6.94378e+60	-1.11324e+62	
779	-1.15871e+62	6.91689e+60	-1.1058e+62	
780	-1.15897e+62	6.75875e+60	-1.10562e+62	
781	-1.14036e+62	6.82706e+60	-1.12477e+62	
782	-1.15055e+62	6.80968e+60	-1.11435e+62	
783	-1.17131e+62	6.51152e+60	-1.0927e+62	
784	-1.16858e+62	6.7256e+60	-1.09548e+62	
785	-1.15561e+62	6.51913e+60	-1.10928e+62	
786	-1.14167e+62	6.64056e+60	-1.12355e+62	
787	-1.15888e+62	6.56497e+60	-1.10584e+62	
788	-1.14687e+62	6.60335e+60	-1.11827e+62	
789	-1.15185e+62	6.62266e+60	-1.11312e+62	
790	-1.15812e+62	6.44811e+60	-1.1067e+62	
791	-1.15908e+62	6.78731e+60	-1.10549e+62	
792	-1.15899e+62	6.71749e+60	-1.10563e+62	
793	-1.15002e+62	6.53637e+60	-1.11507e+62	
794	-1.16793e+62	7.27983e+60	-1.09582e+62	
795	-1.13844e+62	6.26904e+60	-1.12704e+62	
796	-1.16813e+62	7.10323e+60	-1.09573e+62	
797	-1.15897e+62	6.75875e+60	-1.10562e+62	
798	-1.16172e+62	6.32891e+60	-1.10298e+62	
799	-1.17107e+62	6.67011e+60	-1.09285e+62	
800	-1.14749e+62	6.554e+60	-1.11766e+62	
801	-1.14885e+62	6.83139e+60	-1.1161e+62	
802	-1.15195e+62	6.47959e+60	-1.1131e+62	
803	-1.15897e+62	6.75875e+60	-1.10562e+62	
804	-1.16993e+62	6.76184e+60	-1.09402e+62	
805	-1.15258e+62	6.64446e+60	-1.11235e+62	
806	-1.15241e+62	6.75119e+60	-1.11246e+62	
807	-1.14965e+62	6.56841e+60	-1.11542e+62	
808	-1.15897e+62	6.75875e+60	-1.10562e+62	
809	-1.16187e+62	6.75437e+60	-1.10258e+62	
810	-1.13899e+62	6.54514e+60	-1.12632e+62	
811	-1.15129e+62	6.74899e+60	-1.11362e+62	
812	-1.1391e+62	6.38605e+60	-1.1263e+62	
813	-1.15941e+62	6.3764e+60	-1.10539e+62	
814	-1.15373e+62	6.3035e+60	-1.11135e+62	
815	-1.14435e+62	6.63287e+60	-1.12082e+62	
816	-1.16424e+62	6.71845e+60	-1.10009e+62	
817	-1.14063e+62	6.51409e+60	-1.12468e+62	
818	-1.16492e+62	7.09686e+60	-1.09914e+62	
819	-1.1488e+62	6.59999e+60	-1.11629e+62	
820	-1.16194e+62	6.62135e+60	-1.10258e+62	
821	-1.14498e+62	6.05053e+60	-1.12051e+62	
822	-1.14932e+62	6.69422e+60	-1.11569e+62	
823	-1.16723e+62	7.12628e+60	-1.09666e+62	
824	-1.14403e+62	6.22799e+60	-1.12138e+62	
825	-1.1602e+62	6.44863e+60	-1.10452e+62	
826	-1.16477e+62	6.66784e+60	-1.09957e+62	
827	-1.1488e+62	6.59999e+60	-1.11629e+62	
828	-1.14861e+62	6.41802e+60	-1.11659e+62	
829	-1.15982e+62	6.46751e+60	-1.10491e+62	
830	-1.15426e+62	6.57675e+60	-1.11065e+62	
831	-1.1579e+62	6.76347e+60	-1.10674e+62	
832	-1.17867e+62	6.89145e+60	-1.08452e+62	
833	-1.1464e+62	6.16899e+60	-1.11899e+62	
834	-1.15943e+62	6.69293e+60	-1.10518e+62	
835	-1.16266e+62	6.77355e+60	-1.10173e+62	
836	-1.16769e+62	7.06042e+60	-1.09622e+62	
837	-1.15879e+62	6.58591e+60	-1.10592e+62	
838	-1.1754e+62	6.52336e+60	-1.08828e+62	
839	-1.1488e+62	6.59999e+60	-1.11629e+62	
840	-1.14078e+62	6.34746e+60	-1.12462e+62	
841	-1.15891e+62	6.74344e+60	-1.1057e+62	
842	-1.14719e+62	6.65474e+60	-1.1179e+62	
843	-1.15871e+62	6.91689e+60	-1.1058e+62	
844	-1.17161e+62	6.67158e+60	-1.09227e+62	
845	-1.17704e+62	6.48265e+60	-1.08653e+62	
846	-1.15943e+62	6.69293e+60	-1.10518e+62	
847	-1.15897e+62	6.75875e+60	-1.10562e+62	
848	-1.1579e+62	6.76347e+60	-1.10674e+62	
849	-1.17905e+62	7.13335e+60	-1.08395e+62	
850	-1.16923e+62	6.55445e+60	-1.0949e+62	
851	-1.16477e+62	6.66784e+60	-1.09957e+62	
852	-1.17459e+62	6.97806e+60	-1.08888e+62	
853	-1.15114e+62	6.33957e+60	-1.11402e+62	
854	-1.16564e+62	6.42546e+60	-1.09879e+62	
855	-1.16675e+62	6.64686e+60	-1.09748e+62	
856	-1.14882e+62	6.65193e+60	-1.11623e+62	
857	-1.15195e+62	6.47959e+60	-1.1131e+62	
858	-1.14911e+62	5.93038e+60	-1.11634e+62	
859	-1.16397e+62	6.45093e+60	-1.10054e+62	
860	-1.16296e+62	6.39961e+60	-1.10164e+62	
861	-1.17246e+62	6.59859e+60	-1.0914e+62	
862	-1.14583e+62	6.37777e+60	-1.11946e+62	
863	-1.16061e+62	6.38498e+60	-1.10413e+62	
864	-1.14717e+62	6.47557e+60	-1.11803e+62	
865	-1.15657e+62	6.47526e+60	-1.10831e+62	
866	-1.13915e+62	6.21472e+60	-1.12635e+62	
867	-1.15137e+62	6.1636e+60	-1.11388e+62	
868	-1.14931e+62	6.56484e+60	-1.11578e+62	
869	-1.16359e+62	6.9583e+60	-1.10064e+62	
870	-1.16266e+62	6.77355e+60	-1.10173e+62	
871	-1.16459e+62	6.40126e+60	-1.09992e+62	
872	-1.15919e+62	6.44114e+60	-1.10558e+62	
873	-1.14942e+62	6.5506e+60	-1.11567e+62	
874	-1.14243e+62	6.28225e+60	-1.12299e+62	
875	-1.15897e+62	6.75875e+60	-1.10562e+62	
876	-1.1488e+62	6.59999e+60	-1.11629e+62	
877	-1.1387e+62	6.26521e+60	-1.12677e+62	
878	-1.18386e+62	6.42851e+60	-1.07913e+62	
879	-1.15423e+62	6.39006e+60	-1.11079e+62	
880	-1.14782e+62	6.60541e+60	-1.11729e+62	
881	-1.14852e+62	6.15855e+60	-1.11683e+62	
882	-1.13864e+62	6.24937e+60	-1.12685e+62	
883	-1.16845e+62	6.14467e+60	-1.09596e+62	
884	-1.15568e+62	6.61727e+60	-1.10915e+62	
885	-1.14914e+62	6.10924e+60	-1.11622e+62	
886	-1.15913e+62	6.42606e+60	-1.10566e+62	
887	-1.1535e+62	6.62543e+60	-1.11141e+62	
888	-1.15852e+62	6.14254e+60	-1.10646e+62	
889	-1.17848e+62	6.56066e+60	-1.08493e+62	
890	-1.15019e+62	5.9285e+60	-1.11523e+62	
891	-1.17388e+62	6.27723e+60	-1.09007e+62	
892	-1.15403e+62	6.57504e+60	-1.11089e+62	
893	-1.15873e+62	6.57069e+60	-1.10599e+62	
894	-1.15412e+62	6.55751e+60	-1.11081e+62	
895	-1.17404e+62	6.60495e+60	-1.0897e+62	
896	-1.1488e+62	6.59999e+60	-1.11629e+62	
897	-1.15025e+62	5.9437e+60	-1.11516e+62	
898	-1.15876e+62	6.14395e+60	-1.1062e+62	
899	-1.14674e+62	6.03462e+60	-1.11872e+62	
900	-1.16928e+62	6.56155e+60	-1.09483e+62	
901	-1.1299e+62	5.89276e+60	-1.1358e+62	
902	-1.16187e+62	6.13407e+60	-1.10294e+62	
903	-1.15547e+62	6.07814e+60	-1.10967e+62	
904	-1.14489e+62	6.03085e+60	-1.12061e+62	
905	-1.16041e+62	6.10448e+60	-1.10449e+62	
906	-1.17398e+62	6.59038e+60	-1.08978e+62	
907	-1.14934e+62	5.96949e+60	-1.11608e+62	
908	-1.15311e+62	6.18175e+60	-1.11207e+62	
909	-1.14828e+62	5.96542e+60	-1.11718e+62	
910	-1.1604e+62	6.27962e+60	-1.10441e+62	
911	-1.15101e+62	6.14844e+60	-1.11426e+62	
912	-1.1554e+62	6.58772e+60	-1.10946e+62	
913	-1.14481e+62	6.05679e+60	-1.12068e+62	
914	-1.15411e+62	6.17011e+60	-1.11104e+62	
915	-1.15493e+62	6.30368e+60	-1.11011e+62	
916	-1.14703e+62	5.71561e+60	-1.11859e+62	
917	-1.14033e+62	6.05054e+60	-1.12524e+62	
918	-1.16035e+62	6.08957e+60	-1.10457e+62	
919	-1.1489e+62	5.91632e+60	-1.11656e+62	
920	-1.1445e+62	5.78505e+60	-1.12115e+62	
921	-1.15106e+62	6.32841e+60	-1.11411e+62	
922	-1.15316e+62	6.01821e+60	-1.1121e+62	
923	-1.14928e+62	5.95424e+60	-1.11615e+62	
924	-1.1508e+62	5.87907e+60	-1.11462e+62	
925	-1.17618e+62	6.57443e+60	-1.08741e+62	
926	-1.16337e+62	5.9683e+60	-1.10145e+62	
927	-1.15486e+62	6.14277e+60	-1.11027e+62	
928	-1.15945e+62	6.11582e+60	-1.1055e+62	
929	-1.16035e+62	6.08957e+60	-1.10457e+62	
930	-1.16093e+62	6.12624e+60	-1.10393e+62	
931	-1.1445e+62	5.78505e+60	-1.12115e+62	
932	-1.1292e+62	5.92563e+60	-1.13647e+62	
933	-1.16035e+62	6.08957e+60	-1.10457e+62	
934	-1.1552e+62	5.67165e+60	-1.11017e+62	
935	-1.1436e+62	5.82521e+60	-1.12204e+62	
936	-1.15025e+62	5.9437e+60	-1.11516e+62	
937	-1.1445e+62	5.78505e+60	-1.12115e+62	
938	-1.14456e+62	5.80041e+60	-1.12107e+62	
939	-1.14456e+62	5.80041e+60	-1.12107e+62	
940	-1.15469e+62	5.94888e+60	-1.11056e+62	
941	-1.17481e+62	6.11278e+60	-1.08916e+62	
942	-1.14949e+62	5.53032e+60	-1.11616e+62	
943	-1.14457e+62	5.36834e+60	-1.12128e+62	
944	-1.15453e+62	5.61643e+60	-1.1109e+62	
945	-1.15019e+62	5.9285e+60	-1.11523e+62	
946	-1.14354e+62	5.80981e+60	-1.12211e+62	
947	-1.13501e+62	5.93836e+60	-1.13067e+62	
948	-1.15025e+62	5.9437e+60	-1.11516e+62	
949	-1.15453e+62	5.61643e+60	-1.1109e+62	
950	-1.16572e+62	5.5191e+60	-1.0992e+62	
951	-1.15469e+62	5.94888e+60	-1.11056e+62	
952	-1.16515e+62	5.72692e+60	-1.09969e+62	
953	-1.15453e+62	5.61643e+60	-1.1109e+62	
954	-1.14437e+62	5.83921e+60	-1.12125e+62	
955	-1.14354e+62	5.80981e+60	-1.12211e+62	
956	-1.1445e+62	5.78505e+60	-1.12115e+62	
957	-1.15469e+62	5.94888e+60	-1.11056e+62	
958	-1.15025e+62	5.9437e+60	-1.11516e+62	
959	-1.1458e+62	5.87229e+60	-1.11977e+62	
960	-1.17268e+62	5.54586e+60	-1.09175e+62	
961	-1.15019e+62	5.9285e+60	-1.11523e+62	
962	-1.16522e+62	5.73058e+60	-1.09962e+62	
963	-1.16817e+62	5.61114e+60	-1.09655e+62	
964	-1.15287e+62	5.88393e+60	-1.11248e+62	
965	-1.15365e+62	6.30593e+60	-1.11144e+62	
966	-1.15453e+62	5.61643e+60	-1.1109e+62	
967	-1.13495e+62	5.52089e+60	-1.13094e+62	
968	-1.143e+62	6.01026e+60	-1.12255e+62	
969	-1.14928e+62	5.95424e+60	-1.11615e+62	
970	-1.14354e+62	5.80981e+60	-1.12211e+62	
971	-1.1445e+62	5.78505e+60	-1.12115e+62	
972	-1.14463e+62	6.20559e+60	-1.12078e+62	
973	-1.12619e+62	6.10371e+60	-1.13936e+62	
974	-1.13409e+62	6.19521e+60	-1.13145e+62	
975	-1.15459e+62	5.63131e+60	-1.11083e+62	
976	-1.15459e+62	5.63131e+60	-1.11083e+62	
977	-1.15371e+62	6.05962e+60	-1.11151e+62	
978	-1.15951e+62	6.13078e+60	-1.10542e+62	
979	-1.14463e+62	6.20559e+60	-1.12078e+62	
980	-1.14456e+62	5.80041e+60	-1.12107e+62	
981	-1.1408e+62	6.09873e+60	-1.12474e+62	
982	-1.16464e+62	5.77758e+60	-1.10021e+62	
983	-1.14347e+62	6.05828e+60	-1.12204e+62	
984	-1.14456e+62	5.80041e+60	-1.12107e+62	
985	-1.1444e+62	5.0597e+60	-1.1216e+62	
986	-1.1445e+62	5.78505e+60	-1.12115e+62	
987	-1.15025e+62	5.9437e+60	-1.11516e+62	
988	-1.14387e+62	6.26345e+60	-1.12152e+62	
989	-1.16018e+62	5.75853e+60	-1.10492e+62	
990	-1.14088e+62	6.50509e+60	-1.12443e+62	
991	-1.14456e+62	5.80041e+60	-1.12107e+62	
992	-1.14528e+62	6.10472e+60	-1.12017e+62	
993	-1.1413e+62	5.80759e+60	-1.12439e+62	
994	-1.14511e+62	5.73588e+60	-1.12054e+62	
995	-1.14674e+62	5.77074e+60	-1.11886e+62	
996	-1.14463e+62	6.20559e+60	-1.12078e+62	
997	-1.14928e+62	5.95424e+60	-1.11615e+62	
998	-1.14934e+62	5.96949e+60	-1.11608e+62	
999	-1.16464e+62	5.77758e+60	-1.10021e+62	
1000	-1.13855e+62	6.14252e+60	-1.127e+62	
