28
	235,8630736917978	41,67205263847473	946,9961464806937
	236,7997808857125	38,49810312802216	945,8318771904793
	236,8196104401131	38,65241950326045	946,3462038828247
	236,4289690101224	38,64782410811498	947,2774777910206
	236,7764903438757	38,24166387729082	946,4814606588776
	235,8871721877934	39,95687795875923	948,4563861643109
	236,5847137556894	38,69486914644605	947,2416056396296
	236,9436959489414	38,61699112419125	946,3306437547401
	237,3873609177681	39,48132182880145	944,3088275215106
	236,3874034584168	38,59571507183263	948,2578021795322
29
	237,4437426219987	67,33517518477399	945,6408379663744
	237,2338460819389	68,37846793700383	945,3396353412431
	237,0138430123254	68,01540938569127	946,7491610101981
	236,7703890208279	66,70894055137478	948,9458701986657
	237,5980284325023	67,5804037377351	945,6157698256877
	237,6446307594552	67,7034674606867	945,3812722568742
	237,6906785030371	66,99483093378473	945,7901282640569
	237,4253651327155	67,47351594468797	946,1671575545058
	236,291740939554	66,26706684023036	950,7845525516756
	237,6820822559866	66,98808395439774	945,9911166152086
	237,5597113184602	67,20216807601275	946,1707619831498
	236,7947931424591	67,74402855034523	948,0973456279705
	237,6767323782009	67,63994883063016	945,2076376087124
	238,5866662692985	66,16494355560775	944,0070157764851
30
	226,3086097746623	83,79873259997575	946,4874530918287
	226,3612189361421	84,01195404233827	946,4221013956457
	226,7017419299319	84,64474556930361	944,5477321677292
	226,9346821491002	83,69549287188076	944,7993239882397
	227,0800988195255	84,13551157886798	943,7308383938087
	226,288510673898	83,35196886428376	947,654627541879
	226,3338382460692	83,90120235283737	946,8874256363218
	226,4150990311214	83,49846327599433	947,4192677150622
	227,4114547053881	83,61002356618891	943,1624182359782
	226,8020216024723	83,40339029060371	945,9860483516142
	226,2748501380387	83,94676683473881	947,2595577731095
	226,2162684306228	84,45871150546786	947,1433059344411
	226,5842975276364	83,53778942645981	946,4491232620917
	225,9607124222056	83,07334879661303	949,0995604666844
31
	229,7628341832687	104,7925224019644	941,0958293628318
	230,0855785707117	105,0467434736715	940,2151096723924
	229,8905817945857	106,0456355893264	939,9449579076563
	230,4990835745313	104,4680877493733	939,57685406127
	230,115673240287	105,5083031046839	939,8619968080951
	229,9585929985453	105,028105942419	940,623988807922
	229,8589646135715	104,8558801768686	940,9057668628524
	230,6333661924232	104,6849549530951	939,1255133168396
	230,1589496472028	104,7604757401369	940,2900488776279
	229,9568167360767	105,3556830615614	940,5295250260743
	230,7035471620199	104,7447016784837	938,7720947683305
	229,7221179033212	104,5527337970967	941,5964884479895
	230,3678359653893	103,9524142401711	940,2701445456267
	230,7714927213739	104,5640029250655	938,7988979694396
	229,6703690356109	104,226164224277	941,8585508493564
32
	218,9681513199321	123,8733864552249	940,3523185631378
	218,813941045553	123,8491408137632	941,1959942813639
	218,8227165937303	124,6334375890792	940,64713771842
	218,5263181379435	123,2736298569053	942,4195119644036
	218,0864876069615	123,140618726975	943,5011006994586
	218,5531753285762	123,6270418389849	942,2070238850639
	218,4416234634934	123,1241859570437	942,8181339105556
	218,5649340622221	123,0599110586614	942,5984251724562
	218,6812113211951	123,2433719133952	942,0545706903101
	218,1832638995147	122,8757758358468	943,5840028666628
	217,7768993634458	123,0304165174961	944,4846926207588
	219,0642671192429	124,249628691507	940,4305887756406
	218,4023172862491	123,2524117501455	942,7126923862437
	218,461110256153	123,5501942104212	942,5161296767494
	219,4780429206266	123,4701754463276	939,8681325421626
	218,6631006460301	122,9990337016445	942,555153404512
	219,3072239983587	124,0622464485922	940,3645861965747
	219,6868598653129	123,5723879963717	939,4074064403071
	218,8215780339471	123,2936669438055	942,0539657183344
	219,4469951684159	124,4036711001599	939,6610382820471
	219,1317949666962	123,3359066861775	941,3183413491538
	219,009865372489	123,3175586279123	941,5433911845258
	218,8513121077864	123,5355676681297	941,7951716651412
33
	220,8254077220184	149,086661184965	941,1081621688106
	220,8945330234694	148,6116007847094	940,3831269689542
	220,5625775793725	148,0417461919005	941,7142089979243
	220,7545699143903	147,4614003441224	941,6048988435059
	220,7277880564483	148,4716048827041	940,7968266250371
	221,625200611956	147,6744500749542	939,3843933266545
	221,7062207647234	148,5306524647264	938,5060172804324
	221,6294458786808	147,8687351172762	939,186702844262
	221,3391400026769	148,2410165091376	939,4454786525635
	221,0067671669595	147,70645700085	940,9748844258994
	221,3092738783148	147,3906680931177	940,4508158189476
	221,1030877766636	147,1417328264695	941,3243820792309
	221,7922678134011	148,1494162016867	938,9204017515651
	221,8585493716426	148,0430761164205	938,7278496699547
	221,5802322058257	147,3554913527186	939,8902698045148
	221,114835785497	147,3749409910745	940,8718228453664
	220,7134132471807	146,2363362443689	942,7336902991752
	220,5913852732843	147,7433159838493	942,0262520481077
	220,7223037118937	147,4761767034234	941,848652925229
34
	209,7573420810995	170,2392070901992	938,8583568470351
	207,220535990322	171,0143857888406	946,3937121462018
	209,0609419178624	171,488263824503	940,2738659321172
	207,9211169981629	171,0093562709783	944,1777009695645
	208,6361383486429	170,9474161055329	941,8571520386453
	208,8874141327959	170,7514797461863	941,2275970378289
	208,7227545791969	170,8143641794365	941,7045396746394
	208,2675565017295	169,4822136197298	943,0754161418184
	208,9023011896501	169,5834810542232	940,9718634877642
	208,5342714402292	170,0571781051775	941,8304040481829
	208,807341242398	169,8005840652329	941,2242935337308
	207,8975569056291	169,7131152469249	944,0933059944407
	209,0673110446752	169,7313272596615	940,3645546684813
	208,4582003963704	170,0310928742928	942,2039660303157
	209,3082315299027	169,7535948631987	939,5854151448168
	208,4386711259864	169,4672341198759	942,5167113803501
	208,0672284797753	169,827822153928	943,544176595118
	209,3921908332782	169,7380535510082	939,3460371270903
	207,8706638930001	169,997099242745	943,9446906243271
	208,6413989778093	170,2919611789515	941,4251491238819
	208,7690947100818	170,0977253004858	941,4701641502922
	209,014941557281	170,6955753998514	940,1074921249532
	209,5626857764744	170,8479371004944	938,4699844969225
