3D [-82.296082, -26.40283, 827.65063;
 -42.907661, -18.897137, 692.49762;
 -71.741463, -6.7786326, 805.72577;
 -108.98924, -23.121847, 871.53912;
 -715.69263, -109.67395, 3481.1826;
 -39.963604, -18.04635, 693.31604;
 -214.53545, -10.72014, 1420.8007;
 -283.86581, -40.196175, 1553.3656]3D [-82.296082, -26.40283, 827.65063;
 -42.907661, -18.897137, 692.49762;
 -71.741463, -6.7786326, 805.72577;
 -108.98924, -23.121847, 871.53912;
 -715.69263, -109.67395, 3481.1826;
 -39.963604, -18.04635, 693.31604;
 -214.53545, -10.72014, 1420.8007;
 -283.86581, -40.196175, 1553.3656]3D [-141.85921, -61.629784, 1402.9948;
 -95.203743, -2.2218962, 1427.5712;
 -143.91158, 44.592175, 1411.4949;
 -189.5432, 13.028302, 1389.7009;
 -292.12796, -27.226284, 1382.5353;
 -300.17859, -71.325569, 1352.6819;
 -277.57758, -67.126488, 1398.9753;
 -289.11554, -84.942299, 1370.2655]temp: [-95.203743, -2.2218962, 1427.5712;
 -143.91158, 44.592175, 1411.4949;
 -189.5432, 13.028302, 1389.7009;
 -141.85921, -61.629784, 1402.9948]temp: [-300.17859, -71.325569, 1352.6819;
 -277.57758, -67.126488, 1398.9753;
 -289.11554, -84.942299, 1370.2655;
 -292.12796, -27.226284, 1382.5353]3D [-141.90712, -61.700775, 1402.9182;
 -95.230934, -2.3236284, 1427.4813;
 -143.93318, 44.511307, 1411.4203;
 -189.56151, 12.97194, 1389.6189;
 -292.13593, -27.236542, 1382.5685;
 -300.17532, -71.330185, 1352.6901;
 -277.55389, -67.122223, 1398.9001;
 -289.11224, -84.944824, 1370.3058]temp: [-95.230934, -2.3236284, 1427.4813;
 -143.93318, 44.511307, 1411.4203;
 -189.56151, 12.97194, 1389.6189;
 -141.90712, -61.700775, 1402.9182]temp: [-300.17532, -71.330185, 1352.6901;
 -277.55389, -67.122223, 1398.9001;
 -289.11224, -84.944824, 1370.3058;
 -292.13593, -27.236542, 1382.5685]3D [-141.68132, -61.597431, 1402.6821;
 -95.077797, -2.1853065, 1427.4695;
 -143.80493, 44.608738, 1411.2881;
 -189.41759, 13.035899, 1389.5002;
 -292.09674, -27.216103, 1382.4524;
 -300.14587, -71.317703, 1352.6246;
 -277.54681, -67.112305, 1398.9254;
 -289.08154, -84.931343, 1370.2161]temp: [-95.077797, -2.1853065, 1427.4695;
 -143.80493, 44.608738, 1411.2881;
 -189.41759, 13.035899, 1389.5002;
 -141.68132, -61.597431, 1402.6821]temp: [-300.14587, -71.317703, 1352.6246;
 -277.54681, -67.112305, 1398.9254;
 -289.08154, -84.931343, 1370.2161;
 -292.09674, -27.216103, 1382.4524]3D [-141.8533, -61.744381, 1402.7258;
 -95.140022, -2.3812325, 1427.2863;
 -143.85631, 44.488281, 1411.3304;
 -189.50323, 12.958405, 1389.4987;
 -292.1618, -27.214926, 1382.6639;
 -300.17361, -71.307404, 1352.6833;
 -277.58987, -67.101913, 1399.0231;
 -289.14886, -84.940475, 1370.4103]temp: [-95.140022, -2.3812325, 1427.2863;
 -143.85631, 44.488281, 1411.3304;
 -189.50323, 12.958405, 1389.4987;
 -141.8533, -61.744381, 1402.7258]temp: [-300.17361, -71.307404, 1352.6833;
 -277.58987, -67.101913, 1399.0231;
 -289.14886, -84.940475, 1370.4103;
 -292.1618, -27.214926, 1382.6639]3D [-141.73618, -61.655563, 1402.576;
 -95.073662, -2.2773504, 1427.1716;
 -143.80423, 44.554237, 1411.2289;
 -189.45276, 13.003352, 1389.4888;
 -292.12057, -27.227133, 1382.549;
 -300.177, -71.327148, 1352.7302;
 -277.56552, -67.119209, 1398.9971;
 -289.08096, -84.937881, 1370.2188]temp: [-95.073662, -2.2773504, 1427.1716;
 -143.80423, 44.554237, 1411.2289;
 -189.45276, 13.003352, 1389.4888;
 -141.73618, -61.655563, 1402.576]temp: [-300.177, -71.327148, 1352.7302;
 -277.56552, -67.119209, 1398.9971;
 -289.08096, -84.937881, 1370.2188;
 -292.12057, -27.227133, 1382.549]3D [-82.878021, -26.50062, 829.15161;
 -43.274494, -19.006651, 693.49329;
 -71.985077, -6.8255615, 806.43567;
 -109.35089, -23.14884, 872.42871;
 -710.50049, -109.06731, 3456.0459;
 -47.643074, -19.022488, 726.79132;
 -215.42784, -10.83091, 1424.201;
 -283.83521, -40.179768, 1552.5909]3D [-82.604301, -26.455931, 828.45355;
 -43.06934, -18.961657, 692.94623;
 -71.810677, -6.806284, 805.9408;
 -109.12971, -23.129717, 871.86646;
 -712.6803, -109.33203, 3466.7402;
 -43.155727, -18.472595, 707.25311;
 -214.90184, -10.782374, 1422.3197;
 -283.73123, -40.175182, 1552.5735]temp: [-109.12971, -23.129717, 871.86646;
 -43.155727, -18.472595, 707.25311;
 -82.604301, -26.455931, 828.45355]3D [-141.52525, -61.63205, 1402.2913;
 -94.866074, -2.2563376, 1427.0735;
 -143.62224, 44.562515, 1411.0017;
 -189.28464, 13.016099, 1389.2979;
 -292.1351, -27.246037, 1382.6084;
 -300.16779, -71.345337, 1352.6959;
 -277.57648, -67.144615, 1399.0391;
 -289.10486, -84.960732, 1370.2955]temp: [-94.866074, -2.2563376, 1427.0735;
 -143.62224, 44.562515, 1411.0017;
 -189.28464, 13.016099, 1389.2979;
 -141.52525, -61.63205, 1402.2913]temp: [-300.16779, -71.345337, 1352.6959;
 -277.57648, -67.144615, 1399.0391;
 -289.10486, -84.960732, 1370.2955;
 -292.1351, -27.246037, 1382.6084]3D [-141.9666, -61.838894, 1402.6212;
 -95.157021, -2.5229697, 1427.033;
 -143.84076, 44.401691, 1411.1918;
 -189.55234, 12.919105, 1389.4807;
 -292.11478, -27.25178, 1382.5107;
 -300.14398, -71.34304, 1352.5735;
 -277.56897, -67.146042, 1398.9692;
 -289.11514, -84.956841, 1370.2988]temp: [-95.157021, -2.5229697, 1427.033;
 -143.84076, 44.401691, 1411.1918;
 -189.55234, 12.919105, 1389.4807;
 -141.9666, -61.838894, 1402.6212]temp: [-300.14398, -71.34304, 1352.5735;
 -277.56897, -67.146042, 1398.9692;
 -289.11514, -84.956841, 1370.2988;
 -292.11478, -27.25178, 1382.5107]3D [-141.77245, -62.093174, 1401.8656;
 -94.99324, -2.8675635, 1426.5786;
 -143.7002, 44.112251, 1410.8435;
 -189.38632, 12.707515, 1389.0074;
 -292.12735, -27.242723, 1382.5344;
 -300.20215, -71.355797, 1352.7402;
 -277.59952, -67.143867, 1399.0428;
 -289.12595, -84.96344, 1370.3251]temp: [-94.99324, -2.8675635, 1426.5786;
 -143.7002, 44.112251, 1410.8435;
 -189.38632, 12.707515, 1389.0074;
 -141.77245, -62.093174, 1401.8656]temp: [-300.20215, -71.355797, 1352.7402;
 -277.59952, -67.143867, 1399.0428;
 -289.12595, -84.96344, 1370.3251;
 -292.12735, -27.242723, 1382.5344]3D [-142.01959, -62.229126, 1401.743;
 -95.136925, -3.0704401, 1426.3054;
 -143.80464, 43.963829, 1410.7001;
 -189.52759, 12.612345, 1388.8254;
 -292.14221, -27.246828, 1382.5587;
 -300.18356, -71.342697, 1352.6676;
 -277.54971, -67.143929, 1398.8782;
 -289.11057, -84.955078, 1370.276]temp: [-95.136925, -3.0704401, 1426.3054;
 -143.80464, 43.963829, 1410.7001;
 -189.52759, 12.612345, 1388.8254;
 -142.01959, -62.229126, 1401.743]temp: [-300.18356, -71.342697, 1352.6676;
 -277.54971, -67.143929, 1398.8782;
 -289.11057, -84.955078, 1370.276;
 -292.14221, -27.246828, 1382.5587]3D [-141.56468, -61.918709, 1401.5787;
 -94.849281, -2.6361082, 1426.4392;
 -143.61816, 44.289974, 1410.6864;
 -189.30217, 12.82063, 1388.885;
 -292.12173, -27.243065, 1382.5262;
 -300.15427, -71.334915, 1352.619;
 -277.58884, -67.146095, 1399.0358;
 -289.13895, -84.957764, 1370.3711]temp: [-94.849281, -2.6361082, 1426.4392;
 -143.61816, 44.289974, 1410.6864;
 -189.30217, 12.82063, 1388.885;
 -141.56468, -61.918709, 1401.5787]temp: [-300.15427, -71.334915, 1352.619;
 -277.58884, -67.146095, 1399.0358;
 -289.13895, -84.957764, 1370.3711;
 -292.12173, -27.243065, 1382.5262]3D [-141.48796, -61.993282, 1401.4011;
 -94.680252, -2.7335694, 1426.0326;
 -143.48181, 44.204288, 1410.4723;
 -189.21742, 12.769606, 1388.7466;
 -292.12503, -27.235558, 1382.5399;
 -300.18527, -71.334839, 1352.7183;
 -277.55753, -67.130829, 1398.9305;
 -289.13168, -84.954643, 1370.3698]temp: [-94.680252, -2.7335694, 1426.0326;
 -143.48181, 44.204288, 1410.4723;
 -189.21742, 12.769606, 1388.7466;
 -141.48796, -61.993282, 1401.4011]temp: [-300.18527, -71.334839, 1352.7183;
 -277.55753, -67.130829, 1398.9305;
 -289.13168, -84.954643, 1370.3698;
 -292.12503, -27.235558, 1382.5399]3D [-141.77379, -62.037449, 1401.7539;
 -94.876167, -2.8195782, 1426.3519;
 -143.56828, 44.188042, 1410.6357;
 -189.33914, 12.79245, 1388.9105;
 -292.12079, -27.234879, 1382.5085;
 -300.20297, -71.339111, 1352.7283;
 -277.58719, -67.134468, 1399.0022;
 -289.12692, -84.949036, 1370.3285]temp: [-94.876167, -2.8195782, 1426.3519;
 -143.56828, 44.188042, 1410.6357;
 -189.33914, 12.79245, 1388.9105;
 -141.77379, -62.037449, 1401.7539]temp: [-300.20297, -71.339111, 1352.7283;
 -277.58719, -67.134468, 1399.0022;
 -289.12692, -84.949036, 1370.3285;
 -292.12079, -27.234879, 1382.5085]3D [-142.36234, -62.188389, 1402.0677;
 -95.287514, -3.0719712, 1426.5209;
 -143.83791, 44.051453, 1410.7974;
 -189.67654, 12.757923, 1389.0215;
 -292.15518, -27.236883, 1382.6377;
 -300.18707, -71.334618, 1352.6964;
 -277.59146, -67.12915, 1399.0276;
 -289.12909, -84.944756, 1370.3383]temp: [-95.287514, -3.0719712, 1426.5209;
 -143.83791, 44.051453, 1410.7974;
 -189.67654, 12.757923, 1389.0215;
 -142.36234, -62.188389, 1402.0677]temp: [-300.18707, -71.334618, 1352.6964;
 -277.59146, -67.12915, 1399.0276;
 -289.12909, -84.944756, 1370.3383;
 -292.15518, -27.236883, 1382.6377]3D [-142.13452, -62.140259, 1401.6296;
 -95.138947, -3.0164037, 1426.1797;
 -143.7614, 44.068111, 1410.5845;
 -189.55605, 12.743325, 1388.7679;
 -292.10773, -27.239149, 1382.4943;
 -300.16632, -71.34034, 1352.6235;
 -277.56161, -67.137428, 1398.9431;
 -289.1106, -84.94976, 1370.2867]temp: [-95.138947, -3.0164037, 1426.1797;
 -143.7614, 44.068111, 1410.5845;
 -189.55605, 12.743325, 1388.7679;
 -142.13452, -62.140259, 1401.6296]temp: [-300.16632, -71.34034, 1352.6235;
 -277.56161, -67.137428, 1398.9431;
 -289.1106, -84.94976, 1370.2867;
 -292.10773, -27.239149, 1382.4943]3D [-142.11311, -62.176342, 1401.5172;
 -95.094688, -3.0524325, 1426.0598;
 -143.72153, 44.037754, 1410.5111;
 -189.54059, 12.724162, 1388.6964;
 -292.14368, -27.239614, 1382.5955;
 -300.17807, -71.341698, 1352.6617;
 -277.56961, -67.135216, 1398.9373;
 -289.11581, -84.955612, 1370.2922]temp: [-95.094688, -3.0524325, 1426.0598;
 -143.72153, 44.037754, 1410.5111;
 -189.54059, 12.724162, 1388.6964;
 -142.11311, -62.176342, 1401.5172]temp: [-300.17807, -71.341698, 1352.6617;
 -277.56961, -67.135216, 1398.9373;
 -289.11581, -84.955612, 1370.2922;
 -292.14368, -27.239614, 1382.5955]3D [-142.42511, -62.450191, 1401.2332;
 -95.317963, -3.4613967, 1426.0045;
 -143.84784, 43.722374, 1410.4771;
 -189.74489, 12.524989, 1388.6255;
 -292.147, -27.249165, 1382.5854;
 -300.20483, -71.335403, 1352.7017;
 -277.56494, -67.130775, 1398.8502;
 -289.12277, -84.94838, 1370.278]temp: [-95.317963, -3.4613967, 1426.0045;
 -143.84784, 43.722374, 1410.4771;
 -189.74489, 12.524989, 1388.6255;
 -142.42511, -62.450191, 1401.2332]temp: [-300.20483, -71.335403, 1352.7017;
 -277.56494, -67.130775, 1398.8502;
 -289.12277, -84.94838, 1370.278;
 -292.147, -27.249165, 1382.5854]3D [-142.74081, -62.608986, 1401.3424;
 -95.528046, -3.7168586, 1426.0308;
 -143.99886, 43.556229, 1410.5187;
 -189.93356, 12.445206, 1388.5884;
 -292.12259, -27.230347, 1382.4937;
 -300.17325, -71.323494, 1352.6315;
 -277.57422, -67.115913, 1398.9514;
 -289.12335, -84.948219, 1370.2708]temp: [-95.528046, -3.7168586, 1426.0308;
 -143.99886, 43.556229, 1410.5187;
 -189.93356, 12.445206, 1388.5884;
 -142.74081, -62.608986, 1401.3424]temp: [-300.17325, -71.323494, 1352.6315;
 -277.57422, -67.115913, 1398.9514;
 -289.12335, -84.948219, 1370.2708;
 -292.12259, -27.230347, 1382.4937]3D [-142.93544, -62.767036, 1401.2782;
 -95.662148, -3.9186449, 1426.0931;
 -144.06924, 43.40546, 1410.4528;
 -190.01643, 12.360108, 1388.4897;
 -292.15167, -27.236441, 1382.5782;
 -300.20746, -71.335426, 1352.7129;
 -277.6026, -67.131737, 1398.9824;
 -289.15411, -84.954376, 1370.3436]temp: [-95.662148, -3.9186449, 1426.0931;
 -144.06924, 43.40546, 1410.4528;
 -190.01643, 12.360108, 1388.4897;
 -142.93544, -62.767036, 1401.2782]temp: [-300.20746, -71.335426, 1352.7129;
 -277.6026, -67.131737, 1398.9824;
 -289.15411, -84.954376, 1370.3436;
 -292.15167, -27.236441, 1382.5782]3D [-143.26273, -62.968277, 1401.2509;
 -95.934563, -4.2061639, 1426.1909;
 -144.20912, 43.213661, 1410.3796;
 -190.21352, 12.260224, 1388.5828;
 -292.14493, -27.231134, 1382.5593;
 -300.23163, -71.331657, 1352.7944;
 -277.57855, -67.134575, 1398.9275;
 -289.17752, -84.953682, 1370.463]temp: [-95.934563, -4.2061639, 1426.1909;
 -144.20912, 43.213661, 1410.3796;
 -190.21352, 12.260224, 1388.5828;
 -143.26273, -62.968277, 1401.2509]temp: [-300.23163, -71.331657, 1352.7944;
 -277.57855, -67.134575, 1398.9275;
 -289.17752, -84.953682, 1370.463;
 -292.14493, -27.231134, 1382.5593]3D [-143.47813, -62.982365, 1401.4318;
 -96.128525, -4.2442946, 1426.3622;
 -144.33029, 43.212048, 1410.4561;
 -190.36351, 12.271839, 1388.7708;
 -292.17798, -27.231134, 1382.6299;
 -300.23969, -71.330055, 1352.7766;
 -277.59875, -67.123955, 1398.9554;
 -289.15158, -84.944618, 1370.3169]temp: [-96.128525, -4.2442946, 1426.3622;
 -144.33029, 43.212048, 1410.4561;
 -190.36351, 12.271839, 1388.7708;
 -143.47813, -62.982365, 1401.4318]temp: [-300.23969, -71.330055, 1352.7766;
 -277.59875, -67.123955, 1398.9554;
 -289.15158, -84.944618, 1370.3169;
 -292.17798, -27.231134, 1382.6299]3D [-143.15379, -62.750645, 1401.7102;
 -95.813538, -3.9393635, 1426.4109;
 -144.15659, 43.434803, 1410.7345;
 -190.13474, 12.423065, 1388.7948;
 -292.15594, -27.226273, 1382.5679;
 -300.22021, -71.323761, 1352.7423;
 -277.6152, -67.128349, 1399.0273;
 -289.13412, -84.93734, 1370.3052]temp: [-95.813538, -3.9393635, 1426.4109;
 -144.15659, 43.434803, 1410.7345;
 -190.13474, 12.423065, 1388.7948;
 -143.15379, -62.750645, 1401.7102]temp: [-300.22021, -71.323761, 1352.7423;
 -277.6152, -67.128349, 1399.0273;
 -289.13412, -84.93734, 1370.3052;
 -292.15594, -27.226273, 1382.5679]3D [-142.93008, -62.567677, 1401.2081;
 -95.674896, -3.7003865, 1425.9813;
 -144.10338, 43.596588, 1410.2771;
 -190.06702, 12.525199, 1388.4927;
 -292.19193, -27.22422, 1382.6763;
 -300.22998, -71.322052, 1352.7251;
 -277.61511, -67.118172, 1398.999;
 -289.15787, -84.935692, 1370.3134]temp: [-95.674896, -3.7003865, 1425.9813;
 -144.10338, 43.596588, 1410.2771;
 -190.06702, 12.525199, 1388.4927;
 -142.93008, -62.567677, 1401.2081]temp: [-300.22998, -71.322052, 1352.7251;
 -277.61511, -67.118172, 1398.999;
 -289.15787, -84.935692, 1370.3134;
 -292.19193, -27.22422, 1382.6763]3D [-143.28693, -63.155708, 1400.0089;
 -95.864609, -4.4712896, 1424.9719;
 -144.16913, 43.011333, 1409.4789;
 -190.25276, 12.124554, 1387.8395;
 -292.17523, -27.224651, 1382.6162;
 -300.23871, -71.325523, 1352.7456;
 -277.59885, -67.118393, 1398.8971;
 -289.15594, -84.940628, 1370.308]temp: [-95.864609, -4.4712896, 1424.9719;
 -144.16913, 43.011333, 1409.4789;
 -190.25276, 12.124554, 1387.8395;
 -143.28693, -63.155708, 1400.0089]temp: [-300.23871, -71.325523, 1352.7456;
 -277.59885, -67.118393, 1398.8971;
 -289.15594, -84.940628, 1370.308;
 -292.17523, -27.224651, 1382.6162]3D [-144.32912, -63.820057, 1400.1608;
 -96.484009, -5.488574, 1425.0841;
 -144.54793, 42.313953, 1409.7404;
 -190.80261, 11.746792, 1387.7935;
 -292.21188, -27.244154, 1382.6941;
 -300.258, -71.339867, 1352.7607;
 -277.621, -67.142128, 1398.9785;
 -289.19788, -84.954498, 1370.3688]temp: [-96.484009, -5.488574, 1425.0841;
 -144.54793, 42.313953, 1409.7404;
 -190.80261, 11.746792, 1387.7935;
 -144.32912, -63.820057, 1400.1608]temp: [-300.258, -71.339867, 1352.7607;
 -277.621, -67.142128, 1398.9785;
 -289.19788, -84.954498, 1370.3688;
 -292.21188, -27.244154, 1382.6941]3D [-144.86249, -64.715553, 1399.0178;
 -96.84594, -6.7320476, 1424.3118;
 -144.7234, 41.355686, 1409.4115;
 -191.10977, 11.099182, 1387.3145;
 -292.19101, -27.241039, 1382.6135;
 -300.25061, -71.336601, 1352.7578;
 -277.62381, -67.135452, 1398.9563;
 -289.20096, -84.958176, 1370.3954]temp: [-96.84594, -6.7320476, 1424.3118;
 -144.7234, 41.355686, 1409.4115;
 -191.10977, 11.099182, 1387.3145;
 -144.86249, -64.715553, 1399.0178]temp: [-300.25061, -71.336601, 1352.7578;
 -277.62381, -67.135452, 1398.9563;
 -289.20096, -84.958176, 1370.3954;
 -292.19101, -27.241039, 1382.6135]3D [-146.56102, -65.438744, 1399.5865;
 -98.168976, -7.7850008, 1424.969;
 -145.57439, 40.662392, 1409.6278;
 -192.1147, 10.753122, 1387.438;
 -292.1843, -27.239759, 1382.6338;
 -300.19388, -71.326126, 1352.6035;
 -277.59909, -67.135643, 1398.9127;
 -289.15881, -84.95388, 1370.3118]temp: [-98.168976, -7.7850008, 1424.969;
 -145.57439, 40.662392, 1409.6278;
 -192.1147, 10.753122, 1387.438;
 -300.19388, -71.326126, 1352.6035;
 -146.56102, -65.438744, 1399.5865]temp: [-277.59909, -67.135643, 1398.9127;
 -289.15881, -84.95388, 1370.3118;
 -292.1843, -27.239759, 1382.6338]3D [-144.87453, -64.546341, 1399.4294;
 -96.939896, -6.5023336, 1424.7036;
 -144.80446, 41.543545, 1409.6305;
 -191.14305, 11.232968, 1387.5034;
 -292.17502, -27.229164, 1382.5566;
 -300.19342, -71.327438, 1352.5654;
 -277.59314, -67.134361, 1398.8781;
 -289.16855, -84.949211, 1370.3021]temp: [-96.939896, -6.5023336, 1424.7036;
 -144.80446, 41.543545, 1409.6305;
 -191.14305, 11.232968, 1387.5034;
 -144.87453, -64.546341, 1399.4294]temp: [-300.19342, -71.327438, 1352.5654;
 -277.59314, -67.134361, 1398.8781;
 -289.16855, -84.949211, 1370.3021;
 -292.17502, -27.229164, 1382.5566]3D [-291.99188, -27.340393, 1383.0273;
 -300.03006, -71.472595, 1353.2332;
 -277.4408, -67.22065, 1399.6497;
 -288.87445, -85.045593, 1370.6655;
 -7.3878303, 89.70269, 1158.7627;
 -31.95162, 88.951828, 1141.3561;
 -17.578499, 41.9907, 1150.5358;
 -2.786557, 50.559399, 1161.7437]temp: [-300.03006, -71.472595, 1353.2332;
 -277.4408, -67.22065, 1399.6497;
 -288.87445, -85.045593, 1370.6655;
 -291.99188, -27.340393, 1383.0273]temp: [-31.95162, 88.951828, 1141.3561;
 -17.578499, 41.9907, 1150.5358;
 -2.786557, 50.559399, 1161.7437;
 -7.3878303, 89.70269, 1158.7627]3D [-291.99188, -27.340393, 1383.0273;
 -300.03006, -71.472595, 1353.2332;
 -277.4408, -67.22065, 1399.6497;
 -288.87445, -85.045593, 1370.6655;
 -7.3878303, 89.70269, 1158.7627;
 -31.95162, 88.951828, 1141.3561;
 -17.578499, 41.9907, 1150.5358;
 -2.786557, 50.559399, 1161.7437]temp: [-300.03006, -71.472595, 1353.2332;
 -277.4408, -67.22065, 1399.6497;
 -288.87445, -85.045593, 1370.6655;
 -291.99188, -27.340393, 1383.0273]temp: [-31.95162, 88.951828, 1141.3561;
 -17.578499, 41.9907, 1150.5358;
 -2.786557, 50.559399, 1161.7437;
 -7.3878303, 89.70269, 1158.7627]3D [-291.96399, -27.33359, 1382.9165;
 -299.97849, -71.457451, 1353.1187;
 -277.44116, -67.213829, 1399.666;
 -288.84747, -85.032272, 1370.5975;
 -7.3221107, 89.982178, 1158.9801;
 -31.867838, 89.093796, 1141.5906;
 -17.320942, 42.220901, 1151.0121;
 -2.5768158, 50.867325, 1162.0168]temp: [-299.97849, -71.457451, 1353.1187;
 -277.44116, -67.213829, 1399.666;
 -288.84747, -85.032272, 1370.5975;
 -291.96399, -27.33359, 1382.9165]temp: [-31.867838, 89.093796, 1141.5906;
 -17.320942, 42.220901, 1151.0121;
 -2.5768158, 50.867325, 1162.0168;
 -7.3221107, 89.982178, 1158.9801]3D [-292.02304, -27.337337, 1383.0906;
 -300.03137, -71.465294, 1353.2114;
 -277.45663, -67.22438, 1399.6575;
 -288.86951, -85.038635, 1370.6149;
 -7.315249, 90.071045, 1158.6282;
 -31.90144, 89.227348, 1141.2728;
 -17.269588, 42.329117, 1150.4063;
 -2.5157671, 50.940945, 1161.4867]temp: [-300.03137, -71.465294, 1353.2114;
 -277.45663, -67.22438, 1399.6575;
 -288.86951, -85.038635, 1370.6149;
 -292.02304, -27.337337, 1383.0906]temp: [-31.90144, 89.227348, 1141.2728;
 -17.269588, 42.329117, 1150.4063;
 -2.5157671, 50.940945, 1161.4867;
 -7.315249, 90.071045, 1158.6282]3D [-291.97684, -27.336805, 1382.9041;
 -300.00024, -71.461243, 1353.1128;
 -277.4805, -67.228195, 1399.7599;
 -288.87033, -85.043663, 1370.6196;
 -7.2451501, 90.133293, 1158.6193;
 -31.854454, 89.247566, 1141.3593;
 -17.145876, 42.374393, 1150.4745;
 -2.4011946, 51.003815, 1161.4653]temp: [-300.00024, -71.461243, 1353.1128;
 -277.4805, -67.228195, 1399.7599;
 -288.87033, -85.043663, 1370.6196;
 -291.97684, -27.336805, 1382.9041]temp: [-31.854454, 89.247566, 1141.3593;
 -17.145876, 42.374393, 1150.4745;
 -2.4011946, 51.003815, 1161.4653;
 -7.2451501, 90.133293, 1158.6193]3D [-291.99817, -27.33532, 1382.9685;
 -300.00885, -71.466988, 1353.137;
 -277.43805, -67.215584, 1399.6056;
 -288.85556, -85.029861, 1370.556;
 -7.1781011, 90.251495, 1158.8728;
 -31.755499, 89.256538, 1141.5181;
 -16.957067, 42.450066, 1150.7836;
 -2.2452219, 51.145203, 1161.855]temp: [-300.00885, -71.466988, 1353.137;
 -277.43805, -67.215584, 1399.6056;
 -288.85556, -85.029861, 1370.556;
 -291.99817, -27.33532, 1382.9685]temp: [-31.755499, 89.256538, 1141.5181;
 -16.957067, 42.450066, 1150.7836;
 -2.2452219, 51.145203, 1161.855;
 -7.1781011, 90.251495, 1158.8728]3D [-292.03885, -27.331545, 1383.089;
 -300.05219, -71.472847, 1353.2489;
 -277.48169, -67.232765, 1399.7495;
 -288.89935, -85.044579, 1370.6442;
 -7.188448, 90.353149, 1158.8406;
 -31.738026, 89.33596, 1141.4414;
 -16.875879, 42.529736, 1150.6866;
 -2.1994426, 51.251648, 1161.8452]temp: [-300.05219, -71.472847, 1353.2489;
 -277.48169, -67.232765, 1399.7495;
 -288.89935, -85.044579, 1370.6442;
 -292.03885, -27.331545, 1383.089]temp: [-31.738026, 89.33596, 1141.4414;
 -16.875879, 42.529736, 1150.6866;
 -2.1994426, 51.251648, 1161.8452;
 -7.188448, 90.353149, 1158.8406]3D [-291.99313, -27.33033, 1382.9706;
 -300.03302, -71.46096, 1353.2384;
 -277.48264, -67.225609, 1399.7614;
 -288.87793, -85.036514, 1370.6478;
 -7.1749091, 90.450966, 1158.9026;
 -31.706511, 89.407425, 1141.4558;
 -16.793522, 42.617054, 1150.6763;
 -2.1246111, 51.343788, 1161.7739]temp: [-300.03302, -71.46096, 1353.2384;
 -277.48264, -67.225609, 1399.7614;
 -288.87793, -85.036514, 1370.6478;
 -291.99313, -27.33033, 1382.9706]temp: [-31.706511, 89.407425, 1141.4558;
 -16.793522, 42.617054, 1150.6763;
 -2.1246111, 51.343788, 1161.7739;
 -7.1749091, 90.450966, 1158.9026]3D [-292.02704, -27.334076, 1383.0785;
 -300.02957, -71.453323, 1353.2286;
 -277.48709, -67.222397, 1399.7832;
 -288.88083, -85.030594, 1370.6527;
 -7.1342015, 90.56617, 1158.9346;
 -31.681095, 89.512001, 1141.5127;
 -16.686003, 42.725998, 1150.6414;
 -2.0169737, 51.471027, 1161.7859]temp: [-300.02957, -71.453323, 1353.2286;
 -277.48709, -67.222397, 1399.7832;
 -288.88083, -85.030594, 1370.6527;
 -292.02704, -27.334076, 1383.0785]temp: [-31.681095, 89.512001, 1141.5127;
 -16.686003, 42.725998, 1150.6414;
 -2.0169737, 51.471027, 1161.7859;
 -7.1342015, 90.56617, 1158.9346]3D [-292.05316, -27.319567, 1383.0498;
 -300.08218, -71.446747, 1353.249;
 -277.51794, -67.21196, 1399.7523;
 -288.93518, -85.025574, 1370.718;
 -7.2100043, 90.515572, 1158.7045;
 -31.790781, 89.528763, 1141.3431;
 -16.823599, 42.710808, 1150.3529;
 -2.1271119, 51.407772, 1161.4131]temp: [-300.08218, -71.446747, 1353.249;
 -277.51794, -67.21196, 1399.7523;
 -288.93518, -85.025574, 1370.718;
 -292.05316, -27.319567, 1383.0498]temp: [-31.790781, 89.528763, 1141.3431;
 -16.823599, 42.710808, 1150.3529;
 -2.1271119, 51.407772, 1161.4131;
 -7.2100043, 90.515572, 1158.7045]3D [-292.07111, -27.306992, 1383.0303;
 -300.08621, -71.432854, 1353.2057;
 -277.5061, -67.191269, 1399.5973;
 -288.92889, -85.011429, 1370.5913;
 -7.1830859, 91.485275, 1158.864;
 -31.60935, 90.209145, 1141.2659;
 -16.079014, 43.573502, 1150.3557;
 -1.5774109, 52.45256, 1161.6294]temp: [-300.08621, -71.432854, 1353.2057;
 -277.5061, -67.191269, 1399.5973;
 -288.92889, -85.011429, 1370.5913;
 -292.07111, -27.306992, 1383.0303]temp: [-31.60935, 90.209145, 1141.2659;
 -16.079014, 43.573502, 1150.3557;
 -1.5774109, 52.45256, 1161.6294;
 -7.1830859, 91.485275, 1158.864]3D [-292.06595, -27.321997, 1383.0656;
 -300.08182, -71.453857, 1353.2169;
 -277.49255, -67.210052, 1399.6185;
 -288.94925, -85.031288, 1370.7113;
 -7.120862, 91.64222, 1159.5442;
 -31.444553, 90.196022, 1141.7826;
 -15.79222, 43.646427, 1151.0715;
 -1.3908969, 52.631786, 1162.2677]temp: [-300.08182, -71.453857, 1353.2169;
 -277.49255, -67.210052, 1399.6185;
 -288.94925, -85.031288, 1370.7113;
 -292.06595, -27.321997, 1383.0656]temp: [-31.444553, 90.196022, 1141.7826;
 -15.79222, 43.646427, 1151.0715;
 -1.3908969, 52.631786, 1162.2677;
 -7.120862, 91.64222, 1159.5442]3D [-292.03561, -27.335848, 1383.0033;
 -300.07474, -71.461197, 1353.2421;
 -277.48471, -67.215813, 1399.6257;
 -288.96161, -85.045509, 1370.8024;
 -7.039804, 91.606499, 1159.812;
 -31.341478, 90.081863, 1142.094;
 -15.667513, 43.581463, 1151.5984;
 -1.3075135, 52.61488, 1162.8069]temp: [-300.07474, -71.461197, 1353.2421;
 -277.48471, -67.215813, 1399.6257;
 -288.96161, -85.045509, 1370.8024;
 -292.03561, -27.335848, 1383.0033]temp: [-31.341478, 90.081863, 1142.094;
 -15.667513, 43.581463, 1151.5984;
 -1.3075135, 52.61488, 1162.8069;
 -7.039804, 91.606499, 1159.812]3D [-292.01315, -27.330807, 1382.9907;
 -300.04761, -71.460663, 1353.1692;
 -277.45206, -67.215981, 1399.5566;
 -288.89899, -85.034309, 1370.6294;
 -6.9254727, 91.830826, 1159.5604;
 -31.232258, 90.311989, 1141.8394;
 -15.308178, 43.836006, 1150.9639;
 -0.99865687, 52.876286, 1162.4525]temp: [-300.04761, -71.460663, 1353.1692;
 -277.45206, -67.215981, 1399.5566;
 -288.89899, -85.034309, 1370.6294;
 -292.01315, -27.330807, 1382.9907]temp: [-31.232258, 90.311989, 1141.8394;
 -15.308178, 43.836006, 1150.9639;
 -0.99865687, 52.876286, 1162.4525;
 -6.9254727, 91.830826, 1159.5604]3D [-292.04153, -27.331604, 1383.0402;
 -300.065, -71.456863, 1353.2396;
 -277.4791, -67.225258, 1399.6294;
 -288.9205, -85.039452, 1370.6932;
 -6.990325, 91.221924, 1158.8773;
 -31.459242, 90.012428, 1141.3114;
 -15.964985, 43.341507, 1150.1957;
 -1.4228195, 52.147839, 1161.3848]temp: [-300.065, -71.456863, 1353.2396;
 -277.4791, -67.225258, 1399.6294;
 -288.9205, -85.039452, 1370.6932;
 -292.04153, -27.331604, 1383.0402]temp: [-31.459242, 90.012428, 1141.3114;
 -15.964985, 43.341507, 1150.1957;
 -1.4228195, 52.147839, 1161.3848;
 -6.990325, 91.221924, 1158.8773]3D [-291.99661, -27.32983, 1382.9438;
 -300.06534, -71.464622, 1353.2192;
 -277.47812, -67.225655, 1399.6498;
 -288.91129, -85.043007, 1370.6489;
 -7.0348945, 91.236191, 1158.5024;
 -31.555952, 90.078949, 1141.1036;
 -16.085751, 43.387142, 1149.9246;
 -1.5052137, 52.17519, 1161.0861]temp: [-300.06534, -71.464622, 1353.2192;
 -277.47812, -67.225655, 1399.6498;
 -288.91129, -85.043007, 1370.6489;
 -291.99661, -27.32983, 1382.9438]temp: [-31.555952, 90.078949, 1141.1036;
 -16.085751, 43.387142, 1149.9246;
 -1.5052137, 52.17519, 1161.0861;
 -7.0348945, 91.236191, 1158.5024]3D [-292.01349, -27.320986, 1382.9659;
 -300.01346, -71.440506, 1353.0951;
 -277.46066, -67.213699, 1399.5948;
 -288.89481, -85.022675, 1370.62;
 -6.9053898, 91.64724, 1158.8446;
 -31.370024, 90.334549, 1141.2565;
 -15.587827, 43.722954, 1149.9407;
 -1.1090385, 52.634197, 1161.1393]temp: [-300.01346, -71.440506, 1353.0951;
 -277.46066, -67.213699, 1399.5948;
 -288.89481, -85.022675, 1370.62;
 -292.01349, -27.320986, 1382.9659]temp: [-31.370024, 90.334549, 1141.2565;
 -15.587827, 43.722954, 1149.9407;
 -1.1090385, 52.634197, 1161.1393;
 -6.9053898, 91.64724, 1158.8446]3D [-292.00723, -27.317879, 1382.8953;
 -300.07703, -71.441002, 1353.2312;
 -277.48767, -67.206375, 1399.6353;
 -288.94669, -85.027702, 1370.7076;
 -6.8931494, 92.166061, 1159.1255;
 -31.255064, 90.632111, 1141.4222;
 -15.126057, 44.172161, 1150.281;
 -0.78502429, 53.182606, 1161.6372]temp: [-300.07703, -71.441002, 1353.2312;
 -277.48767, -67.206375, 1399.6353;
 -288.94669, -85.027702, 1370.7076;
 -292.00723, -27.317879, 1382.8953]temp: [-31.255064, 90.632111, 1141.4222;
 -15.126057, 44.172161, 1150.281;
 -0.78502429, 53.182606, 1161.6372;
 -6.8931494, 92.166061, 1159.1255]3D [-292.02054, -27.301146, 1382.924;
 -300.06433, -71.426628, 1353.1448;
 -277.4671, -67.19799, 1399.5238;
 -288.94495, -85.012329, 1370.6832;
 -6.8585558, 92.754066, 1159.3145;
 -31.123426, 91.029396, 1141.5894;
 -14.586064, 44.68943, 1150.2506;
 -0.42387256, 53.857132, 1161.7985]temp: [-300.06433, -71.426628, 1353.1448;
 -277.4671, -67.19799, 1399.5238;
 -288.94495, -85.012329, 1370.6832;
 -292.02054, -27.301146, 1382.924]temp: [-31.123426, 91.029396, 1141.5894;
 -14.586064, 44.68943, 1150.2506;
 -0.42387256, 53.857132, 1161.7985;
 -6.8585558, 92.754066, 1159.3145]3D [-292.01038, -27.315697, 1382.9553;
 -300.04837, -71.438416, 1353.2112;
 -277.4762, -67.200783, 1399.6616;
 -288.88989, -85.016167, 1370.627;
 -6.7061992, 92.577202, 1159.5823;
 -30.959467, 90.790504, 1141.7656;
 -14.423092, 44.488354, 1150.7859;
 -0.25171608, 53.674335, 1162.1431]temp: [-300.04837, -71.438416, 1353.2112;
 -277.4762, -67.200783, 1399.6616;
 -288.88989, -85.016167, 1370.627;
 -292.01038, -27.315697, 1382.9553]temp: [-30.959467, 90.790504, 1141.7656;
 -14.423092, 44.488354, 1150.7859;
 -0.25171608, 53.674335, 1162.1431;
 -6.7061992, 92.577202, 1159.5823]3D [-292.03717, -27.305895, 1383.0167;
 -300.05444, -71.434746, 1353.2015;
 -277.50516, -67.193779, 1399.7301;
 -288.89609, -85.009979, 1370.5811;
 -6.7167621, 92.607819, 1159.5717;
 -30.976784, 90.782372, 1141.7771;
 -14.430945, 44.508198, 1150.8885;
 -0.26133388, 53.712009, 1162.2173]temp: [-300.05444, -71.434746, 1353.2015;
 -277.50516, -67.193779, 1399.7301;
 -288.89609, -85.009979, 1370.5811;
 -292.03717, -27.305895, 1383.0167]temp: [-30.976784, 90.782372, 1141.7771;
 -14.430945, 44.508198, 1150.8885;
 -0.26133388, 53.712009, 1162.2173;
 -6.7167621, 92.607819, 1159.5717]3D [-292.01675, -27.308315, 1382.9105;
 -300.04593, -71.424248, 1353.1443;
 -277.52414, -67.197975, 1399.7224;
 -288.93619, -85.018814, 1370.7009;
 -6.7290769, 92.828979, 1159.5496;
 -30.960768, 90.963799, 1141.7491;
 -14.272811, 44.726673, 1150.8026;
 -0.1501455, 53.96867, 1162.2672]temp: [-300.04593, -71.424248, 1353.1443;
 -277.52414, -67.197975, 1399.7224;
 -288.93619, -85.018814, 1370.7009;
 -292.01675, -27.308315, 1382.9105]temp: [-30.960768, 90.963799, 1141.7491;
 -14.272811, 44.726673, 1150.8026;
 -0.1501455, 53.96867, 1162.2672;
 -6.7290769, 92.828979, 1159.5496]3D [-291.98773, -27.305664, 1382.8909;
 -300.04837, -71.429161, 1353.2024;
 -277.47598, -67.192268, 1399.6307;
 -288.89716, -85.01638, 1370.6323;
 -6.6749349, 92.796394, 1159.4706;
 -30.917856, 90.943069, 1141.6908;
 -14.226736, 44.69997, 1150.743;
 -0.088729866, 53.934734, 1162.1436]temp: [-300.04837, -71.429161, 1353.2024;
 -277.47598, -67.192268, 1399.6307;
 -288.89716, -85.01638, 1370.6323;
 -291.98773, -27.305664, 1382.8909]temp: [-30.917856, 90.943069, 1141.6908;
 -14.226736, 44.69997, 1150.743;
 -0.088729866, 53.934734, 1162.1436;
 -6.6749349, 92.796394, 1159.4706]3D [-292.03265, -27.324209, 1383.0382;
 -300.04211, -71.451599, 1353.1764;
 -277.47754, -67.210907, 1399.6724;
 -288.88062, -85.024521, 1370.5594;
 -6.6933246, 92.484543, 1159.3098;
 -31.009947, 90.770752, 1141.6594;
 -14.501883, 44.425858, 1150.4921;
 -0.28175339, 53.56406, 1161.7898]temp: [-300.04211, -71.451599, 1353.1764;
 -277.47754, -67.210907, 1399.6724;
 -288.88062, -85.024521, 1370.5594;
 -292.03265, -27.324209, 1383.0382]temp: [-31.009947, 90.770752, 1141.6594;
 -14.501883, 44.425858, 1150.4921;
 -0.28175339, 53.56406, 1161.7898;
 -6.6933246, 92.484543, 1159.3098]3D [-292.05249, -27.314175, 1383.0641;
 -300.07846, -71.44989, 1353.2158;
 -277.48221, -67.210892, 1399.6138;
 -288.9202, -85.031837, 1370.6376;
 -6.7594671, 92.436974, 1159.1316;
 -31.10253, 90.78759, 1141.532;
 -14.663967, 44.395248, 1150.1542;
 -0.4107703, 53.500397, 1161.5635]temp: [-300.07846, -71.44989, 1353.2158;
 -277.48221, -67.210892, 1399.6138;
 -288.9202, -85.031837, 1370.6376;
 -292.05249, -27.314175, 1383.0641]temp: [-31.10253, 90.78759, 1141.532;
 -14.663967, 44.395248, 1150.1542;
 -0.4107703, 53.500397, 1161.5635;
 -6.7594671, 92.436974, 1159.1316]3D [-292.00189, -27.31444, 1382.9346;
 -300.05887, -71.439827, 1353.1985;
 -277.43765, -67.189796, 1399.5065;
 -288.92444, -85.024406, 1370.6849;
 -6.7312245, 92.396606, 1159.2498;
 -31.068632, 90.740547, 1141.6204;
 -14.641592, 44.355137, 1150.2957;
 -0.39633343, 53.467018, 1161.7737]temp: [-300.05887, -71.439827, 1353.1985;
 -277.43765, -67.189796, 1399.5065;
 -288.92444, -85.024406, 1370.6849;
 -292.00189, -27.31444, 1382.9346]temp: [-31.068632, 90.740547, 1141.6204;
 -14.641592, 44.355137, 1150.2957;
 -0.39633343, 53.467018, 1161.7737;
 -6.7312245, 92.396606, 1159.2498]3D [-292.01657, -27.312599, 1382.9651;
 -300.05301, -71.431648, 1353.2017;
 -277.48804, -67.202049, 1399.6946;
 -288.90881, -85.017616, 1370.6742;
 -6.6880302, 92.488388, 1159.4011;
 -31.011654, 90.74408, 1141.7346;
 -14.529705, 44.416538, 1150.6255;
 -0.30529806, 53.570721, 1161.9963]temp: [-300.05301, -71.431648, 1353.2017;
 -277.48804, -67.202049, 1399.6946;
 -288.90881, -85.017616, 1370.6742;
 -292.01657, -27.312599, 1382.9651]temp: [-31.011654, 90.74408, 1141.7346;
 -14.529705, 44.416538, 1150.6255;
 -0.30529806, 53.570721, 1161.9963;
 -6.6880302, 92.488388, 1159.4011]3D [-292.04913, -27.309465, 1383.0511;
 -300.03348, -71.426308, 1353.1165;
 -277.45526, -67.187111, 1399.5328;
 -288.93121, -85.02272, 1370.6901;
 -6.7066445, 92.709839, 1159.4485;
 -31.015369, 90.89019, 1141.8368;
 -14.409805, 44.610767, 1150.7667;
 -0.22553933, 53.83112, 1162.1038]temp: [-300.03348, -71.426308, 1353.1165;
 -277.45526, -67.187111, 1399.5328;
 -288.93121, -85.02272, 1370.6901;
 -292.04913, -27.309465, 1383.0511]temp: [-31.015369, 90.89019, 1141.8368;
 -14.409805, 44.610767, 1150.7667;
 -0.22553933, 53.83112, 1162.1038;
 -6.7066445, 92.709839, 1159.4485]3D [-292.03159, -27.30983, 1383.0348;
 -300.0607, -71.435051, 1353.2357;
 -277.47693, -67.193115, 1399.6512;
 -288.91003, -85.011139, 1370.677;
 -6.5854006, 92.7771, 1159.4755;
 -30.870041, 90.897224, 1141.8268;
 -14.149641, 44.670746, 1150.8528;
 0.014487728, 53.924236, 1162.3004]temp: [-300.0607, -71.435051, 1353.2357;
 -277.47693, -67.193115, 1399.6512;
 -288.91003, -85.011139, 1370.677;
 -292.03159, -27.30983, 1383.0348]temp: [-30.870041, 90.897224, 1141.8268;
 -14.149641, 44.670746, 1150.8528;
 0.014487728, 53.924236, 1162.3004;
 -6.5854006, 92.7771, 1159.4755]3D [-292.04666, -27.314163, 1383.0662;
 -300.05649, -71.434937, 1353.2009;
 -277.46786, -67.196518, 1399.6399;
 -288.93738, -85.02018, 1370.7289;
 -6.6547546, 92.621391, 1159.4037;
 -30.983208, 90.821701, 1141.7537;
 -14.385333, 44.528931, 1150.6984;
 -0.18100511, 53.729549, 1161.9618]temp: [-300.05649, -71.434937, 1353.2009;
 -277.46786, -67.196518, 1399.6399;
 -288.93738, -85.02018, 1370.7289;
 -292.04666, -27.314163, 1383.0662]temp: [-30.983208, 90.821701, 1141.7537;
 -14.385333, 44.528931, 1150.6984;
 -0.18100511, 53.729549, 1161.9618;
 -6.6547546, 92.621391, 1159.4037]3D [-292.03867, -27.309828, 1383.0226;
 -300.06836, -71.429428, 1353.238;
 -277.47171, -67.194679, 1399.6058;
 -288.91214, -85.011032, 1370.6406;
 -6.6464624, 92.732437, 1159.3961;
 -30.961952, 90.906235, 1141.7976;
 -14.289991, 44.634964, 1150.6982;
 -0.10078346, 53.860577, 1162.0358]temp: [-300.06836, -71.429428, 1353.238;
 -277.47171, -67.194679, 1399.6058;
 -288.91214, -85.011032, 1370.6406;
 -292.03867, -27.309828, 1383.0226]temp: [-30.961952, 90.906235, 1141.7976;
 -14.289991, 44.634964, 1150.6982;
 -0.10078346, 53.860577, 1162.0358;
 -6.6464624, 92.732437, 1159.3961]3D [-292.04648, -27.304565, 1383.0227;
 -300.07553, -71.425194, 1353.1671;
 -277.47308, -67.186272, 1399.561;
 -288.9465, -85.0158, 1370.7092;
 -6.7166691, 93.022514, 1159.4277;
 -31.024416, 91.123634, 1141.782;
 -14.251216, 44.911457, 1150.7578;
 -0.090838447, 54.142624, 1162.0688]temp: [-300.07553, -71.425194, 1353.1671;
 -277.47308, -67.186272, 1399.561;
 -288.9465, -85.0158, 1370.7092;
 -292.04648, -27.304565, 1383.0227]temp: [-31.024416, 91.123634, 1141.782;
 -14.251216, 44.911457, 1150.7578;
 -0.090838447, 54.142624, 1162.0688;
 -6.7166691, 93.022514, 1159.4277]3D [-292.01761, -27.314507, 1383.0051;
 -300.04147, -71.437248, 1353.186;
 -277.49323, -67.201347, 1399.7389;
 -288.8978, -85.019699, 1370.6445;
 -6.5137634, 92.975639, 1159.6995;
 -30.770348, 90.965317, 1142.0035;
 -13.925741, 44.820656, 1151.1345;
 0.20535283, 54.139229, 1162.6223]temp: [-300.04147, -71.437248, 1353.186;
 -277.49323, -67.201347, 1399.7389;
 -288.8978, -85.019699, 1370.6445;
 -292.01761, -27.314507, 1383.0051]temp: [-30.770348, 90.965317, 1142.0035;
 -13.925741, 44.820656, 1151.1345;
 0.20535283, 54.139229, 1162.6223;
 -6.5137634, 92.975639, 1159.6995]3D [-292.00537, -27.29624, 1382.9219;
 -300.05048, -71.425369, 1353.2008;
 -277.4548, -67.182869, 1399.5602;
 -288.90543, -85.002945, 1370.6537;
 -6.664032, 92.814186, 1159.486;
 -30.97994, 90.950432, 1141.9385;
 -14.327695, 44.708214, 1151.0164;
 -0.15210634, 53.959805, 1162.3588]temp: [-300.05048, -71.425369, 1353.2008;
 -277.4548, -67.182869, 1399.5602;
 -288.90543, -85.002945, 1370.6537;
 -292.00537, -27.29624, 1382.9219]temp: [-30.97994, 90.950432, 1141.9385;
 -14.327695, 44.708214, 1151.0164;
 -0.15210634, 53.959805, 1162.3588;
 -6.664032, 92.814186, 1159.486]3D [-292.01199, -27.296759, 1382.96;
 -300.06104, -71.42186, 1353.2113;
 -277.48318, -67.189819, 1399.6587;
 -288.89929, -85.009682, 1370.6221;
 -6.6773987, 92.621658, 1159.5032;
 -31.017738, 90.830414, 1141.8383;
 -14.48861, 44.526718, 1150.8784;
 -0.26615566, 53.71698, 1162.125]temp: [-300.06104, -71.42186, 1353.2113;
 -277.48318, -67.189819, 1399.6587;
 -288.89929, -85.009682, 1370.6221;
 -292.01199, -27.296759, 1382.96]temp: [-31.017738, 90.830414, 1141.8383;
 -14.48861, 44.526718, 1150.8784;
 -0.26615566, 53.71698, 1162.125;
 -6.6773987, 92.621658, 1159.5032]3D [-292.01208, -27.294876, 1382.9939;
 -300.06253, -71.427567, 1353.287;
 -277.49469, -67.18779, 1399.7604;
 -288.87109, -84.997086, 1370.5841;
 -6.5600514, 92.654449, 1159.491;
 -30.893986, 90.838463, 1141.8723;
 -14.253872, 44.56517, 1150.7722;
 -0.035534773, 53.779598, 1162.2003]temp: [-300.06253, -71.427567, 1353.287;
 -277.49469, -67.18779, 1399.7604;
 -288.87109, -84.997086, 1370.5841;
 -292.01208, -27.294876, 1382.9939]temp: [-30.893986, 90.838463, 1141.8723;
 -14.253872, 44.56517, 1150.7722;
 -0.035534773, 53.779598, 1162.2003;
 -6.5600514, 92.654449, 1159.491]3D [-292.01022, -27.305828, 1382.9445;
 -300.03693, -71.423775, 1353.1626;
 -277.48593, -67.186592, 1399.6868;
 -288.89563, -85.002769, 1370.624;
 -6.5989962, 92.78949, 1159.432;
 -30.921602, 90.95649, 1141.7975;
 -14.224067, 44.699787, 1150.7334;
 -0.023190161, 53.929356, 1162.1111]temp: [-300.03693, -71.423775, 1353.1626;
 -277.48593, -67.186592, 1399.6868;
 -288.89563, -85.002769, 1370.624;
 -292.01022, -27.305828, 1382.9445]temp: [-30.921602, 90.95649, 1141.7975;
 -14.224067, 44.699787, 1150.7334;
 -0.023190161, 53.929356, 1162.1111;
 -6.5989962, 92.78949, 1159.432]3D [-292.00073, -27.305826, 1382.9498;
 -300.05646, -71.433914, 1353.231;
 -277.4711, -67.191223, 1399.6193;
 -288.8916, -85.0168, 1370.6174;
 -6.500926, 92.986984, 1159.4762;
 -30.788397, 91.065117, 1141.8116;
 -13.910086, 44.868565, 1150.6372;
 0.24313341, 54.132278, 1162.1241]temp: [-300.05646, -71.433914, 1353.231;
 -277.4711, -67.191223, 1399.6193;
 -288.8916, -85.0168, 1370.6174;
 -292.00073, -27.305826, 1382.9498]temp: [-30.788397, 91.065117, 1141.8116;
 -13.910086, 44.868565, 1150.6372;
 0.24313341, 54.132278, 1162.1241;
 -6.500926, 92.986984, 1159.4762]3D [-292.04324, -27.295845, 1383.0614;
 -300.0274, -71.424271, 1353.1338;
 -277.45261, -67.190529, 1399.5836;
 -288.88522, -85.018829, 1370.601;
 -6.5312614, 93.161659, 1159.4055;
 -30.807673, 91.195946, 1141.734;
 -13.838153, 45.032349, 1150.4951;
 0.28109157, 54.313457, 1162.073]temp: [-300.0274, -71.424271, 1353.1338;
 -277.45261, -67.190529, 1399.5836;
 -288.88522, -85.018829, 1370.601;
 -292.04324, -27.295845, 1383.0614]temp: [-30.807673, 91.195946, 1141.734;
 -13.838153, 45.032349, 1150.4951;
 0.28109157, 54.313457, 1162.073;
 -6.5312614, 93.161659, 1159.4055]3D [-292.04041, -27.311502, 1382.9783;
 -300.06744, -71.424416, 1353.1781;
 -277.48633, -67.201477, 1399.5922;
 -288.94315, -85.019089, 1370.6667;
 -6.5160174, 93.84256, 1159.3922;
 -30.702866, 91.677536, 1141.6228;
 -13.294291, 45.665653, 1150.5166;
 0.68008912, 55.070301, 1161.9131]temp: [-300.06744, -71.424416, 1353.1781;
 -277.48633, -67.201477, 1399.5922;
 -288.94315, -85.019089, 1370.6667;
 -292.04041, -27.311502, 1382.9783]temp: [-30.702866, 91.677536, 1141.6228;
 -13.294291, 45.665653, 1150.5166;
 0.68008912, 55.070301, 1161.9131;
 -6.5160174, 93.84256, 1159.3922]3D [-292.04575, -27.322371, 1383.0055;
 -300.07126, -71.441422, 1353.2035;
 -277.46378, -67.20723, 1399.542;
 -288.94965, -85.032738, 1370.7273;
 -6.4336696, 94.066666, 1159.4039;
 -30.590137, 91.802811, 1141.6205;
 -12.964166, 45.86462, 1150.3325;
 0.97078568, 55.321079, 1161.8762]temp: [-300.07126, -71.441422, 1353.2035;
 -277.46378, -67.20723, 1399.542;
 -288.94965, -85.032738, 1370.7273;
 -292.04575, -27.322371, 1383.0055]temp: [-30.590137, 91.802811, 1141.6205;
 -12.964166, 45.86462, 1150.3325;
 0.97078568, 55.321079, 1161.8762;
 -6.4336696, 94.066666, 1159.4039]3D [-292.05719, -27.32675, 1383.0781;
 -300.06186, -71.444321, 1353.1851;
 -277.44901, -67.204613, 1399.4921;
 -288.90469, -85.02597, 1370.6058;
 -6.4332743, 93.94165, 1159.605;
 -30.574722, 91.668037, 1141.818;
 -13.037148, 45.729485, 1150.7653;
 0.89514202, 55.190605, 1162.275]temp: [-300.06186, -71.444321, 1353.1851;
 -277.44901, -67.204613, 1399.4921;
 -288.90469, -85.02597, 1370.6058;
 -292.05719, -27.32675, 1383.0781]temp: [-30.574722, 91.668037, 1141.818;
 -13.037148, 45.729485, 1150.7653;
 0.89514202, 55.190605, 1162.275;
 -6.4332743, 93.94165, 1159.605]3D [-292.04178, -27.317965, 1382.9944;
 -300.07166, -71.43782, 1353.1835;
 -277.47473, -67.200226, 1399.5516;
 -288.94775, -85.029961, 1370.7064;
 -6.638504, 93.706566, 1159.6786;
 -30.809963, 91.561852, 1141.938;
 -13.537533, 45.52034, 1150.8962;
 0.45643815, 54.925507, 1162.2517]temp: [-300.07166, -71.43782, 1353.1835;
 -277.47473, -67.200226, 1399.5516;
 -288.94775, -85.029961, 1370.7064;
 -292.04178, -27.317965, 1382.9944]temp: [-30.809963, 91.561852, 1141.938;
 -13.537533, 45.52034, 1150.8962;
 0.45643815, 54.925507, 1162.2517;
 -6.638504, 93.706566, 1159.6786]3D [-292.01535, -27.317064, 1382.8721;
 -300.0806, -71.437294, 1353.2054;
 -277.51593, -67.211205, 1399.6747;
 -288.92227, -85.020271, 1370.5997;
 -6.7694211, 93.202225, 1159.6178;
 -30.99069, 91.294083, 1141.8169;
 -14.095495, 45.094826, 1150.663;
 0.020894298, 54.329926, 1162.0282]temp: [-300.0806, -71.437294, 1353.2054;
 -277.51593, -67.211205, 1399.6747;
 -288.92227, -85.020271, 1370.5997;
 -292.01535, -27.317064, 1382.8721]temp: [-30.99069, 91.294083, 1141.8169;
 -14.095495, 45.094826, 1150.663;
 0.020894298, 54.329926, 1162.0282;
 -6.7694211, 93.202225, 1159.6178]3D [-292.01868, -27.311626, 1382.9183;
 -300.082, -71.436722, 1353.2191;
 -277.50217, -67.206963, 1399.6829;
 -288.9306, -85.026016, 1370.6326;
 -6.919909, 92.431549, 1159.3054;
 -31.230158, 90.888634, 1141.6436;
 -14.915323, 44.446342, 1150.2185;
 -0.63957256, 53.483177, 1161.7161]temp: [-300.082, -71.436722, 1353.2191;
 -277.50217, -67.206963, 1399.6829;
 -288.9306, -85.026016, 1370.6326;
 -292.01868, -27.311626, 1382.9183]temp: [-31.230158, 90.888634, 1141.6436;
 -14.915323, 44.446342, 1150.2185;
 -0.63957256, 53.483177, 1161.7161;
 -6.919909, 92.431549, 1159.3054]3D [-292.03394, -27.310244, 1382.9708;
 -300.08081, -71.437317, 1353.2334;
 -277.46619, -67.195793, 1399.5409;
 -288.93457, -85.021652, 1370.6633;
 -7.0312147, 91.958481, 1158.9041;
 -31.417879, 90.701675, 1141.2417;
 -15.442647, 44.091419, 1149.5483;
 -1.0621591, 52.956837, 1161.0405]temp: [-300.08081, -71.437317, 1353.2334;
 -277.46619, -67.195793, 1399.5409;
 -288.93457, -85.021652, 1370.6633;
 -292.03394, -27.310244, 1382.9708]temp: [-31.417879, 90.701675, 1141.2417;
 -15.442647, 44.091419, 1149.5483;
 -1.0621591, 52.956837, 1161.0405;
 -7.0312147, 91.958481, 1158.9041]3D [-292.03439, -27.305264, 1382.9702;
 -300.05646, -71.425117, 1353.147;
 -277.47934, -67.198021, 1399.5671;
 -288.9545, -85.017349, 1370.7109;
 -7.0840216, 91.965492, 1158.7421;
 -31.462721, 90.771446, 1141.0844;
 -15.541079, 44.137165, 1149.3334;
 -1.1543382, 52.965046, 1160.8652]temp: [-300.05646, -71.425117, 1353.147;
 -277.47934, -67.198021, 1399.5671;
 -288.9545, -85.017349, 1370.7109;
 -292.03439, -27.305264, 1382.9702]temp: [-31.462721, 90.771446, 1141.0844;
 -15.541079, 44.137165, 1149.3334;
 -1.1543382, 52.965046, 1160.8652;
 -7.0840216, 91.965492, 1158.7421]3D [-292.03256, -27.314457, 1382.9818;
 -300.0668, -71.423912, 1353.1766;
 -277.48141, -67.19281, 1399.5768;
 -288.93533, -85.015945, 1370.6731;
 -6.9951043, 92.229134, 1159.0767;
 -31.323587, 90.878601, 1141.343;
 -15.205485, 44.335842, 1149.7405;
 -0.87823433, 53.223156, 1161.2123]temp: [-300.0668, -71.423912, 1353.1766;
 -277.48141, -67.19281, 1399.5768;
 -288.93533, -85.015945, 1370.6731;
 -292.03256, -27.314457, 1382.9818]temp: [-31.323587, 90.878601, 1141.343;
 -15.205485, 44.335842, 1149.7405;
 -0.87823433, 53.223156, 1161.2123;
 -6.9951043, 92.229134, 1159.0767]3D [-292.04312, -27.314062, 1382.9659;
 -300.08759, -71.436386, 1353.229;
 -277.49963, -67.200462, 1399.6145;
 -288.94012, -85.023636, 1370.6451;
 -7.1333485, 91.920235, 1158.9711;
 -31.513439, 90.6633, 1141.2439;
 -15.67086, 44.050831, 1149.766;
 -1.2844825, 52.908619, 1161.2646]temp: [-300.08759, -71.436386, 1353.229;
 -277.49963, -67.200462, 1399.6145;
 -288.94012, -85.023636, 1370.6451;
 -292.04312, -27.314062, 1382.9659]temp: [-31.513439, 90.6633, 1141.2439;
 -15.67086, 44.050831, 1149.766;
 -1.2844825, 52.908619, 1161.2646;
 -7.1333485, 91.920235, 1158.9711]3D [-292.06113, -27.318661, 1382.9952;
 -300.07031, -71.440475, 1353.124;
 -277.50082, -67.208344, 1399.567;
 -288.96326, -85.033455, 1370.6912;
 -6.9097986, 92.522354, 1159.089;
 -31.279097, 91.010735, 1141.423;
 -14.943413, 44.555637, 1149.9297;
 -0.60594046, 53.570293, 1161.2732]temp: [-300.07031, -71.440475, 1353.124;
 -277.50082, -67.208344, 1399.567;
 -288.96326, -85.033455, 1370.6912;
 -292.06113, -27.318661, 1382.9952]temp: [-31.279097, 91.010735, 1141.423;
 -14.943413, 44.555637, 1149.9297;
 -0.60594046, 53.570293, 1161.2732;
 -6.9097986, 92.522354, 1159.089]3D [-292.05063, -27.329443, 1382.9115;
 -300.08173, -71.437935, 1353.087;
 -277.49203, -67.206718, 1399.5065;
 -288.97382, -85.032867, 1370.6669;
 -6.9699044, 92.954384, 1158.975;
 -31.260664, 91.269806, 1141.3633;
 -14.665282, 44.932198, 1149.7693;
 -0.47709462, 54.048122, 1161.3365]temp: [-300.08173, -71.437935, 1353.087;
 -277.49203, -67.206718, 1399.5065;
 -288.97382, -85.032867, 1370.6669;
 -292.05063, -27.329443, 1382.9115]temp: [-31.260664, 91.269806, 1141.3633;
 -14.665282, 44.932198, 1149.7693;
 -0.47709462, 54.048122, 1161.3365;
 -6.9699044, 92.954384, 1158.975]3D [-292.08746, -27.331219, 1383.0134;
 -300.12027, -71.448761, 1353.1934;
 -277.53345, -67.226746, 1399.5908;
 -289.02432, -85.040291, 1370.7998;
 -7.0817637, 93.447701, 1159.7034;
 -31.23041, 91.508873, 1141.8323;
 -14.416995, 45.317604, 1150.8199;
 -0.37850139, 54.585167, 1162.274]temp: [-300.12027, -71.448761, 1353.1934;
 -277.53345, -67.226746, 1399.5908;
 -289.02432, -85.040291, 1370.7998;
 -292.08746, -27.331219, 1383.0134]temp: [-31.23041, 91.508873, 1141.8323;
 -14.416995, 45.317604, 1150.8199;
 -0.37850139, 54.585167, 1162.274;
 -7.0817637, 93.447701, 1159.7034]3D [-292.02176, -27.331417, 1382.9594;
 -300.02908, -71.456299, 1353.1176;
 -277.47269, -67.220261, 1399.6068;
 -288.91846, -85.042915, 1370.6644;
 -6.6147046, 93.275978, 1160.073;
 -30.734629, 91.186096, 1142.2094;
 -13.665258, 45.107796, 1151.2742;
 0.3186872, 54.457581, 1162.7694]temp: [-300.02908, -71.456299, 1353.1176;
 -277.47269, -67.220261, 1399.6068;
 -288.91846, -85.042915, 1370.6644;
 -292.02176, -27.331417, 1382.9594]temp: [-30.734629, 91.186096, 1142.2094;
 -13.665258, 45.107796, 1151.2742;
 0.3186872, 54.457581, 1162.7694;
 -6.6147046, 93.275978, 1160.073]3D [-292.03915, -27.32518, 1383.0309;
 -300.04892, -71.445847, 1353.2264;
 -277.47067, -67.20163, 1399.6278;
 -288.91946, -85.024986, 1370.7006;
 -6.6198606, 93.151489, 1159.6904;
 -30.881792, 91.078804, 1142.0409;
 -13.938014, 44.966003, 1151.1819;
 0.17897581, 54.313366, 1162.5922]temp: [-300.04892, -71.445847, 1353.2264;
 -277.47067, -67.20163, 1399.6278;
 -288.91946, -85.024986, 1370.7006;
 -292.03915, -27.32518, 1383.0309]temp: [-30.881792, 91.078804, 1142.0409;
 -13.938014, 44.966003, 1151.1819;
 0.17897581, 54.313366, 1162.5922;
 -6.6198606, 93.151489, 1159.6904]3D [-292.07208, -27.308401, 1383.0253;
 -300.07352, -71.423531, 1353.144;
 -277.4917, -67.192703, 1399.563;
 -288.96082, -85.020668, 1370.696;
 -6.5338368, 94.10321, 1159.6731;
 -30.659809, 91.711761, 1141.8167;
 -13.089679, 45.841301, 1151.0649;
 0.8247717, 55.368134, 1162.4694]temp: [-300.07352, -71.423531, 1353.144;
 -277.4917, -67.192703, 1399.563;
 -288.96082, -85.020668, 1370.696;
 -292.07208, -27.308401, 1383.0253]temp: [-30.659809, 91.711761, 1141.8167;
 -13.089679, 45.841301, 1151.0649;
 0.8247717, 55.368134, 1162.4694;
 -6.5338368, 94.10321, 1159.6731]3D [-6.297576, 93.90432, 1158.8217;
 -30.674572, 91.478706, 1141.4087;
 -12.710674, 45.649441, 1149.9099;
 1.3299919, 55.193871, 1161.3026]temp: [-30.674572, 91.478706, 1141.4087;
 -12.710674, 45.649441, 1149.9099;
 1.3299919, 55.193871, 1161.3026;
 -6.297576, 93.90432, 1158.8217]3D [-6.3744612, 93.445686, 1159.1278;
 -30.800037, 91.059891, 1141.7115;
 -13.021544, 45.201443, 1150.5616;
 1.093731, 54.723473, 1161.7653]temp: [-30.800037, 91.059891, 1141.7115;
 -13.021544, 45.201443, 1150.5616;
 1.093731, 54.723473, 1161.7653;
 -6.3744612, 93.445686, 1159.1278]3D [-6.4065304, 93.356857, 1159.0238;
 -30.913029, 90.92849, 1141.7416;
 -13.107771, 45.077206, 1150.5822;
 1.0425112, 54.635532, 1161.7385]temp: [-30.913029, 90.92849, 1141.7416;
 -13.107771, 45.077206, 1150.5822;
 1.0425112, 54.635532, 1161.7385;
 -6.4065304, 93.356857, 1159.0238]3D [-6.3075633, 93.63147, 1158.6903;
 -30.825777, 91.149117, 1141.4554;
 -12.868674, 45.348396, 1150.2209;
 1.270831, 54.941124, 1161.4268]temp: [-30.825777, 91.149117, 1141.4554;
 -12.868674, 45.348396, 1150.2209;
 1.270831, 54.941124, 1161.4268;
 -6.3075633, 93.63147, 1158.6903]3D [-6.3181219, 93.484512, 1158.4685;
 -30.896643, 91.063507, 1141.3356;
 -12.981113, 45.21909, 1149.9746;
 1.1983808, 54.777, 1161.1011]temp: [-30.896643, 91.063507, 1141.3356;
 -12.981113, 45.21909, 1149.9746;
 1.1983808, 54.777, 1161.1011;
 -6.3181219, 93.484512, 1158.4685]3D [-6.3549085, 93.238014, 1158.2441;
 -30.990582, 90.92054, 1141.2147;
 -13.251066, 45.013126, 1149.8517;
 1.001264, 54.492149, 1160.7115]temp: [-30.990582, 90.92054, 1141.2147;
 -13.251066, 45.013126, 1149.8517;
 1.001264, 54.492149, 1160.7115;
 -6.3549085, 93.238014, 1158.2441]3D [-6.245667, 93.249626, 1158.4449;
 -30.837948, 90.889175, 1141.3058;
 -13.047696, 45.008701, 1150.0521;
 1.1774098, 54.51757, 1161.0193]temp: [-30.837948, 90.889175, 1141.3058;
 -13.047696, 45.008701, 1150.0521;
 1.1774098, 54.51757, 1161.0193;
 -6.245667, 93.249626, 1158.4449]3D [-6.0662785, 92.942696, 1159.1299;
 -30.468227, 90.525505, 1141.6279;
 -12.758444, 44.656487, 1150.5245;
 1.3527423, 54.210766, 1161.8475]temp: [-30.468227, 90.525505, 1141.6279;
 -12.758444, 44.656487, 1150.5245;
 1.3527423, 54.210766, 1161.8475;
 -6.0662785, 92.942696, 1159.1299]3D [-6.5276713, 89.204315, 1159.0323;
 -31.341328, 87.820389, 1142.0411;
 -16.20822, 41.226692, 1151.8123;
 -1.3826789, 50.164886, 1162.5315]temp: [-31.341328, 87.820389, 1142.0411;
 -16.20822, 41.226692, 1151.8123;
 -1.3826789, 50.164886, 1162.5315;
 -6.5276713, 89.204315, 1159.0323]3D [-7.9031157, 86.065094, 1157.6504;
 -33.231792, 86.159576, 1141.3267;
 -21.037382, 38.782726, 1151.3771;
 -5.3129835, 46.815434, 1161.5857]temp: [-33.231792, 86.159576, 1141.3267;
 -21.037382, 38.782726, 1151.3771;
 -5.3129835, 46.815434, 1161.5857;
 -7.9031157, 86.065094, 1157.6504]3D [-8.523838, 84.917404, 1157.0812;
 -33.904991, 85.864616, 1140.7393;
 -22.825191, 38.060432, 1150.0903;
 -6.9216847, 45.559986, 1160.5109]temp: [-33.904991, 85.864616, 1140.7393;
 -22.825191, 38.060432, 1150.0903;
 -6.9216847, 45.559986, 1160.5109;
 -8.523838, 84.917404, 1157.0812]3D [-8.6431837, 84.345337, 1156.7795;
 -34.07357, 85.586632, 1140.6902;
 -23.465887, 37.653034, 1149.9041;
 -7.3865633, 44.968826, 1160.172]temp: [-34.07357, 85.586632, 1140.6902;
 -23.465887, 37.653034, 1149.9041;
 -7.3865633, 44.968826, 1160.172;
 -8.6431837, 84.345337, 1156.7795]3D [-8.5682125, 84.691788, 1157.0496;
 -33.941723, 85.850464, 1140.7068;
 -23.115271, 37.934284, 1149.9248;
 -7.1469164, 45.320316, 1160.2399]temp: [-33.941723, 85.850464, 1140.7068;
 -23.115271, 37.934284, 1149.9248;
 -7.1469164, 45.320316, 1160.2399;
 -8.5682125, 84.691788, 1157.0496]3D [-8.4330626, 85.291084, 1157.0558;
 -33.743111, 86.274223, 1140.6862;
 -22.539278, 38.434093, 1149.6941;
 -6.6607699, 45.901527, 1160.1305]temp: [-33.743111, 86.274223, 1140.6862;
 -22.539278, 38.434093, 1149.6941;
 -6.6607699, 45.901527, 1160.1305;
 -8.4330626, 85.291084, 1157.0558]3D [-8.4683561, 85.55275, 1157.0081;
 -33.766369, 86.518242, 1140.578;
 -22.422304, 38.680687, 1149.451;
 -6.5750818, 46.176136, 1159.8638]temp: [-33.766369, 86.518242, 1140.578;
 -22.422304, 38.680687, 1149.451;
 -6.5750818, 46.176136, 1159.8638;
 -8.4683561, 85.55275, 1157.0081]3D [-8.4024611, 85.723511, 1157.1527;
 -33.674721, 86.575195, 1140.5642;
 -22.173775, 38.793724, 1149.6178;
 -6.3495884, 46.344498, 1159.9335]temp: [-33.674721, 86.575195, 1140.5642;
 -22.173775, 38.793724, 1149.6178;
 -6.3495884, 46.344498, 1159.9335;
 -8.4024611, 85.723511, 1157.1527]3D [-8.1403465, 85.43898, 1157.2428;
 -33.4114, 86.145218, 1140.8254;
 -21.8109, 38.443993, 1150.0916;
 -6.0485706, 46.09824, 1160.4928]temp: [-33.4114, 86.145218, 1140.8254;
 -21.8109, 38.443993, 1150.0916;
 -6.0485706, 46.09824, 1160.4928;
 -8.1403465, 85.43898, 1157.2428]3D [-6.8802333, 83.948555, 1158.3324;
 -32.007267, 84.204834, 1141.5977;
 -20.008162, 36.731628, 1151.4521;
 -4.4058104, 44.657448, 1161.8502]temp: [-32.007267, 84.204834, 1141.5977;
 -20.008162, 36.731628, 1151.4521;
 -4.4058104, 44.657448, 1161.8502;
 -6.8802333, 83.948555, 1158.3324]3D [4.8283668, 66.565575, 1166.2213;
 -19.749294, 69.570869, 1149.0626;
 -13.319971, 21.076735, 1159.3812;
 2.8240824, 27.267183, 1169.9858]temp: [-19.749294, 69.570869, 1149.0626;
 -13.319971, 21.076735, 1159.3812;
 2.8240824, 27.267183, 1169.9858;
 4.8283668, 66.565575, 1166.2213]3D [7.9840298, 42.579121, 1177.943;
 -16.192852, 49.680309, 1161.1464;
 -16.252054, 0.34749547, 1169.0505;
 0.71895778, 3.7807932, 1179.8256]temp: [-16.192852, 49.680309, 1161.1464;
 -16.252054, 0.34749547, 1169.0505;
 0.71895778, 3.7807932, 1179.8256;
 7.9840298, 42.579121, 1177.943]3D [-15.91987, 33.331894, 1191.2136;
 -40.762859, 41.302341, 1175.7002;
 -40.143135, -8.4702139, 1180.4161;
 -22.73304, -5.6075931, 1190.4856]temp: [-40.762859, 41.302341, 1175.7002;
 -40.143135, -8.4702139, 1180.4161;
 -22.73304, -5.6075931, 1190.4856;
 -15.91987, 33.331894, 1191.2136]3D [-45.898499, 47.809719, 1205.0209;
 -71.123421, 56.753883, 1190.9393;
 -70.298332, 6.8263021, 1191.7817;
 -52.628811, 8.9925261, 1201.8691]temp: [-71.123421, 56.753883, 1190.9393;
 -70.298332, 6.8263021, 1191.7817;
 -52.628811, 8.9925261, 1201.8691;
 -45.898499, 47.809719, 1205.0209]3D [-58.92757, 62.840004, 1206.8291;
 -84.333717, 72.752029, 1194.0339;
 -85.106934, 22.826534, 1194.4161;
 -67.00016, 24.286943, 1203.4792]temp: [-84.333717, 72.752029, 1194.0339;
 -85.106934, 22.826534, 1194.4161;
 -67.00016, 24.286943, 1203.4792;
 -58.92757, 62.840004, 1206.8291]3D [-59.095829, 61.32045, 1206.6509;
 -84.494629, 71.569168, 1194.0918;
 -85.997498, 21.657194, 1194.6348;
 -67.799881, 22.906282, 1203.6638]temp: [-84.494629, 71.569168, 1194.0918;
 -85.997498, 21.657194, 1194.6348;
 -67.799881, 22.906282, 1203.6638;
 -59.095829, 61.32045, 1206.6509]3D [-59.144855, 61.122623, 1206.1691;
 -84.540054, 71.577782, 1193.8611;
 -86.13559, 21.664574, 1193.7111;
 -67.954735, 22.780542, 1202.7732]temp: [-84.540054, 71.577782, 1193.8611;
 -86.13559, 21.664574, 1193.7111;
 -67.954735, 22.780542, 1202.7732;
 -59.144855, 61.122623, 1206.1691]3D [-59.177029, 62.574947, 1205.0905;
 -84.798195, 72.765289, 1192.9437;
 -86.029861, 22.863377, 1193.1975;
 -67.71431, 24.119221, 1201.9346]temp: [-84.798195, 72.765289, 1192.9437;
 -86.029861, 22.863377, 1193.1975;
 -67.71431, 24.119221, 1201.9346;
 -59.177029, 62.574947, 1205.0905]3D [-58.423737, 63.682369, 1205.2703;
 -84.229362, 73.364708, 1193.1976;
 -84.411667, 23.426317, 1193.1884;
 -66.170334, 25.073503, 1202.2338]temp: [-84.229362, 73.364708, 1193.1976;
 -84.411667, 23.426317, 1193.1884;
 -66.170334, 25.073503, 1202.2338;
 -58.423737, 63.682369, 1205.2703]3D [-57.843678, 64.568703, 1205.6974;
 -83.699326, 73.807716, 1193.29;
 -83.10144, 23.884048, 1193.3629;
 -64.94931, 25.836548, 1202.5233]temp: [-83.699326, 73.807716, 1193.29;
 -83.10144, 23.884048, 1193.3629;
 -64.94931, 25.836548, 1202.5233;
 -57.843678, 64.568703, 1205.6974]3D [-57.78233, 64.821335, 1205.5825;
 -83.67952, 73.979233, 1193.1934;
 -82.952652, 24.065651, 1193.4596;
 -64.77298, 26.062775, 1202.4023]temp: [-83.67952, 73.979233, 1193.1934;
 -82.952652, 24.065651, 1193.4596;
 -64.77298, 26.062775, 1202.4023;
 -57.78233, 64.821335, 1205.5825]3D [-58.242481, 64.456963, 1204.8582;
 -84.183922, 73.928413, 1192.8789;
 -84.032631, 24.004721, 1193.0576;
 -65.730423, 25.795387, 1201.866]temp: [-84.183922, 73.928413, 1192.8789;
 -84.032631, 24.004721, 1193.0576;
 -65.730423, 25.795387, 1201.866;
 -58.242481, 64.456963, 1204.8582]3D [-58.449135, 64.367996, 1204.0426;
 -84.516197, 74.031326, 1192.5386;
 -84.581207, 24.104092, 1192.46;
 -66.140968, 25.761311, 1200.8163]temp: [-84.516197, 74.031326, 1192.5386;
 -84.581207, 24.104092, 1192.46;
 -66.140968, 25.761311, 1200.8163;
 -58.449135, 64.367996, 1204.0426]3D [-58.417534, 64.825447, 1203.7159;
 -84.498825, 74.474991, 1192.2389;
 -84.330818, 24.557144, 1191.6494;
 -65.922905, 26.192303, 1200.1274]temp: [-84.498825, 74.474991, 1192.2389;
 -84.330818, 24.557144, 1191.6494;
 -65.922905, 26.192303, 1200.1274;
 -58.417534, 64.825447, 1203.7159]3D [-58.137623, 65.704842, 1202.9393;
 -84.426918, 75.136307, 1191.7711;
 -83.795441, 25.233278, 1191.0178;
 -65.343056, 27.028763, 1199.5446]temp: [-84.426918, 75.136307, 1191.7711;
 -83.795441, 25.233278, 1191.0178;
 -65.343056, 27.028763, 1199.5446;
 -58.137623, 65.704842, 1202.9393]3D [-57.455864, 67.003326, 1202.7197;
 -84.042633, 75.775269, 1191.7338;
 -82.326317, 25.897217, 1191.3236;
 -63.796963, 28.148188, 1199.2858]temp: [-84.042633, 75.775269, 1191.7338;
 -82.326317, 25.897217, 1191.3236;
 -63.796963, 28.148188, 1199.2858;
 -57.455864, 67.003326, 1202.7197]3D [-55.152946, 70.123405, 1204.7815;
 -82.023735, 76.782852, 1193.0298;
 -77.021156, 27.14238, 1194.3347;
 -58.893883, 30.881788, 1202.865]temp: [-82.023735, 76.782852, 1193.0298;
 -77.021156, 27.14238, 1194.3347;
 -58.893883, 30.881788, 1202.865;
 -55.152946, 70.123405, 1204.7815]3D [-44.390255, 77.10083, 1209.7551;
 -71.751297, 76.119057, 1197.3334;
 -54.9417, 29.391151, 1202.6627;
 -38.537388, 38.068798, 1210.9735]temp: [-71.751297, 76.119057, 1197.3334;
 -54.9417, 29.391151, 1202.6627;
 -38.537388, 38.068798, 1210.9735;
 -44.390255, 77.10083, 1209.7551]3D [-12.410915, 61.395382, 1210.8959;
 -39.357147, 56.409626, 1198.4011;
 -17.494146, 12.371514, 1207.356;
 -2.252593, 23.391706, 1215.0619]temp: [-39.357147, 56.409626, 1198.4011;
 -17.494146, 12.371514, 1207.356;
 -2.252593, 23.391706, 1215.0619;
 -12.410915, 61.395382, 1210.8959]3D [76.425423, 31.264074, 1213.7773;
 51.760059, 22.019127, 1199.0929;
 76.929054, -18.239687, 1214.7343;
 89.930252, -4.8307228, 1222.8496]temp: [51.760059, 22.019127, 1199.0929;
 76.929054, -18.239687, 1214.7343;
 89.930252, -4.8307228, 1222.8496;
 76.425423, 31.264074, 1213.7773]3D [197.08749, 41.756073, 1324.1012;
 181.13831, 12.459612, 1097.0201;
 199.64461, -1.4389613, 1177.4801;
 206.08563, 23.60615, 1247.0278]