	[108.5704092856284, 82.86856887692674, 964.5382157792462]
	[108.6754292928649, 82.31934094251339, 966.7416838067627]
	[109.0314594204534, 84.59890850915386, 965.5475319030238]
	[107.5552830377434, 84.20581346319256, 967.9980707436305]
	[108.5792555996258, 84.30098790360034, 967.3587493650614]
	[109.1258014246396, 85.09159413987959, 966.2352761769082]
	[109.9326398330273, 84.87516510917752, 964.9005870934772]
	[108.9460275620421, 83.38202200147543, 967.201458230307]
	[110.0286501863935, 84.02185533097874, 965.5349406159642]
	[109.952436741734, 84.48642213415161, 965.2325507471394]
	[109.04746221192, 83.2068273603483, 967.1208621455265]
	[109.048484086354, 83.75492921978062, 966.6429568834416]
	[110.0410960710728, 85.03654971724249, 964.4973047055987]
	[109.3004750253808, 82.93386372112151, 967.0857891967828]
	[108.2497586908029, 83.36062601374361, 967.75647674895]
2
	[122.7200603618803, 75.01414311093839, 963.3594689656835]
	[122.7200603618803, 75.01414311093839, 963.3594689656835]
	[122.0785907287031, 75.85272328585569, 962.8876645179421]
	[122.9239553758164, 74.8742895768702, 963.6034188503959]
	[123.3377902853479, 75.28736400449932, 962.6191616681446]
	[123.1595386916315, 75.35730720069293, 962.751360093284]
	[123.3674554548598, 75.31143752500662, 962.7211152533994]
	[122.8831277792784, 75.86954772887982, 962.4679733697556]
	[123.5751292729966, 75.86489648087245, 962.0896779403531]
	[123.5938602574713, 74.59690615931456, 963.7258421420537]
	[123.8788575797026, 75.79824325949738, 962.0265454480291]
	[123.2503790427166, 74.11668619764372, 964.6823211183789]
	[123.9736846026573, 73.27700581713698, 965.3654750047981]
	[124.2046928392834, 74.60832354620719, 963.5082186225754]
	[124.2245931101694, 75.37060036589094, 962.3883490148419]
	[124.1355063929718, 77.36547994111675, 959.73736304098]
	[124.1769845734395, 74.73758741435154, 963.3946125233053]
3
	[119.4248355266421, 93.30345274814545, 965.3785154770367]
	[119.4248355266421, 93.30345274814545, 965.3785154770367]
	[119.2609717633625, 95.59776248831476, 963.7793982780763]
	[119.9743686773348, 94.62658852548935, 964.013040232275]
	[119.0788240517819, 94.24180854496609, 965.3056240632122]
	[119.8740852766704, 95.41907293791309, 963.3771373910041]
	[120.2437130126075, 94.39379377986812, 963.801272195431]
	[118.7201923250922, 94.15856330758437, 965.7205302856064]
	[119.6349056808412, 93.95032614663575, 964.9228346251405]
	[120.2820346398874, 94.65108995782118, 963.6720290811882]
	[119.122732235818, 94.71894252011241, 964.8780177800414]
	[119.8377454923807, 95.87665885118507, 963.3174823005941]
	[119.8339350155258, 93.84148468608549, 965.1324451295873]
	[119.6506013692021, 94.73415019707866, 964.5530289652273]
	[120.1296708103323, 95.7196525488209, 963.0680156312362]
	[120.0091360766684, 95.03283617748825, 963.9473326454447]
	[119.8009071044444, 94.05555109721632, 965.1968587202082]
	[119.4293020989901, 94.06323977989221, 965.4942605189379]
	[119.638876859095, 95.02644674571604, 964.7402555252118]
4
	[136.3175109185275, 69.09100431856827, 962.5536984367587]
	[135.2197132526298, 67.16606235812429, 965.3730065707337]
	[136.4413269875347, 67.9362160148828, 964.0061108260696]
	[136.2118344882423, 66.83236806623518, 964.5415441789131]
	[136.2179903595032, 68.46271432148211, 963.3982730768616]
	[135.9708705996518, 67.65683077509286, 964.1964419462879]
	[135.9697901435247, 66.83605493064358, 964.8372920410394]
	[136.1270233830621, 67.87251683083302, 963.8972391278501]
	[136.7654008294869, 68.88065699516584, 962.62522238315]
	[135.7434321044215, 67.67368152355502, 964.5558166535282]
5
	[126.6945289382134, 105.3335281530281, 965.0104797893341]
	[127.2099715180218, 106.6389037428726, 962.737709618184]
	[125.9077215599809, 107.6906266032718, 962.956805773359]
	[122.1184470797575, 109.1585081964442, 967.0123678538305]
	[127.2373699226196, 106.0430767914489, 963.9151060476172]
	[128.6667603438906, 105.8569295623756, 962.5327842370231]
	[127.8014930055425, 105.2069939885447, 964.2762203685803]
	[126.8952012040119, 108.1389970859898, 961.9840980425597]
	[123.911205593377, 109.8784643648664, 964.1269765637603]
	[122.1951632627634, 108.4569824471975, 967.3873133072937]
	[124.1139059596158, 109.3810871804241, 964.1165729179588]
	[126.1687383686372, 107.894524670614, 965.0752692083241]
	[126.0306997226087, 107.0751567628326, 964.0669507201784]
	[126.2801039946254, 107.7673583854868, 963.3669500101598]
6
	[145.3165533786869, 56.57615370812366, 962.3238717882025]
	[146.1007985873989, 58.30186120746623, 959.42002820067]
	[146.0949873723656, 57.87137589830405, 959.607816771392]
	[145.8274783700241, 58.34171360626956, 959.0796305930746]
	[144.9395082091057, 58.09351440697407, 961.7114210589613]
	[145.6152503175453, 56.9253273751516, 962.4205997379505]
	[145.9566984364281, 58.01231678472567, 959.3831707150745]
	[145.4462595938396, 58.15329292801039, 960.6677349461572]
	[146.0986666003559, 57.99612648566065, 959.2683334748327]
	[133.5660430428755, 118.2383678083609, 957.858158684665]
	[132.4923801203986, 117.8163231485277, 960.5384879574121]
	[133.3878824247539, 117.379729591934, 959.2878922240313]
	[133.5376471108101, 118.3818142178653, 957.1983915086086]
	[132.7247517512297, 117.8568832315611, 959.9463440329882]
	[133.0623168469623, 118.2962276080539, 958.2362015773678]
	[133.2669068373032, 116.8503318858253, 960.4903714593682]
	[134.0565348160931, 118.8802293643934, 955.0023114038961]
	[133.2435016220845, 116.9821743061212, 960.0755899821581]
	[157.4896182086705, 50.30779701110184, 960.7853845969022]
	[158.8607530969163, 49.653713305571, 959.340688306769]
	[157.4147821366047, 49.26186825891203, 962.9783277157368]
	[157.4431340291146, 49.39277568063602, 962.8934801801799]
	[157.8279367724732, 50.10437397354845, 961.1165332725823]
	[159.2072706519949, 50.18745057394088, 957.6846277925054]
	[157.9843441610606, 50.43537279047575, 960.3174649423107]
	[157.5642770684653, 49.97992536574341, 961.7478534794361]
	[157.2237121829878, 48.98969986379333, 963.9660418383122]
	[139.3078440925395, 127.3265852702009, 965.417710577228]
	[140.820171950736, 129.2386239623704, 959.601135654652]
	[139.9604379824711, 128.3813402782956, 962.4752032329254]
	[140.8051869515784, 129.0463937424271, 959.7270685131723]
	[141.2864807077819, 129.1531733170642, 958.6247439955976]
	[141.0728005684501, 129.5413033021759, 958.0427171878566]
	[140.8255278025201, 130.2422088766654, 957.1811684198036]
	[141.0390454600261, 129.9622595084101, 957.3135444270439]
	[140.4068074191026, 128.3763934380084, 961.5271425969765]
	[170.5605801657524, 42.44657938621347, 956.5911741239687]
	[169.5468017960286, 41.37866344672338, 961.0122724390728]
	[170.1377972277, 42.06146039222369, 958.3158603218271]
	[169.5754296395954, 41.27203896056812, 961.1945220338811]
	[169.2869689072282, 42.93179464773453, 958.7197934783779]
	[169.2848570338123, 42.90194430242823, 958.9325983247446]
	[169.6308668736071, 41.40408330271116, 960.8865951182278]
	[169.4962699361803, 41.77956604287185, 960.5491889554048]
	[169.4093207731542, 42.49741214312969, 959.5230842555525]
	[169.4841518210584, 42.12055116074723, 959.9181011426356]
	[169.5246212641217, 41.70677984657149, 960.6442382901874]
	[148.4610904462249, 140.3017785939307, 958.8760940383328]
	[148.6858659207994, 138.5576090255684, 962.3507234391373]
	[147.8714262953058, 140.4424057586028, 959.2927876223423]
	[147.8397987686554, 139.3369244464952, 962.3999236944784]
	[148.7387925028205, 139.9383326887331, 958.5786068580353]
	[148.2492811763321, 139.5191796986506, 961.0543361469482]
	[147.2191893904014, 141.1229868288146, 959.1111721762794]
	[147.5472172753882, 140.3689636018956, 960.3654190825473]
	[148.438890731036, 140.2801116470467, 958.4022972407397]
	[147.7270191291601, 140.4818852852996, 959.5783514347058]
	[182.2075677050876, 32.64445864083837, 961.4841386210918]
	[181.4702355057969, 32.71619577812685, 962.9341551404862]
	[181.3022604881929, 33.00506428897515, 962.7610704603019]
	[181.8207543605246, 33.60310098996871, 960.481893916309]
	[181.4066157733801, 33.1479257423899, 962.3310326200019]
	[181.4559145311948, 32.65580417420611, 962.9952854711582]
	[182.2159362861865, 34.08285261731899, 958.3877377239791]
	[182.5451841975905, 32.88055773085055, 959.840551230537]
	[181.5093596840617, 33.48555615581708, 961.3900247174897]
	[181.338354038351, 33.67545873049426, 961.6150965185749]
	[181.7529547858061, 33.77206111449809, 960.5555707288243]
	[181.3097719535957, 34.02278780648268, 961.1106018442454]
	[182.3987776955121, 33.51722023420911, 959.3697548691465]
	[182.1989191067318, 34.14913427325085, 958.4293909580866]
	[156.9520282456788, 149.7622251638612, 962.7240067965357]
	[157.0085351609619, 149.399931681104, 963.809180796096]
	[156.0910243155705, 151.1194278497312, 961.6501069294035]
	[155.5608257347414, 152.348781931142, 959.9393204199414]
	[155.9731641378743, 152.1407387589049, 959.477825404193]
	[155.2280240050349, 152.3993956949766, 960.3043818381313]
	[156.4468297905215, 152.3224298062394, 958.2344809839153]
	[155.9804528409473, 152.4944832478837, 958.6864965821379]
	[155.6183790818731, 152.9844956588433, 958.2490595506372]
	[156.1799572001366, 151.9746627805105, 959.5497358415082]
	[156.0464898034176, 152.1805026175675, 959.40790298735]
	[155.779520928163, 152.1210464001242, 960.066716125699]
	[155.56019667985, 152.4093373722045, 959.7206209825798]
	[194.5163048087404, 27.00687877905402, 956.2062303342899]
	[194.0332588881818, 26.31384559284581, 958.4712513122761]
	[193.7027222499312, 25.31515025649912, 961.0182367438576]
	[193.6470084480835, 24.32553235590022, 962.7508705344928]
	[193.9120151134813, 25.70160680088736, 959.998238097329]
	[193.8305838693097, 25.33481294017378, 960.6758726146991]
	[193.4700998386371, 25.00831698992187, 962.1237316978891]
	[193.493340347876, 25.79536649457989, 960.733259580962]
	[194.2840139679494, 26.56408364437763, 957.5597332402963]
	[193.7348310896909, 25.53951100796115, 960.6430991145736]
	[193.6778796007953, 25.52993736826083, 960.9674636956395]
	[192.8733030478177, 24.44142175034867, 964.2165114635941]
	[164.8798857725272, 165.1417384415112, 953.8460969725512]
	[164.3525835210073, 165.3670700734625, 954.2631389459199]
	[163.3051115349678, 164.7277684362607, 957.8722887536911]
	[163.8762928284225, 165.0740442455557, 955.8937868192055]
	[164.4487475578562, 164.6454477300773, 955.7791928569254]
	[163.9087747610072, 164.6697213080258, 956.9739063164328]
	[164.7172789570134, 164.575000161226, 955.4753535771966]
	[164.8358205343533, 164.7592551615111, 954.7849849086797]
	[164.4221227815602, 164.7668647873284, 955.7083439359267]
	[164.7803399010722, 164.4879891984764, 955.5813153959338]
	[164.7493218727609, 165.2230322577586, 953.8782308379898]
	[163.8923927599319, 164.8083760415836, 956.5021199352932]
	[205.7847464735758, 18.87403892907618, 956.9162442804842]
	[205.8873700953025, 18.4172531678952, 957.6469726421344]
	[205.9676218636678, 18.5167063745793, 957.3171944346523]
	[205.9846849853948, 18.19246845025337, 957.8245002174208]
	[206.254965164331, 18.93491295071924, 955.8492124787639]
	[204.9413109372421, 19.53727474967002, 958.1523797754494]
	[205.8101093598853, 18.42664967933902, 958.0494861297909]
	[205.9035099995518, 16.82274801593883, 960.5383183243754]
	[205.2296944875317, 16.59326751182095, 962.5888996433214]
	[205.7312321109544, 18.12662314008504, 958.6854180869417]
	[205.9383779434459, 18.217872448414, 957.8741322983708]
	[205.7955560680143, 18.75643392066799, 957.4232102864494]
	[170.710629127154, 176.1217054180661, 958.8134430138853]
	[170.9999437128335, 176.4816154612917, 957.2601520746917]
	[171.1487061282432, 176.9028833913479, 955.7114223061353]
	[171.2324952953043, 177.3122510255499, 954.4600890930188]
	[171.233054547499, 177.1669776382261, 954.834792630991]
	[171.0976600798752, 176.8602811329974, 955.92887795205]
	[170.959390066809, 176.8036543854668, 956.3814003537892]
	[171.3483169165729, 177.3116438432656, 954.178831201781]
	[171.400921637683, 177.5912650994716, 953.241093918238]
	[171.334952261205, 177.4468694340904, 953.7362187515243]
	[171.2640937125713, 176.9243973232072, 955.2266651771872]
	[171.0568353585328, 176.6800898070379, 956.3121490654411]
	[171.2442295082134, 177.449744512271, 953.7243341389307]
	[171.5203353128477, 177.4256745049123, 953.3713528625287]
	[216.7370310204093, 11.21552297709619, 959.993889455591]
	[216.7637709232608, 10.70557643233779, 960.745660823102]
	[217.621740043526, 12.15790471668838, 956.126822100338]
	[217.3843073572619, 11.31971546393697, 958.2248933258738]
	[217.2467771750091, 10.4533596746972, 959.960130171692]
	[217.3398745673645, 11.34918746399747, 958.0665536271857]
	[218.3062127852554, 11.92235458338567, 954.6592688485752]
	[217.5265680833003, 10.62321027238582, 959.0061113433138]
	[218.0856347883596, 12.29322751407733, 954.6621965294851]
	[217.6838102862732, 11.72331996783238, 956.6041049118376]
	[217.833025386071, 11.51946900208539, 956.458822527664]
	[177.7744080696208, 189.4055468347811, 953.8996271725324]
	[177.7622991312442, 188.8774400476272, 956.0343381361396]
	[177.310576854763, 189.4626475738406, 954.7929782101511]
	[177.609711751434, 189.3904579482518, 954.371801472776]
	[178.0564963743195, 188.231040113938, 957.5609885484183]
	[177.7609862251963, 188.9627325952731, 955.2032381995036]
	[177.7121404901293, 188.8432053157663, 955.9048190090057]
	[178.1914706326465, 189.1257123428255, 953.6176756247669]
	[177.9711460917075, 189.0968840268412, 954.2781319331789]
	[178.1107652172239, 189.1236549954697, 953.7066196943417]
	[177.3600167552248, 188.9098698820532, 956.6536746718184]
	[177.8509469628008, 189.0779228840464, 954.6963481785064]
	[177.6994455764194, 189.2219859148383, 954.6246274058343]
	[177.7787541988149, 188.7066423581599, 956.3593524556176]
	[178.1370153601289, 188.9612380286922, 954.2830362742319]
	[178.2399879159514, 188.9139654562088, 954.2880148382491]
	[177.6493901665859, 189.4743754096491, 953.9169121847976]
	[178.054670080762, 189.0524427544981, 954.1075313669609]
	[177.5625202205599, 189.2303518577426, 954.9529087483744]
	[177.3398004600273, 189.2720944672198, 955.0826402438666]
	[177.3081548145933, 187.91852982765, 959.9415112846604]
	[177.528193540404, 189.0048254439425, 956.1269052111131]
	[152.2929059731563, 92.41056222511446, 957.3622671164064]
	[153.0446647015569, 91.59827452838144, 957.9620073431347]
	[153.2805341102394, 91.21736247320243, 958.3015638596737]
	[153.3447659025784, 90.93304015232202, 958.8458167535046]
	[153.4607150597269, 91.42631544574849, 957.7349873903452]
	[152.7186835378006, 91.33088414125959, 959.3153372618712]
	[153.4437672009498, 91.98846225817567, 956.2279722336737]
	[153.4864834918095, 91.88188471460779, 956.2299119530775]
	[153.3765436206427, 91.81645818931973, 956.8874934483579]
	[153.3892791089348, 92.07477265430568, 956.2308605468701]
	[154.0248229362864, 92.35796380641516, 954.2066444743443]
	[153.9161582532632, 91.00071287266522, 957.5381660311834]
	[153.7929500421201, 91.24590509534596, 957.2564031323989]
	[152.7982564626396, 91.04267392454945, 959.6162689674675]
	[153.952768522076, 91.0069907093674, 957.5525088632104]
	[153.3509915811222, 90.41710046158241, 960.0093076560756]
	[153.2827161493818, 91.96847310952202, 956.5767682375197]
	[152.8304475191592, 91.4662219355957, 958.9073430578469]
	[154.1371959441405, 91.74572162368599, 955.4276400425435]
	[153.9492836561855, 92.0895970685367, 955.0008990969901]
	[153.5836044306047, 91.14679123528737, 958.0546267748044]
	[153.4473766163947, 91.00041449598736, 958.6227122693061]
	[153.7821764325845, 91.6780562986994, 956.2544299357769]
	[212.6979176871066, 34.97940461210024, 956.877057966864]
	[212.672094001611, 34.84712754496607, 955.752133378082]
	[212.2461749885868, 33.38203154528168, 959.5864683415127]
	[212.4116801688183, 34.37129577410433, 957.7584780405574]
	[212.7439523631305, 34.13787750542085, 957.3084203950993]
	[212.8855419955314, 34.16924688823784, 956.9056484177117]
	[212.4894016804613, 34.48076490181914, 957.3676748536026]
	[212.4296371515489, 34.01788379091226, 958.331842314298]
	[212.8749868795855, 34.42291497582394, 956.4815329260998]
	[213.0212617830138, 34.13939851443588, 956.4837759143738]
	[212.9526948658772, 34.38806399966442, 956.307003890005]
	[212.6539175777211, 33.4822327632963, 958.5719398357344]
	[212.6605387416595, 33.48707486451539, 958.4570776975622]
	[212.9880576809954, 33.91663129471026, 957.0058278054497]
	[212.6408704696835, 33.57289412888271, 958.3083313793007]
	[212.7530524152657, 34.21285988312661, 957.0577897777855]
	[213.096958492287, 34.52592017031073, 955.821706827298]
	[212.71070400994, 34.53808387711584, 956.8384933685321]
	[206.2263755800645, 56.16283546035744, 961.5368408979396]
	[207.338165163416, 56.28657947821407, 958.4599037977517]
	[207.8166568141934, 56.47208199806931, 956.9353612644735]
	[208.106106120305, 56.41874925619304, 956.3690062115511]
	[208.387145342982, 56.69686003863156, 955.2313574960655]
	[208.6136679490214, 57.02624205595158, 954.2350909017338]
	[207.4527334169232, 56.23708186597034, 958.3141083506572]
	[207.1545978889366, 56.07310330551984, 959.2260441589685]
	[208.0216624634414, 56.16224664430489, 956.9266298535663]
	[207.4812705366501, 55.99981662232835, 958.5956152515129]
	[208.1840816438453, 56.71494898275662, 955.8355883254035]
	[208.1909256424876, 56.29511912162907, 956.3612391990761]
	[208.0892926151727, 56.73239456591141, 956.0815650368972]
	[208.0038518489822, 56.88632956081921, 955.920201926388]
	[208.4505126270598, 57.2270942333605, 954.4157598310672]
	[203.7602912134819, 79.40372537876756, 952.714125322937]
	[202.2483996756321, 78.34945436484711, 958.3173062474812]
	[203.6101070374385, 78.7495390355558, 954.1485902613409]
	[202.5462611211051, 78.14272486722363, 958.1131729652459]
	[203.1778730972959, 78.49124301369326, 956.0034827225813]
	[202.5659457459496, 78.44593181855811, 957.5657425843839]
	[203.2209088235166, 77.96640106855045, 956.7540254782612]
	[202.8433995807817, 77.78280578283571, 958.1329154880639]
	[202.6187858589334, 78.70575248956843, 957.2023284937117]
	[203.8259626250364, 79.18629755761518, 953.179342848299]
	[203.9631472186387, 79.13373963124462, 953.0341490072693]
	[202.8957991612058, 78.00249927594649, 957.7057313238759]
	[203.9898348908094, 79.20428853237912, 952.8053198396769]
	[203.1056173860664, 78.33019649512634, 956.6097639863701]
	[204.0686273495983, 79.01958943336147, 952.910162586773]
	[198.2913257833095, 101.0595253898148, 956.1142534908761]
	[198.8991955089973, 100.8793592692935, 954.7955184652858]
	[197.8302928341649, 100.5906647100258, 957.8738485518923]
	[198.3063216062781, 100.9354928522379, 956.2041547435767]
	[198.5549590453264, 100.6008698254678, 956.141025673214]
	[198.5808986859521, 100.6653034648915, 955.9422472105226]
	[198.0767491166699, 100.9383569837219, 956.7428278769851]
	[198.1906290317174, 100.1631782624428, 957.75582042019]
	[197.9844883086327, 100.8918974761075, 957.2122247479628]
	[198.2776372297179, 100.6795975608068, 956.6440765821641]
	[198.5068746717782, 100.5563351813644, 956.30718467861]
	[197.7898119370248, 100.5255026946123, 958.2124931251933]
	[192.6453866944946, 123.52442092653, 956.2011239374967]
	[193.8084083644218, 122.9325806579517, 954.1495823731989]
	[193.7803766985227, 123.1825637301534, 953.7440530438101]
	[193.4873098446212, 122.8427373631819, 955.4141888981262]
	[192.991135219512, 123.2383935525656, 955.9247482540085]
	[193.771497022843, 123.2065896327713, 953.9179657181628]
	[193.6151579061431, 123.3762937359074, 954.2078455352899]
	[192.6232492009306, 123.3725380490426, 956.7118101041476]
	[192.8133065216373, 123.384395697853, 956.1602447765151]
	[193.5615175199447, 123.1589302127297, 954.6400785930136]
	[193.2881891233762, 123.39499422131, 954.8330165784855]
	[193.1635763290146, 123.4961957965015, 954.9717271468543]
	[193.3282709231212, 123.8525152588404, 953.9001846150053]
	[192.6981303725908, 122.9168192122563, 957.1023081363019]
	[193.0780328150185, 122.6986427556813, 956.9683420874186]
	[187.9776172960658, 145.0764063639193, 955.7589873422885]
	[188.0452191896985, 144.6587632624253, 956.9327345857446]
	[188.1673657880765, 143.1082578607626, 959.8265349968484]
	[188.9580186854105, 146.083971426393, 950.9896167563743]
	[189.3441592043768, 146.1543459177996, 949.6468473330784]
	[188.3443510960139, 144.7124768384719, 955.8953601957585]
	[188.3854630708269, 146.2804171003486, 951.9557267665591]
	[188.849455306415, 144.6518227988454, 954.7125284308222]
	[188.2107987618635, 144.7385068600902, 956.2354670628447]
	[188.1717354552646, 144.656727976549, 956.4898069130453]
	[188.6556869435964, 145.6484516410987, 952.8499668166423]
	[187.7491999232801, 144.4971250000879, 958.0902367554513]
	[187.9225441111292, 143.2731096377892, 960.1739703467564]
	[182.6375947305327, 166.541677015517, 958.218974499478]
	[184.5992491324913, 166.8112418037375, 953.0020980373289]
	[184.3458888599423, 165.0215914996852, 958.2629789372353]
	[184.5644542615863, 165.274709617798, 957.2359642052846]
	[184.0589093351805, 166.2810068239821, 956.0804772616286]
	[183.7243551491998, 166.3730509188139, 956.5489785302648]
	[184.7716182273648, 165.8324311675883, 955.7329890300651]
	[184.33204022851, 166.6404059342267, 954.625954886787]
	[184.7476497208067, 166.6501006316313, 953.3917120332191]
	[184.954363291868, 165.9237420284701, 954.7580751023223]
	[185.0692651055487, 165.1655511362666, 956.483679376965]
	[184.8407706577106, 166.0565220050032, 954.6889213454202]
	[185.0612976695044, 165.6663827837859, 955.381447413668]
	[185.1600508412232, 165.919768082548, 954.1665857229395]
	[184.8978787963443, 166.0522653050687, 954.5399718467553]
	[184.1356731417396, 166.6636126387602, 954.5769683329596]
	[184.7895798934023, 167.4120258571074, 950.937851624686]
	[184.1655289520132, 167.3470463257343, 952.79610921649]
	[184.2067504475103, 166.9109685763046, 953.7754451747678]
	[184.5404885776049, 167.3091920707441, 952.2088548000322]
	[184.5333254578503, 166.9406521487161, 953.2084377287758]
	[184.4227379764586, 167.1880385070418, 952.9030269200356]
	[235.0433677658575, 39.28359305390187, 948.7970955402525]
	[236.2738342023588, 38.27369366181667, 946.5175821478667]
	[236.2482486819482, 39.71936726906785, 944.2222441835436]
	[235.4888725132318, 39.28561320694966, 947.6436552160121]
	[235.7808676758087, 38.17999318389221, 948.4996657526275]
	[236.2499780011986, 38.6790383086451, 946.0168426115713]
	[236.4952980900951, 38.32573193018956, 945.8700574169911]
	[235.5204190204938, 38.29430056676779, 949.0782978467363]
	[235.8029800174408, 37.96035499001165, 948.6774076420008]
	[235.6415219812708, 38.38264646031024, 948.5368766609179]
	[236.0632126754547, 39.23123059563734, 945.7227039747382]
	[236.4578049462765, 38.92045641843291, 945.1460973084515]
	[236.4679437105139, 38.74414777923252, 945.2881090260897]
	[236.5685940307683, 38.57026738874421, 945.2074127107262]
	[236.0760160951618, 39.65180604342811, 944.9381505389172]
	[235.6598834887357, 37.87028166350021, 949.2569132957551]
	[235.8461764005959, 39.22133380670475, 946.4734736744617]
	[237.199968830355, 67.32832950442616, 944.2379440650697]
	[236.6797943663898, 66.79494252525038, 946.5644490862048]
	[237.3853462952959, 68.39450426778804, 941.7262102336081]
	[236.4945855809854, 66.97845443796713, 946.8087133226403]
	[236.6395178316929, 67.26430262185937, 946.048255009235]
	[237.1270953904082, 66.97926810328005, 944.8844205734175]
	[236.8760819714266, 66.60203524587651, 946.2291062924839]
	[236.5772480977093, 66.9717872865856, 946.7037923238613]
	[236.7004956245312, 67.15447974247192, 945.9283805295233]
	[236.7226864097566, 67.16005823094454, 945.9524332868963]
	[237.1836368365762, 67.6959436617713, 943.7216998410403]
	[237.2086990904916, 67.22871638545941, 944.2039887123169]
	[237.0994583542783, 67.42459371142725, 944.3631426457783]
	[236.977256469024, 66.98862498596748, 945.445182061746]
	[237.0215708767612, 66.87448466309364, 945.357868225188]
	[236.8562705013813, 67.36298169195709, 945.0783084612704]
	[225.5630399708276, 85.81936719645873, 945.6669518795734]
	[225.982080431439, 85.88190647460982, 944.2155399137367]
	[225.8301003323631, 86.07735029239565, 944.1032675246809]
	[225.3998932051051, 85.37674378340741, 946.6667579886654]
	[226.2642743166021, 86.2792056668959, 942.4745760955309]
	[225.4783803642425, 86.0854735629037, 945.3315921930434]
	[225.6554963858406, 85.62734574763329, 945.5972350625738]
	[225.6150596610338, 86.2501679293609, 944.6725386679304]
	[226.1117635982071, 85.74866491352743, 943.6981784012987]
	[225.8096330831911, 85.31110036541881, 945.5703596905994]
	[225.9753695415264, 85.27888925953357, 945.0065971917173]
	[226.4669719794191, 86.07015194033762, 941.9950111592896]
	[225.7567393442406, 85.90131395336215, 944.4341588499894]
	[226.5800877426894, 85.8330130750996, 941.9616564458689]
	[226.4098316031841, 85.9949274068148, 942.2231084297017]
	[227.629238903511, 107.1160368346697, 937.688835371936]
	[228.2500753281509, 107.0958832191854, 935.5709189032852]
	[227.7186385781874, 106.4314239111072, 938.6328998574509]
	[227.6568192925884, 106.3511483586295, 939.1766634431422]
	[227.6044825973181, 106.2638726392824, 939.4775510102021]
	[228.1249965318075, 106.6913851749412, 936.8813377055751]
	[228.0425457094233, 106.9321303893089, 936.4812329661934]
	[228.4101620350866, 106.8949768479555, 935.2082724758548]
	[228.3500872508963, 106.893980690272, 935.539615770513]
	[227.7945228750239, 105.8959558731566, 939.5283543823479]
	[227.7759522900148, 106.53643570181, 938.1850896846707]
	[227.8932548645159, 106.4719674063649, 937.9065629269378]
	[227.8287644735668, 106.3918324946638, 938.5218915005285]
	[227.6018653675027, 106.4277667761382, 939.1670540942034]
	[228.2937066950685, 106.7685037239199, 935.8034934632461]
	[228.1435995775972, 106.6000472915754, 936.9090224008266]
	[227.8171578462273, 106.6967270648889, 937.9056361042044]
	[228.1416944264396, 106.8926304536619, 936.1764280164704]
	[227.6757262510871, 106.4004687025775, 938.9593565156072]
	[216.6056958920214, 123.5578424406568, 940.52630145023]
	[216.7536210719326, 124.0314669038621, 939.6522209103142]
	[217.1742612923161, 124.4174285692892, 937.4901865602819]
	[216.9091996988979, 124.7253960393379, 937.3688233861179]
	[217.1401761724761, 124.4585526591382, 937.0090420400394]
	[217.037754204769, 123.203659269941, 940.452610803364]
	[217.0233841436592, 124.5971920062119, 937.1768980515996]
	[216.8979236002488, 124.4084591190849, 938.0890853229048]
	[217.042383951383, 124.4603612884207, 937.2892530851892]
	[216.8832326417274, 124.5372050390317, 937.8060690451148]
	[216.9579934093542, 124.4613692717014, 937.675802712082]
	[217.0266710790031, 124.1812001977372, 938.1838420339517]
	[217.1052662129734, 124.3188160259238, 937.6470175706712]
	[217.0413732677862, 124.0017703934552, 938.8495403910779]
	[216.9295506394102, 123.8983024344829, 939.5040144858179]
	[216.9525917865369, 124.2713769036836, 938.333943342264]
	[216.9583118018122, 124.9556214851283, 936.3751345467407]
	[216.9304552936022, 124.6468052079032, 937.4575262012254]
	[218.9230416284337, 149.501497520964, 937.3723196806192]
	[218.7868519568976, 149.1166720301572, 937.8634823358705]
	[218.2445591831435, 148.8429580580338, 940.6284922760543]
	[219.1499743821654, 149.1063193307154, 937.0409287112687]
	[218.2059356727064, 148.9239330173041, 940.1460963620058]
	[218.5014896736038, 148.6225236451823, 940.1669074276252]
	[218.6499802002926, 148.9263248316845, 939.0126942056481]
	[218.8884374232758, 149.5251816746142, 937.1422117238934]
	[219.0064700310469, 149.4336317300485, 936.7900271159841]
	[219.1956097252542, 149.4742901897648, 936.1330640805737]
	[218.278741451355, 148.3075250564617, 941.4742881074582]
	[218.4309458590593, 149.0636363783945, 939.3461302775356]
	[218.6038569091311, 149.3911383786783, 938.0304546598638]
	[218.4020508807823, 148.9414722682537, 939.6648394032179]
	[218.3745511674389, 149.1211780998269, 939.2476129683588]
	[218.7668532142386, 149.6789895125536, 936.746929415729]
	[219.0519320583021, 149.2682109801643, 937.0663407160171]
	[219.3892941656355, 149.5672693907169, 935.4711559859014]
	[219.3471143655187, 149.4391494073423, 935.8145184687809]
	[208.6426748025952, 169.2690076844857, 938.4389243906252]
	[208.2740794405688, 169.2826080886248, 938.22783426985]
	[208.1329813553669, 168.8722031966897, 940.2375272045281]
	[207.4953314423905, 169.256297266636, 940.7281685153895]
	[208.0412669473019, 169.5774039383239, 939.3559719261602]
	[208.6702663761141, 168.7905352312881, 939.2070288277106]
	[208.0837607090898, 169.3462366263157, 939.3918668448047]
	[208.9459155198495, 169.7114818452558, 937.8856866707171]
	[208.3973204510228, 169.9943679201071, 937.8266756461708]
	[208.178009383153, 167.9214509047301, 942.4331871948367]
	[208.830688933073, 169.4845118899223, 937.900962303932]
	[207.9618908736506, 168.1177096792032, 942.3492200624532]
	[208.6137515354659, 169.4743061457539, 938.3751473401467]
	[208.9222914813804, 168.1878536470674, 940.4075002811645]
	[208.1755850163462, 168.864889590137, 940.4155428701688]
	[208.3730146398033, 168.758850392115, 940.315035421872]
	[207.9761419980143, 169.9346847481435, 938.9360285464223]
	[207.7447328695582, 169.5377623711771, 939.8629444520188]
	[207.8452704239667, 169.836033210629, 939.0639625403151]
	[207.4529588857747, 169.2640012729109, 941.0239297336591]
	[207.5311004887016, 171.5561301618422, 935.7465986416798]
	[250.2233162548481, 62.77861704890116, 919.7752656869675]
	[250.6608151715608, 62.88952725455926, 917.3914728908444]
	[250.6002770412839, 62.93110085613473, 917.3912455131272]
	[250.4989564124973, 63.47968126959285, 916.8437986083354]
	[250.4333654776874, 63.14570110386281, 918.0738431903474]
	[250.643711181273, 62.29770966481833, 918.5840277286776]
	[250.6566596820299, 63.29356604196311, 916.399892725137]
	[250.6176080660195, 63.25180457128878, 916.7047244090232]
	[250.666788548533, 63.46949845783434, 915.9725108662154]
	[250.7029131657255, 63.24256481248763, 916.2348491999921]
	[250.2413864091475, 63.02687733666669, 919.4226240261637]
	[250.2107355976734, 62.81345788255705, 920.030620696498]
	[250.5124880323709, 63.55881773195603, 916.7029802682068]
	[250.0198173091342, 63.34172757534417, 919.9702066765504]
	[250.5228243316638, 62.81318247722145, 918.289274216711]
	[250.7725911119482, 63.37811689827618, 915.5501923399261]
	[250.2088775210213, 63.01049450806114, 919.6383887521631]
	[250.6496242840434, 63.17173754979423, 916.5508836887907]
	[250.8945097991543, 61.7001954240733, 918.8810687331825]
	[246.312174778236, 107.9400289146972, 919.0867940335637]
	[246.2998377126899, 107.5201326253035, 919.0085076651104]
	[245.8049665640473, 107.0339809654707, 920.8368990792858]
	[245.7336733976145, 107.1302384638383, 920.9135304559624]
	[246.8530303154547, 107.3148625596113, 918.8369017690466]
	[246.6761892211281, 107.3542497726007, 918.913308085064]
	[246.9255262882704, 106.5938203591013, 918.8253388229778]
	[246.9490631276148, 106.9553286491921, 918.6646288157037]
	[246.9092810292497, 106.800893136988, 918.8286055800982]
	[247.0041228048389, 106.7479910091086, 918.7978719113444]
	[246.7143831456677, 106.790414585066, 919.3096409049823]
	[246.263203149512, 106.3340895852276, 920.2020538252978]
	[246.8055104348938, 106.8804491471769, 919.0499097142761]
	[246.244820480544, 106.8554450356213, 920.0893221075776]
	[246.579103988612, 106.7050470647378, 919.5957980042378]
	[246.7654598188282, 106.4063853072372, 919.4205763809447]
	[238.232008616836, 150.504077229629, 918.8973925035023]
	[237.765566086383, 150.5131492320894, 920.2828966892291]
	[236.3452426564325, 149.4817257510005, 922.2821392233384]
	[236.1503637790492, 149.5629746331422, 922.5944453292726]
	[237.1066152477185, 149.5837119501241, 921.3281614874757]
	[235.93260993151, 148.9675734547415, 923.2069451713008]
	[236.6887257708471, 149.7347345002886, 921.67229013057]
	[236.4909732275944, 149.9275168415746, 921.9517783869875]
	[235.9033615171433, 149.8198049850515, 922.7082241062504]
	[236.7356385177692, 149.3140022156965, 922.065309508939]
	[236.892286743525, 149.961760470457, 921.5273780869682]
	[236.8924007173491, 149.6555449875774, 921.7327745196638]
	[236.9670578188693, 149.5202109035751, 921.5397752695983]
	[236.1506047459185, 149.2735220238802, 922.7825084765367]
	[237.3295699130881, 150.4791777178608, 920.7878688173896]
	[237.8096783316679, 150.4029920159912, 920.2543754080264]
	[237.5231365558318, 150.329292080562, 920.6525039991866]
	[255.4404351970332, 87.94627239972888, 914.3629478417589]
	[256.6846291140769, 87.65853986183694, 913.8573960287191]
	[256.105425069689, 87.84065662289484, 914.3996025264501]
	[255.8133918048598, 87.02075694744642, 915.6233535991341]
	[247.3825857660636, 81.41985129782961, 926.9324805185634]
	[255.0198484083982, 89.41357698077205, 913.9296588897125]
	[254.8756356608556, 84.59284327878704, 916.9885610615502]
	[256.1497766075631, 85.99619293277952, 915.1188344815014]
	[255.5257162811987, 85.13683231499951, 916.0472247470942]
	[255.4317305893795, 85.62461686592167, 915.8603311768543]
	[255.9719037551997, 85.264306621674, 915.3986863960382]
	[255.9134567665083, 85.74042979732431, 915.2563795167275]
	[255.3684325011271, 84.95805346229801, 916.2076870622157]
	[255.5489453237202, 85.17757954291939, 915.8742195187219]
	[255.5100671388182, 84.45148139539734, 916.3491128096679]
	[246.6025538635489, 100.9000355983262, 923.7274083629181]
	[248.1322451588894, 123.4256272279843, 914.3191318119035]
	[247.7148220347828, 123.3519374531511, 914.6956950896883]
	[247.4372674779348, 124.6379541918319, 915.013568534247]
	[248.7880752002077, 123.468247720899, 913.3326829397312]
	[247.6544156163271, 123.6168322965649, 914.9767501272337]
	[248.1070762245844, 124.3099393084568, 914.0572391864268]
	[248.1837151249968, 123.6233922664665, 914.2131226075419]
	[247.9757962169406, 123.8246366985304, 914.418285111038]
	[247.5280381635208, 122.9542394199402, 915.4286957118558]
	[247.2668327439665, 124.4223332895211, 915.4211621685316]
	[247.1578280773113, 123.0529446874435, 915.9301479236453]
	[247.230163985343, 123.1202522750098, 915.8848942409736]
	[247.5461855612006, 122.8637620927494, 915.5492431391705]
	[247.4980602623796, 122.778800797152, 915.6538109466674]
	[246.9444627062053, 122.329492487102, 916.627337921065]
	[246.5919663951512, 122.7630881744345, 916.9907080072942]
	[247.2438213347792, 122.3086843093761, 916.1213192931606]
	[264.5352121394866, 77.88158564801057, 906.179955449811]
	[264.9076808215364, 76.52536763941085, 906.1823325043445]
	[264.8239439585105, 76.87573080227207, 906.3058312169393]
	[264.8944886591431, 76.20166564261467, 906.1483694229486]
	[264.8077092935802, 76.40190717639953, 906.2650339121466]
	[266.0288149498988, 76.59040076486437, 904.2055904071555]
	[265.9735689454799, 75.57777133316969, 904.5159510281469]
	[265.1218428206229, 75.29341960577102, 906.0266992188267]
	[265.243137690918, 75.5772028804171, 905.6519632995391]
	[264.4728348692948, 75.40289610810325, 907.1214144362119]
	[265.3959226699381, 75.58113854686594, 905.4616532038135]
	[264.932626288597, 74.7780871741484, 906.440706433454]
	[265.1071652402502, 75.08964224451998, 906.1300471087472]
	[264.766217506101, 75.71675542278402, 906.5285319456899]
	[265.0331293730987, 74.60070401409013, 906.3241825613188]
	[258.2185299528586, 108.7441273312613, 905.9372086914831]
	[258.2914100447996, 108.44827992276, 905.7666106827947]
	[258.2219093690728, 109.2801997526661, 905.6388499670879]
	[257.998609654183, 108.8149915462708, 906.1973037743126]
	[258.0018184337936, 108.8433956840445, 906.2534929755695]
	[258.3477002105021, 109.0365480756567, 905.6155732640977]
	[258.2078782466985, 108.5887700562656, 906.0190234899353]
	[258.027807739457, 108.5070333470855, 906.3748881202673]
	[258.6664345631679, 108.7923639356363, 905.1637609237873]
	[258.609308414896, 108.9572498812754, 905.2753343775439]
	[258.8926410147116, 108.7133833439268, 904.8613080549395]
	[258.8449640834451, 107.6146773444112, 905.2658367129184]
	[257.9631525670925, 108.322617330939, 906.5372782344905]
	[258.6666891903964, 108.0708044969677, 905.4938893598849]
	[259.4979375223195, 108.0447338236604, 904.0870363025497]
	[251.8864975567591, 140.9932319302374, 904.8534278704977]
	[251.3114503335138, 140.0630547701373, 906.3069690924733]
	[251.9657220098392, 140.4590592410837, 905.0449173988007]
	[250.7756784737068, 139.0247851485009, 907.7174417012423]
	[251.5772500656355, 139.5192974213355, 906.3759091302618]
	[251.8176179363077, 139.1956942955254, 905.8985423553964]
	[251.9819165794842, 139.4898850637094, 905.5102178625655]
	[251.7597583492861, 138.4485727584073, 906.3588799244508]
	[252.7798888618877, 138.4381604530317, 904.749608017194]
	[251.4954869947589, 138.2288006364273, 906.9017242707062]
	[251.7126450081337, 137.7786382010566, 906.7240834461181]
	[250.8584994902184, 137.6486232306977, 908.1332692225993]
	[251.4925705746807, 137.7406789062534, 907.1014268303259]
	[251.7261586807878, 138.147488764907, 906.3796840465153]
	[251.918909343987, 138.5243823690673, 905.8618256278452]
	[251.8038024219846, 138.6638720028272, 905.9342345235741]
	[250.5106678466556, 137.2766732026457, 908.8741165131948]
	[250.5141162671461, 137.7311890981638, 908.6467505768358]
	[251.2814935441625, 138.4834057399488, 906.8073591175429]
	[252.073489853508, 139.2540979498571, 905.2370382703818]
	[251.2390665095217, 145.524109838366, 902.7066468648749]
	[270.9806082080069, 91.3949769127059, 896.8839306778157]
	[271.4817584575014, 93.0427134630569, 891.5300739543073]
	[270.6569793956315, 91.65017308757592, 895.0433625173962]
	[270.653732013129, 91.0468259125165, 896.5061780413198]
	[270.6399444433055, 91.68296833527222, 895.154178499777]
	[269.9112343417183, 90.00926359339955, 898.7956736207778]
	[268.5636340636993, 89.91605632731799, 902.4945867591097]
	[267.1713913956474, 89.39311152078297, 906.9815391049453]
	[264.7669144897181, 87.78746194485042, 914.0825299474192]
	[269.3294290127834, 91.93242638092805, 895.2935209999958]
	[269.0730277497769, 91.89744929619195, 895.9514337448682]
	[267.5762203525867, 92.6406989307027, 902.207068550431]
	[268.375289131956, 93.27821893340587, 894.5950961887957]
	[268.3456690566464, 92.88689462124719, 896.0625964650989]
	[268.3325720061307, 92.67005895543713, 897.8405207477078]
	[269.3062202166487, 92.55837348503381, 895.44903366185]
	[269.2449621056219, 91.56449653869564, 896.7457038631039]
	[269.446325657516, 91.7198644484761, 895.7538919373633]
	[269.8102722941579, 91.13930895732547, 894.9553767219525]
	[269.1546778187022, 90.94480062320079, 898.2011882129846]
	[268.6087616707104, 90.98845901999948, 900.1224597255496]
44
	[262.9059179698779, 131.1955802441752, 898.0188484595947]
	[261.8396173268804, 129.7167754893178, 900.6568907325758]
	[263.1310313857249, 132.9813227303614, 896.3126313906102]
	[263.7471058742184, 135.8812296116604, 893.7632947613828]
	[261.6512028305958, 127.4779158553024, 897.4407244095038]
	[261.2689303273563, 128.5012916346403, 897.9168872134433]
	[261.2904429326641, 127.7945827724851, 898.3852060679327]
	[261.1690442532635, 128.353941383565, 898.8047094623902]
	[272.0376068378612, 110.7726588269584, 897.4229955354076]
	[271.8324350338546, 110.3317622681611, 897.8357275449763]
	[271.9369193321178, 111.8308837562547, 897.0127522474316]
	[271.2297134330956, 112.3834618849974, 899.3015056159974]
	[271.8417671761983, 111.8626728331336, 897.8903026488101]
	[271.4402477823117, 112.0547919176757, 899.1196917593184]
	[271.4617417719354, 112.7790978098221, 898.424156791419]
	[271.833805568871, 112.3146333367294, 897.5101678427112]
	[271.792966865801, 112.8861371044539, 897.6320609739216]
	[272.0940112060767, 112.3373233013956, 896.9001805264949]
	[271.6569358936887, 111.9214940931386, 898.3608297231755]
	[271.7042953272439, 111.7125455127001, 898.4628378723048]
	[272.2332018261544, 111.9668222688454, 896.5533392823087]
	[271.8329707825866, 111.154702674404, 898.1840927652647]
	[271.8579297425938, 111.6605603340343, 897.73839618473]
	[278.5635103859112, 105.3853617550855, 895.8754618986369]
	[278.5353511800845, 101.8152758142751, 898.343858107179]
	[278.8665030128559, 102.3565109210809, 896.7495783868085]
	[278.6974363352778, 102.2206455642586, 897.7808842441219]
	[278.6467592201568, 102.682285980096, 897.6750966554563]
	[278.878300126064, 102.8973529836179, 896.7923326782225]
	[278.9138773523347, 102.4322017384525, 896.8825933669652]
	[279.1588461540705, 101.9448344557404, 896.1364078042993]
	[278.8307399326084, 102.1044374444593, 897.3604858000581]
	[278.8948237404043, 102.2867265718911, 897.021500592642]
	[279.2797317677096, 103.3525108093392, 894.9255956102273]
	[279.4418819130118, 102.7564158448951, 894.7771244346438]
	[278.9851368450149, 101.9869934658693, 897.1877658991824]
	[279.1298954078196, 102.7873729741484, 896.0355379530627]
	[278.9115093611965, 101.927890551127, 897.4989801453892]
	[279.0411162892993, 103.4162378029586, 896.0990213296907]
	[278.9224588664428, 102.3324543894384, 897.2376922397215]
	[279.4203233342689, 103.1101210068452, 894.7190596580399]
	[279.143088718209, 102.5576000549293, 896.1139527741351]
	[279.2703772596066, 103.2712852355678, 895.3137260337129]
	[279.1325510349212, 102.3105261901057, 896.6246922959155]
	[276.0076767337331, 116.3799340046418, 896.6968163814074]
	[275.7157933008648, 116.955879764109, 897.5138814947393]
	[276.3512478908867, 117.408056218508, 895.1505320477322]
	[275.4056506995887, 116.7343725988795, 898.8221964426314]
	[275.7954524994319, 116.8168043372849, 897.3696742874577]
	[275.5504349326312, 116.1990159985207, 898.4124174806498]
	[277.0730268719612, 117.8401165625513, 892.4633591684021]
	[275.9911885230205, 117.1253391669405, 896.599786197504]
	[275.9942251728394, 116.8490473397893, 896.8480440174949]
	[276.8749492363017, 117.2728415671349, 893.7333264674276]
	[276.4790922713312, 118.1950981519219, 894.7065069303984]
	[276.4074929056506, 117.1473230367801, 895.3884256017463]
	[276.3037760625099, 117.8922356841436, 895.981978952013]
	[275.8427771037042, 116.1274490910197, 897.8031842808138]
	[275.8182498950981, 116.3932460321958, 897.5399980338627]
