-18.3043	-11.3193	795.9		6.45689	-47.1864	783.303		19.4053	-65.7683	776.549		
-18.3043	-11.3193	795.9		6.45689	-47.1864	783.303		19.4184	-65.7629	776.509		
-18.3136	-11.3138	795.865		6.43735	-47.1739	783.238		19.4053	-65.7683	776.549		
-18.3175	-11.34	795.806		6.48157	-47.1944	783.384		19.4205	-65.7788	776.597		
-64.9332	115.184	2759.23		6.46158	-47.1857	783.268		19.4053	-65.7683	776.549		
-64.9333	115.184	2759.23		6.45689	-47.1864	783.303		19.4205	-65.7788	776.597		
-64.9332	115.184	2759.23		6.46229	-47.1943	783.358		19.4053	-65.7683	776.549		
-18.3136	-11.3138	795.865		6.46278	-47.2018	783.43		19.4089	-65.7868	776.56		
-18.3136	-11.3138	795.865		6.46203	-47.1775	783.32		19.4031	-65.7524	776.462		
-18.3043	-11.3193	795.9		6.45689	-47.1864	783.303		19.424	-65.7971	776.607		
-18.309	-11.3324	795.883		6.46259	-47.1936	783.392		19.4053	-65.7683	776.549		
-18.3043	-11.3193	795.9		6.44931	-47.2006	783.347		19.4053	-65.7683	776.549		
-18.3136	-11.3138	795.865		6.45742	-47.1982	783.375		19.4219	-65.7812	776.519		
-64.9333	115.184	2759.23		6.45689	-47.1864	783.303		19.4205	-65.7788	776.597		
-18.309	-11.3324	795.883		6.48207	-47.2019	783.457		19.4053	-65.7683	776.549		
-64.9333	115.184	2759.23		6.46259	-47.1936	783.392		19.4031	-65.7524	776.462		
-18.3136	-11.3138	795.865		6.45689	-47.1864	783.303		19.4053	-65.7683	776.549		
-18.3043	-11.3193	795.9		6.45689	-47.1864	783.303		19.4053	-65.7683	776.549		
-18.3043	-11.3193	795.9		6.43735	-47.1739	783.238		19.4053	-65.7683	776.549		
-18.3136	-11.3138	795.865		6.4818	-47.2003	783.417		19.4181	-65.7617	776.59		
-64.9332	115.184	2759.23		6.48157	-47.1944	783.384		19.4053	-65.7683	776.549		
-18.3043	-11.3193	795.9		6.43788	-47.1857	783.31		19.4053	-65.7683	776.549		
-64.9333	115.184	2759.23		6.43757	-47.1864	783.276		19.4031	-65.7524	776.462		
-64.9332	115.184	2759.23		6.45742	-47.1982	783.375		19.4063	-65.7542	776.587		
-64.9332	115.184	2759.23		6.45689	-47.1864	783.303		19.4031	-65.7524	776.462		
-18.309	-11.3324	795.883		6.45689	-47.1864	783.303		19.4031	-65.7524	776.462		
-64.9332	115.184	2759.23		6.46177	-47.1759	783.28		19.4053	-65.7683	776.549		
-64.9333	115.184	2759.23		6.43788	-47.1857	783.31		19.4053	-65.7683	776.549		
-104.79	35.2021	1440.61		6.46203	-47.1775	783.32		19.4184	-65.7629	776.509		
-64.9332	115.184	2759.23		6.45619	-47.1778	783.214		19.4031	-65.7524	776.462		
-64.9332	115.184	2759.23		6.46256	-47.1893	783.392		19.4053	-65.7683	776.549		
-64.9333	115.184	2759.23		6.45589	-47.1719	783.174		19.4007	-65.7353	776.455		
-64.9333	115.184	2759.23		6.43706	-47.168	783.198		19.4002	-65.7535	776.348		
-2.43707	2.78152	847.316		6.43788	-47.1857	783.31		19.4053	-65.7683	776.549		
-18.309	-11.3324	795.883		6.449	-47.2013	783.313		19.4031	-65.7524	776.462		
-64.9333	115.184	2759.23		6.46259	-47.1936	783.392		19.4042	-65.7383	776.5		
-64.9333	115.184	2759.23		6.4566	-47.1806	783.263		19.4053	-65.7683	776.549		
-64.9333	115.184	2759.23		6.44848	-47.1829	783.236		19.4031	-65.7524	776.462		
-18.3043	-11.3193	795.9		6.45689	-47.1864	783.303		19.4031	-65.7524	776.462		
-64.9332	115.184	2759.23		6.45689	-47.1864	783.303		19.4053	-65.7683	776.549		
-64.9332	115.184	2759.23		6.45689	-47.1864	783.303		19.4031	-65.7524	776.462		
-64.9333	115.184	2759.23		6.48153	-47.1901	783.384		19.4031	-65.7524	776.462		
-64.9332	115.184	2759.23		6.43788	-47.1857	783.31		19.4184	-65.7629	776.509		
-64.9333	115.184	2759.23		6.43735	-47.1739	783.238		19.4184	-65.7629	776.509		
-18.3043	-11.3193	795.9		6.4566	-47.1806	783.263		19.4184	-65.7629	776.509		
-18.3035	-11.3324	795.859		6.44878	-47.1887	783.275		19.4031	-65.7524	776.462		
-18.309	-11.3324	795.883		6.43665	-47.1652	783.149		19.4031	-65.7524	776.462		
-18.3136	-11.3138	795.865		6.43735	-47.1739	783.238		19.4029	-65.7513	776.543		
-18.3136	-11.3138	795.865		6.45689	-47.1864	783.303		19.4042	-65.7383	776.5		
-18.3136	-11.3138	795.865		6.45742	-47.1982	783.375		19.4053	-65.7683	776.549		
-64.9333	115.184	2759.23		6.45817	-47.1976	783.46		19.4053	-65.7683	776.549		
-64.9332	115.184	2759.23		6.45689	-47.1864	783.303		19.4184	-65.7629	776.509		
-64.9333	115.184	2759.23		6.46206	-47.1818	783.32		19.4192	-65.7476	776.628		
-64.9332	115.184	2759.23		6.4821	-47.2062	783.457		19.4053	-65.7683	776.549		
-64.9333	115.184	2759.23		6.46206	-47.1818	783.32		19.4031	-65.7524	776.462		
-18.3183	-11.3269	795.847		6.45689	-47.1864	783.303		19.4205	-65.7788	776.597		
-64.9332	115.184	2759.23		6.45689	-47.1864	783.303		19.4053	-65.7683	776.549		
-18.3043	-11.3193	795.9		6.43706	-47.168	783.198		19.4031	-65.7524	776.462		
-64.9333	115.184	2759.23		6.48153	-47.1901	783.384		19.4029	-65.7513	776.543		
-64.9332	115.184	2759.23		6.45689	-47.1864	783.303		19.4042	-65.7383	776.5		
-18.3136	-11.3055	795.865		6.45689	-47.1864	783.303		19.4007	-65.7353	776.455		
-64.9332	115.184	2759.23		6.45689	-47.1864	783.303		19.4063	-65.7542	776.587		
-64.9332	115.184	2759.23		6.48153	-47.1901	783.384		19.4018	-65.7212	776.494		
-64.9332	115.184	2759.23		6.45689	-47.1864	783.303		19.4053	-65.7683	776.549		
-64.9332	115.184	2759.23		6.43788	-47.1857	783.31		19.4007	-65.7353	776.455		
-18.3136	-11.3055	795.865		6.45689	-47.1864	783.303		19.4195	-65.7488	776.548		
-64.9333	115.184	2759.23		6.48124	-47.1842	783.345		19.408	-65.7695	776.658		
-64.9333	115.184	2759.23		6.48056	-47.1798	783.256		19.4031	-65.7524	776.462		
-18.3043	-11.3193	795.9		6.5062	-47.1922	783.428		19.4063	-65.7542	776.587		
-64.9332	115.184	2759.23		6.46206	-47.1818	783.32		19.4042	-65.7383	776.5		
-18.3136	-11.3055	795.865		6.4566	-47.1806	783.263		19.4031	-65.7524	776.462		
-18.3043	-11.3193	795.9		6.45742	-47.1982	783.375		19.4031	-65.7524	776.462		
-18.309	-11.3324	795.883		6.48157	-47.1944	783.384		19.4195	-65.7488	776.548		
-64.9332	115.184	2759.23		6.46203	-47.1775	783.32		19.4053	-65.7683	776.549		
-18.3136	-11.3138	795.865		6.4566	-47.1806	783.263		19.4031	-65.7524	776.462		
-64.9332	115.184	2759.23		6.43706	-47.168	783.198		19.4031	-65.7524	776.462		
-64.9332	115.184	2759.23		6.43788	-47.1857	783.31		19.4159	-65.7458	776.502		
-18.294	-11.324	795.848		6.55253	-47.1935	783.456		19.4698	-65.6907	776.431		
-64.933	115.184	2759.24		6.57662	-47.2001	783.452		19.4698	-65.6907	776.431		
-18.294	-11.324	795.848		6.59283	-47.1868	783.506		19.4822	-65.6957	776.389		
-64.933	115.184	2759.24		6.57662	-47.2001	783.452		19.4677	-65.6742	776.344		
-18.2921	-11.3135	795.771		6.57662	-47.2001	783.452		19.4786	-65.71	776.458		
-64.9329	115.184	2759.24		6.55175	-47.1949	783.369		19.491	-65.715	776.415		
-18.2915	-11.2951	795.752		6.55175	-47.1949	783.369		19.4647	-65.6626	776.225		
-104.787	35.1577	1439.75		6.5763	-47.187	783.403		19.4647	-65.6626	776.225		
-64.9331	115.184	2759.23		6.57662	-47.2001	783.452		19.4677	-65.6742	776.344		
-64.9331	115.184	2759.23		6.54583	-47.1815	783.35		19.4677	-65.6742	776.344		
-18.2889	-11.3141	795.63		6.55175	-47.1949	783.369		19.4792	-65.6841	776.269		
-18.2921	-11.3135	795.771		6.57662	-47.2001	783.452		19.4893	-65.6886	776.342		
-18.2921	-11.3135	795.771		6.55175	-47.1949	783.369		19.4647	-65.6626	776.225		
-64.9329	115.184	2759.24		6.55175	-47.1949	783.369		19.4647	-65.6626	776.225		
-18.2921	-11.3135	795.771		6.5767	-47.1879	783.449		19.4647	-65.6626	776.225		
-18.291	-11.309	795.727		6.55175	-47.1949	783.369		19.4792	-65.6841	776.269		
-18.2983	-11.3049	795.642		6.55175	-47.1949	783.369		19.4647	-65.6626	776.225		
-64.933	115.184	2759.24		6.55253	-47.1935	783.456		19.4677	-65.6742	776.344		
-18.2972	-11.3004	795.598		6.54583	-47.1815	783.35		19.4647	-65.6626	776.225		
-64.933	115.184	2759.24		6.55143	-47.1819	783.321		19.466	-65.6479	776.271		
-18.2915	-11.2951	795.752		6.54559	-47.1564	783.3		19.466	-65.6479	776.271		
-64.933	115.184	2759.24		6.55151	-47.1698	783.319		19.4647	-65.6626	776.225		
-18.291	-11.309	795.727		6.57369	-47.1951	783.442		19.4647	-65.6626	776.225		
-18.291	-11.2662	795.743		6.57345	-47.1699	783.392		19.4647	-65.6626	776.225		
-18.2899	-11.3186	795.674		6.59824	-47.1871	783.476		19.4677	-65.6742	776.344		
-64.9329	115.184	2759.24		6.55151	-47.1698	783.319		19.4647	-65.6626	776.225		
-64.933	115.184	2759.24		6.5767	-47.1879	783.449		19.4677	-65.6742	776.344		
-64.9328	115.184	2759.24		6.59292	-47.1746	783.504		19.5759	-65.6557	776.615		
-64.9328	115.184	2759.24		6.5926	-47.1617	783.456		19.5391	-65.6627	776.5		
-18.291	-11.309	795.727		6.59283	-47.1868	783.506		19.5391	-65.6627	776.5		
-18.2889	-11.3141	795.63		6.59292	-47.1746	783.504		19.5413	-65.647	776.507		
-18.2889	-11.3141	795.63		6.5926	-47.1617	783.456		19.5759	-65.6557	776.615		
-64.9329	115.184	2759.24		6.60396	-47.1654	783.496		19.5413	-65.647	776.507		
-18.3004	-11.2998	795.739		6.5926	-47.1617	783.456		19.5434	-65.6384	776.514		
-64.9329	115.184	2759.24		6.5926	-47.1617	783.456		19.5299	-65.6497	776.471		
-18.2893	-11.3002	795.654		6.60396	-47.1654	783.496		19.5136	-65.6467	776.42		
-18.291	-11.309	795.727		6.59292	-47.1746	783.504		19.5299	-65.6497	776.471		
-18.2889	-11.3141	795.63		6.5926	-47.1617	783.456		19.5276	-65.6654	776.463		
-18.2889	-11.3141	795.63		6.59251	-47.1738	783.458		19.5413	-65.647	776.507		
-16.5333	-9.38972	796.245		9.38189	-44.4579	783.531		23.0101	-62.6887	776.933		
-16.4969	-9.6003	795.565		9.33834	-44.7174	782.956		23.0409	-62.8141	776.698		
12.0235	14.8435	834.737		18.7087	-7.87033	833.582		31.4576	-51.4639	831.959		
-64.7279	115.165	2759.08		19.3721	-7.44389	833.688		32.3829	-50.9771	832.264		
-64.7098	115.164	2759.11		22.1683	-5.58223	834.868		35.882	-48.8582	833.495		
15.932	17.7095	835.864		23.2327	-4.7259	835.087		37.3353	-48.0075	833.845		
-64.703	115.164	2759.11		23.2327	-4.7259	835.087		37.2668	-47.9903	833.631		
-64.703	115.164	2759.11		23.2327	-4.7259	835.087		37.2993	-48.0034	833.733		
-64.6992	115.164	2759.12		23.7589	-4.31597	835.072		38.0642	-47.4589	834.044		
-64.699	115.164	2759.12		23.7733	-4.33312	835.026		38.0695	-47.4604	834.021		
-64.6989	115.164	2759.12		23.7838	-4.36477	835.068		38.1051	-47.4841	834.132		
-64.6993	115.164	2759.12		23.7748	-4.34222	835.082		38.0932	-47.4913	834.135		
-64.6992	115.164	2759.12		23.7887	-4.33005	835.222		38.091	-47.4954	834.088		
-64.6989	115.164	2759.12		23.7759	-4.3664	835.042		38.084	-47.4783	834.066		
-64.6991	115.164	2759.12		23.7894	-4.32226	835.24		38.0932	-47.4913	834.135		
-64.699	115.164	2759.12		23.7589	-4.31597	835.072		38.0766	-47.4775	834.043		
-64.6991	115.164	2759.12		23.7894	-4.32226	835.24		38.0469	-47.4775	834.061		
16.324	18.0862	835.327		23.7603	-4.32814	835.129		38.041	-47.474	833.932		
-64.6993	115.164	2759.12		23.7859	-4.34179	835.162		38.0561	-47.5003	833.998		
-64.6993	115.164	2759.12		23.7589	-4.31597	835.072		38.0336	-47.4567	833.909		
-64.699	115.164	2759.12		23.7828	-4.34678	835.058		38.0502	-47.4706	834		
-64.699	115.164	2759.12		23.7589	-4.31597	835.072		38.048	-47.4748	833.954		
-64.6989	115.164	2759.12		23.7572	-4.33006	835.023		38.0695	-47.4604	834.021		
-64.6992	115.164	2759.12		23.7589	-4.31597	835.072		38.084	-47.4783	834.066		
-64.6989	115.164	2759.12		23.7589	-4.31597	835.072		38.0905	-47.4661	834.087		
-64.6989	115.164	2759.12		23.7958	-4.34102	835.166		38.084	-47.4783	834.066		
-64.6989	115.164	2759.12		23.7792	-4.33508	835.14		38.091	-47.4954	834.088		
-64.6989	115.164	2759.12		23.7572	-4.33006	835.023		38.0413	-47.4943	833.933		
-64.6989	115.164	2759.12		23.7855	-4.34755	835.117		38.0905	-47.4661	834.087		
-64.699	115.164	2759.12		23.7694	-4.34771	835.115		38.091	-47.4954	834.088		
-64.6989	115.164	2759.12		23.784	-4.33844	835.062		38.0931	-47.4716	834.003		
-64.699	115.164	2759.12		23.7871	-4.33345	835.166		38.0811	-47.479	834.005		
-64.6989	115.164	2759.12		23.7748	-4.34222	835.082		38.084	-47.4783	834.066		
-64.6993	115.164	2759.12		23.7824	-4.35248	835.013		38.1051	-47.4841	834.132		
-64.699	115.164	2759.12		23.7824	-4.35248	835.013		38.0695	-47.4604	834.021		
-64.699	115.164	2759.12		23.7871	-4.33345	835.166		38.1023	-47.4847	834.071		
-64.699	115.164	2759.12		23.7768	-4.33314	835.147		38.0766	-47.4775	834.043		
-64.699	115.164	2759.12		23.7871	-4.33345	835.166		38.084	-47.4783	834.066		
-64.6989	115.164	2759.12		23.7679	-4.33537	835.059		38.0717	-47.4562	834.067		
-64.6989	115.164	2759.12		23.7764	-4.32813	835.131		38.084	-47.4783	834.066		
-64.699	115.164	2759.12		23.784	-4.33844	835.062		38.0644	-47.4652	833.914		
-64.6989	115.164	2759.12		23.7966	-4.34712	835.198		38.0981	-47.4668	834.11		
-64.6989	115.164	2759.12		23.7935	-4.35211	835.094		38.0981	-47.4668	834.11		
-64.6991	115.164	2759.12		23.784	-4.33844	835.062		38.0645	-47.4459	833.908		
-64.6989	115.164	2759.12		23.7685	-4.31416	835.068		38.0789	-47.4638	833.953		
-64.6989	115.164	2759.12		23.7733	-4.33312	835.026		38.086	-47.4809	833.975		
-64.6989	115.164	2759.12		23.784	-4.33844	835.062		38.091	-47.4954	834.088		
-64.6989	115.164	2759.12		23.7875	-4.33535	835.183		38.091	-47.4954	834.088		
-64.6989	115.164	2759.12		23.7754	-4.321	835.091		38.084	-47.4783	834.066		
-64.6989	115.164	2759.12		23.784	-4.33844	835.062		38.086	-47.5003	833.981		
-64.6989	115.164	2759.12		23.8141	-4.34452	835.212		38.0981	-47.4668	834.11		
16.3482	18.0919	835.342		23.7894	-4.32226	835.24		38.0855	-47.471	833.979		
-64.6989	115.164	2759.12		23.7748	-4.34222	835.082		38.0905	-47.4661	834.087		
-64.6989	115.164	2759.12		23.7855	-4.34755	835.117		38.0784	-47.4343	833.952		
-64.6989	115.164	2759.12		23.7738	-4.33506	835.042		38.0905	-47.4661	834.087		
-64.6989	115.164	2759.12		23.7733	-4.33312	835.026		38.084	-47.4783	834.066		
-64.6989	115.164	2759.12		23.7572	-4.33006	835.023		38.0645	-47.4459	833.908		
-64.6989	115.164	2759.12		23.818	-4.3136	835.267		38.0931	-47.4523	833.997		
-64.6991	115.164	2759.12		23.7824	-4.35248	835.013		38.0931	-47.4523	833.997		
-64.699	115.164	2759.12		23.7764	-4.32813	835.131		38.091	-47.4954	834.088		
-64.6988	115.164	2759.12		23.7733	-4.33312	835.026		38.0784	-47.4343	833.952		
-64.6989	115.164	2759.12		23.7718	-4.31009	835.181		38.0595	-47.4508	833.803		
-64.6989	115.164	2759.12		23.784	-4.33844	835.062		38.0784	-47.4537	833.957		
16.3229	18.1038	835.254		23.7542	-4.335	834.919		38.0905	-47.4661	834.087		
-64.6989	115.164	2759.12		23.7871	-4.33345	835.166		38.0735	-47.4392	833.846		
-64.699	115.164	2759.12		23.7717	-4.34716	834.977		38.084	-47.4783	834.066		
-64.6989	115.164	2759.12		23.7696	-4.32128	835.108		38.1001	-47.4695	834.019		
-64.6988	115.164	2759.12		23.7855	-4.34755	835.117		38.0784	-47.4537	833.957		
-64.6989	115.164	2759.12		23.784	-4.33844	835.062		38.0784	-47.4343	833.952		
-64.6989	115.164	2759.12		23.8033	-4.33918	835.176		38.0835	-47.4488	834.065		
-64.6989	115.164	2759.12		23.7871	-4.33345	835.166		38.1001	-47.4695	834.019		
-64.6989	115.164	2759.12		23.7665	-4.32627	835.004		38.0784	-47.4343	833.952		
-64.6989	115.164	2759.12		23.784	-4.33844	835.062		38.0905	-47.4661	834.087		
-64.6989	115.164	2759.12		23.7824	-4.35248	835.013		38.1001	-47.4889	834.025		
-64.6989	115.164	2759.12		23.7764	-4.32813	835.131		38.0835	-47.4488	834.065		
-64.6989	115.164	2759.12		23.8033	-4.33918	835.176		38.0835	-47.4488	834.065		
-64.6989	115.164	2759.12		23.7871	-4.33345	835.166		38.0981	-47.4668	834.11		
-64.6989	115.164	2759.12		23.7649	-4.34031	834.954		38.0789	-47.4638	833.953		
-64.6989	115.164	2759.12		23.7696	-4.32128	835.108		38.0835	-47.4488	834.065		
-64.6989	115.164	2759.12		23.7903	-4.31592	835.27		38.0981	-47.4668	834.11		
-64.6989	115.164	2759.12		23.7589	-4.31597	835.072		38.0735	-47.4392	833.846		
-64.6989	115.164	2759.12		23.7733	-4.33312	835.026		38.0981	-47.4668	834.11		
-64.6989	115.164	2759.12		23.7768	-4.33002	835.147		38.0855	-47.4516	833.974		
16.3279	18.1456	835.48		23.7696	-4.32128	835.108		38.0857	-47.4447	834.111		
-64.6992	115.164	2759.12		23.7696	-4.32128	835.108		38.0857	-47.4447	834.111		
16.3229	18.1038	835.254		23.7665	-4.32627	835.004		38.0735	-47.4392	833.846		
-64.699	115.164	2759.12		23.7696	-4.32128	835.108		38.0835	-47.4488	834.065		
-64.6988	115.164	2759.12		23.7649	-4.34031	834.954		38.0784	-47.4537	833.957		
-64.699	115.164	2759.12		23.8147	-4.3233	835.221		38.0881	-47.4572	833.892		
-64.6989	115.164	2759.12		23.7542	-4.335	834.919		38.0931	-47.4523	833.997		
-64.6989	115.164	2759.12		23.7855	-4.34755	835.117		38.0931	-47.4716	834.003		
-64.6989	115.164	2759.12		23.7558	-4.32096	834.968		38.0881	-47.4572	833.892		
-64.6989	115.164	2759.12		23.7665	-4.32627	835.004		38.0735	-47.4392	833.846		
-64.6988	115.164	2759.12		23.7717	-4.34716	834.977		38.0823	-47.4555	833.766		
-64.6988	115.164	2759.12		23.7764	-4.32813	835.131		38.0735	-47.4392	833.846		
-64.6989	115.164	2759.12		23.784	-4.33844	835.062		38.0805	-47.4565	833.868		
-64.6989	115.164	2759.12		23.7871	-4.33345	835.166		38.0676	-47.4375	833.721		
-64.6988	115.164	2759.12		23.7748	-4.34222	835.082		38.1001	-47.4695	834.019		
-64.6989	115.164	2759.12		23.8127	-4.35134	835.113		38.0931	-47.4523	833.997		
-64.6989	115.164	2759.12		23.7738	-4.33506	835.042		38.0537	-47.4491	833.677		
-64.6989	115.164	2759.12		23.7542	-4.335	834.919		38.0735	-47.4392	833.846		
-64.6989	115.164	2759.12		23.7649	-4.34031	834.954		38.0784	-47.4343	833.952		
-64.6989	115.164	2759.12		23.7855	-4.34755	835.117		38.0735	-47.4392	833.846		
-64.6989	115.164	2759.12		23.7824	-4.35248	835.013		38.0951	-47.4744	833.914		
-64.6989	115.164	2759.12		23.784	-4.33844	835.062		38.0784	-47.4537	833.957		
-64.6989	115.164	2759.12		23.8019	-4.33008	835.12		38.0784	-47.4537	833.957		
-64.6989	115.164	2759.12		23.7665	-4.32627	835.004		38.0981	-47.4668	834.11		
-64.6988	115.164	2759.12		23.7894	-4.32226	835.24		38.0981	-47.4668	834.11		
-64.6989	115.164	2759.12		23.7764	-4.32813	835.131		38.0735	-47.4392	833.846		
-64.6989	115.164	2759.12		23.784	-4.33844	835.062		38.0735	-47.4392	833.846		
-64.6989	115.164	2759.12		23.8049	-4.32508	835.225		38.0784	-47.4343	833.952		
16.3473	18.0971	835.291		23.784	-4.33844	835.062		38.0676	-47.4375	833.721		
-64.6989	115.164	2759.12		23.7855	-4.34755	835.117		38.0676	-47.4375	833.721		
-64.6989	115.164	2759.12		23.7665	-4.32627	835.004		38.0784	-47.4343	833.952		
-64.6989	115.164	2759.12		23.8019	-4.33008	835.12		38.0881	-47.4572	833.892		
-64.6988	115.164	2759.12		23.8445	-4.3452	835.312		38.0735	-47.4392	833.846		
-64.6989	115.164	2759.12		23.8019	-4.33008	835.12		38.0735	-47.4392	833.846		
-64.6989	115.164	2759.12		23.7696	-4.32128	835.108		38.0735	-47.4392	833.846		
-64.6988	115.164	2759.12		23.7542	-4.335	834.919		38.0784	-47.4343	833.952		
-64.6989	115.164	2759.12		23.7558	-4.32096	834.968		38.0881	-47.4572	833.892		
-64.6988	115.164	2759.12		23.8157	-4.33042	835.261		38.0931	-47.4523	833.997		
16.3482	18.0919	835.342		23.8001	-4.32019	835.208		38.0784	-47.4343	833.952		
-64.6989	115.164	2759.12		23.8461	-4.32929	835.361		38.0735	-47.4392	833.846		
-64.699	115.164	2759.12		23.8737	-4.33498	835.358		38.0784	-47.4537	833.957		
-64.6988	115.164	2759.12		23.8157	-4.33042	835.261		38.0931	-47.4523	833.997		
-64.6989	115.164	2759.12		23.8051	-4.34291	835.182		38.0676	-47.4375	833.721		
-64.6989	115.164	2759.12		23.784	-4.33844	835.062		38.0784	-47.4343	833.952		
-64.6989	115.164	2759.12		23.784	-4.33844	835.062		38.0735	-47.4392	833.846		
-64.6989	115.164	2759.12		23.8037	-4.33381	835.126		38.0784	-47.4343	833.952		
-64.6988	115.164	2759.12		23.7785	-4.3159	835.196		38.0882	-47.4768	834.022		
-64.6989	115.164	2759.12		23.8127	-4.33541	835.156		38.0735	-47.4392	833.846		
-64.6989	115.164	2759.12		23.8174	-4.33231	835.266		38.0784	-47.4343	833.952		
-64.6989	115.164	2759.12		23.7844	-4.31783	835.062		38.0784	-47.4343	833.952		
-64.6989	115.164	2759.12		23.7858	-4.32693	835.117		38.0955	-47.4245	834.005		
-64.6988	115.164	2759.12		23.784	-4.33844	835.062		38.0784	-47.4343	833.952		
-64.6989	115.164	2759.12		23.8141	-4.34452	835.212		38.0735	-47.4392	833.846		
-64.6989	115.164	2759.12		23.8111	-4.34946	835.107		38.0735	-47.4392	833.846		
-64.6988	115.164	2759.12		23.7983	-4.31817	835.202		38.0784	-47.4343	833.952		
16.3229	18.1038	835.254		23.7855	-4.34755	835.117		38.1001	-47.4695	834.019		
-64.6988	115.164	2759.12		23.8157	-4.33042	835.261		38.0931	-47.4523	833.997		
-64.6989	115.164	2759.12		23.8127	-4.33541	835.156		38.0784	-47.4343	833.952		
-64.6989	115.164	2759.12		23.8258	-4.32391	835.199		38.0784	-47.4343	833.952		
-64.6989	115.164	2759.12		23.7936	-4.3372	835.049		38.0784	-47.4343	833.952		
-64.6989	115.164	2759.12		23.7738	-4.33506	835.042		38.0735	-47.4392	833.846		
-64.6989	115.164	2759.12		23.784	-4.33844	835.062		38.0823	-47.4555	833.766		
-64.6989	115.164	2759.12		23.8127	-4.33541	835.156		38.0735	-47.4392	833.846		
-64.6989	115.164	2759.12		23.845	-4.33798	835.263		38.0784	-47.4537	833.957		
-64.6988	115.164	2759.12		23.8149	-4.31679	835.163		38.0784	-47.4343	833.952		
-64.6989	115.164	2759.12		23.8322	-4.32897	835.22		38.0735	-47.4392	833.846		
-64.6989	115.164	2759.12		23.7844	-4.31783	835.062		38.0676	-47.4375	833.721		
16.322	18.1089	835.204		23.8049	-4.32508	835.225		38.0823	-47.4555	833.766		
-64.6989	115.164	2759.12		23.8049	-4.32508	835.225		38.0823	-47.4555	833.766		
-64.6989	115.164	2759.12		23.7649	-4.34031	834.954		38.0931	-47.4523	833.997		
-64.6989	115.164	2759.12		23.7649	-4.34031	834.954		38.0784	-47.4537	833.957		
-64.6989	115.164	2759.12		23.7855	-4.34755	835.117		38.0881	-47.4572	833.892		
-64.6989	115.164	2759.12		23.8036	-4.33202	835.126		38.0735	-47.4392	833.846		
-64.6989	115.164	2759.12		23.8326	-4.33091	835.236		38.0784	-47.4343	833.952		
-64.6989	115.164	2759.12		23.7754	-4.321	835.091		38.0931	-47.4523	833.997		
-64.6988	115.164	2759.12		23.8019	-4.33008	835.12		38.0784	-47.4343	833.952		
-64.6989	115.164	2759.12		23.7952	-4.32316	835.098		38.0784	-47.4343	833.952		
-64.699	115.164	2759.12		23.8147	-4.3233	835.221		38.1101	-47.4423	834.051		
-64.6988	115.164	2759.12		23.7871	-4.33345	835.166		38.0784	-47.4343	833.952		
-64.6988	115.164	2759.12		23.7847	-4.34141	835.085		38.0881	-47.4572	833.892		
-64.6989	115.164	2759.12		23.8431	-4.33609	835.257		38.0931	-47.4523	833.997		
-64.6989	115.164	2759.12		23.8289	-4.31891	835.303		38.0784	-47.4343	833.952		
-64.6989	115.164	2759.12		23.7954	-4.33923	835.055		38.0784	-47.4343	833.952		
-64.6988	115.164	2759.12		23.8306	-4.34302	835.171		38.0881	-47.4572	833.892		
-64.6989	115.164	2759.12		23.7871	-4.33345	835.166		38.0931	-47.4523	833.997		
-64.6989	115.164	2759.12		23.8144	-4.3391	835.162		38.0735	-47.4392	833.846		
-64.6989	115.164	2759.12		23.7936	-4.3372	835.049		38.0784	-47.4343	833.952		
-64.6989	115.164	2759.12		23.8322	-4.32897	835.22		38.0784	-47.4343	833.952		
-64.6989	115.164	2759.12		23.8111	-4.34946	835.107		38.0881	-47.4572	833.892		
16.3473	18.0971	835.291		23.8768	-4.32998	835.462		38.1051	-47.4472	833.945		
-64.6989	115.164	2759.12		23.8431	-4.33609	835.257		38.0931	-47.4523	833.997		
-64.6988	115.164	2759.12		23.8258	-4.32391	835.199		38.0784	-47.4343	833.952		
-64.6988	115.164	2759.12		23.8441	-4.32173	835.309		38.0676	-47.4375	833.721		
-64.6988	115.164	2759.12		23.843	-4.33428	835.256		38.0735	-47.4392	833.846		
-64.6988	115.164	2759.12		23.7952	-4.32316	835.098		38.0735	-47.4392	833.846		
-64.6989	115.164	2759.12		23.8414	-4.34832	835.207		38.0735	-47.4392	833.846		
-64.6989	115.164	2759.12		23.8721	-4.34902	835.309		38.0735	-47.4392	833.846		
-64.6988	115.164	2759.12		23.8322	-4.32897	835.22		38.0881	-47.4572	833.892		
-64.6988	115.164	2759.12		23.8768	-4.32998	835.462		38.1051	-47.4472	833.945		
-64.6989	115.164	2759.12		23.8628	-4.3297	835.322		38.0881	-47.4572	833.892		
-64.6988	115.164	2759.12		23.8414	-4.34832	835.207		38.1051	-47.4472	833.945		
-64.6989	115.164	2759.12		23.8414	-4.34832	835.207		38.0735	-47.4392	833.846		
-64.6988	115.164	2759.12		23.784	-4.33844	835.062		38.0725	-47.4326	833.824		
-64.6989	115.164	2759.12		23.8127	-4.33541	835.156		38.0823	-47.4555	833.766		
-64.6989	115.164	2759.12		23.8174	-4.33411	835.266		38.0735	-47.4392	833.846		
-64.6988	115.164	2759.12		23.8242	-4.33795	835.15		38.0735	-47.4392	833.846		
-64.6989	115.164	2759.12		23.8738	-4.35446	835.314		38.0735	-47.4392	833.846		
-64.6989	115.164	2759.12		23.8127	-4.33541	835.156		38.0784	-47.4343	833.952		
-64.6989	115.164	2759.12		23.843	-4.33428	835.256		38.0735	-47.4392	833.846		
-64.6988	115.164	2759.12		23.8737	-4.33498	835.358		38.0784	-47.4343	833.952		
-64.6988	115.164	2759.12		23.8289	-4.3171	835.303		38.0676	-47.4375	833.721		
-64.6988	115.164	2759.12		23.8435	-4.33803	835.272		38.0735	-47.4392	833.846		
16.322	18.1089	835.204		23.8737	-4.33498	835.358		38.0676	-47.4375	833.721		
-64.6989	115.164	2759.12		23.7871	-4.33345	835.166		38.0881	-47.4572	833.892		
-64.6989	115.164	2759.12		23.8336	-4.33808	835.276		38.0881	-47.4572	833.892		
-64.6989	115.164	2759.12		23.8461	-4.32929	835.361		38.0757	-47.4351	833.892		
-64.6989	115.164	2759.12		23.843	-4.33428	835.256		38.0735	-47.4392	833.846		
-64.6988	115.164	2759.12		23.8157	-4.33042	835.261		38.0905	-47.4294	833.899		
-64.6989	115.164	2759.12		23.843	-4.33428	835.256		38.0735	-47.4392	833.846		
-64.6989	115.164	2759.12		23.8461	-4.3311	835.361		38.0955	-47.4245	834.005		
-64.6988	115.164	2759.12		23.8567	-4.32286	835.301		38.0784	-47.4343	833.952		
-64.6988	115.164	2759.12		23.843	-4.33428	835.256		38.0676	-47.4375	833.721		
-64.6989	115.164	2759.12		23.9025	-4.35149	835.409		38.0735	-47.4392	833.846		
-64.6988	115.164	2759.12		23.8752	-4.32465	835.421		38.0676	-47.4375	833.721		
-64.6989	115.164	2759.12		23.8431	-4.33609	835.257		38.0676	-47.4375	833.721		
-64.6988	115.164	2759.12		23.843	-4.33428	835.256		38.0735	-47.4392	833.846		
-64.6988	115.164	2759.12		23.843	-4.33428	835.256		38.0676	-47.4375	833.721		
-64.6989	115.164	2759.12		23.8612	-4.34374	835.272		38.0735	-47.4392	833.846		
-64.6989	115.164	2759.12		23.8414	-4.34832	835.207		38.1042	-47.4407	833.923		
-64.6989	115.164	2759.12		23.8567	-4.32286	835.301		38.0993	-47.4456	833.819		
-64.6988	115.164	2759.12		23.8752	-4.34408	835.413		38.0905	-47.4294	833.899		
-64.6988	115.164	2759.12		23.8458	-4.31757	835.265		38.0955	-47.4245	834.005		
-64.6988	115.164	2759.12		23.8901	-4.32376	835.411		38.0926	-47.4063	833.937		
-64.6988	115.164	2759.12		23.8567	-4.32286	835.301		38.0735	-47.4392	833.846		
-64.6988	115.164	2759.12		23.843	-4.33428	835.256		38.0881	-47.4572	833.892		
-64.6988	115.164	2759.12		23.8758	-4.32286	835.423		38.0735	-47.4392	833.846		
-0.165877	16.5186	779.129		23.843	-4.33428	835.256		38.0784	-47.4343	833.952		
16.3473	18.0971	835.291		23.8901	-4.32376	835.411		38.0881	-47.4572	833.892		
-64.6987	115.164	2759.12		23.8721	-4.34902	835.309		38.0676	-47.4375	833.721		
-64.6988	115.164	2759.12		23.8414	-4.34832	835.207		38.0676	-47.4375	833.721		
-64.6987	115.164	2759.12		23.843	-4.33428	835.256		38.0896	-47.4229	833.878		
-64.6987	115.164	2759.12		23.843	-4.33428	835.256		38.0896	-47.4229	833.878		
-64.6988	115.164	2759.12		23.8721	-4.34902	835.309		38.0735	-47.4392	833.846		
-64.6989	115.164	2759.12		23.9042	-4.33745	835.458		38.0847	-47.4278	833.774		
-64.6989	115.164	2759.12		23.8721	-4.34902	835.309		38.0735	-47.4392	833.846		
-64.6989	115.164	2759.12		23.843	-4.33428	835.256		38.0847	-47.4278	833.774		
16.322	18.1089	835.204		23.8737	-4.33498	835.358		38.0735	-47.4392	833.846		
-64.6989	115.164	2759.12		23.8326	-4.33091	835.236		38.0735	-47.4392	833.846		
-64.6989	115.164	2759.12		23.784	-4.33844	835.062		38.0905	-47.4294	833.899		
-64.6989	115.164	2759.12		23.8172	-4.30569	835.235		38.0735	-47.4392	833.846		
-64.6988	115.164	2759.12		23.8737	-4.33498	835.358		38.0993	-47.4456	833.819		
-64.6989	115.164	2759.12		23.8258	-4.32209	835.199		38.0784	-47.4343	833.952		
-64.6988	115.164	2759.12		23.8731	-4.33677	835.356		38.0735	-47.4392	833.846		
-64.6988	115.164	2759.12		23.9029	-4.33917	835.454		38.0823	-47.4555	833.766		
-64.6989	115.164	2759.12		23.8721	-4.34902	835.309		38.0676	-47.4375	833.721		
-64.6989	115.164	2759.12		23.8737	-4.33498	835.358		38.0823	-47.4555	833.766		
-64.6988	115.164	2759.12		23.8721	-4.34902	835.309		38.0676	-47.4375	833.721		
-64.6988	115.164	2759.12		23.8737	-4.33498	835.358		38.0881	-47.4572	833.892		
-64.6988	115.164	2759.12		23.8721	-4.34902	835.309		38.0905	-47.4294	833.899		
-64.6988	115.164	2759.12		23.8721	-4.34902	835.309		38.0931	-47.4523	833.997		
-64.6989	115.164	2759.12		23.8715	-4.35081	835.307		38.0905	-47.4294	833.899		
-64.6989	115.164	2759.12		23.843	-4.33428	835.256		38.0735	-47.4392	833.846		
-64.6989	115.164	2759.12		23.9042	-4.33745	835.458		38.0931	-47.4523	833.997		
-64.6988	115.164	2759.12		23.8451	-4.32216	835.321		38.0735	-47.4392	833.846		
-64.6988	115.164	2759.12		23.843	-4.33428	835.256		38.0993	-47.4456	833.819		
-64.6988	115.164	2759.12		23.9042	-4.33745	835.458		38.0993	-47.4456	833.819		
-64.6989	115.164	2759.12		23.8737	-4.33498	835.358		38.0676	-47.4375	833.721		
-64.6988	115.164	2759.12		23.9042	-4.33745	835.458		38.0676	-47.4375	833.721		
-64.6988	115.164	2759.12		23.8431	-4.33609	835.257		38.0847	-47.4278	833.774		
-64.6986	115.164	2759.12		23.8731	-4.33677	835.356		38.0896	-47.4229	833.878		
-64.6986	115.164	2759.12		23.8737	-4.33498	835.358		38.0676	-47.4375	833.721		
16.3443	18.0876	835.141		23.8721	-4.34902	835.309		38.0647	-47.4196	833.652		
-64.6988	115.164	2759.12		23.8705	-4.35254	835.303		38.0823	-47.4555	833.766		
-64.6986	115.164	2759.12		23.8721	-4.34902	835.309		38.0676	-47.4375	833.721		
-64.6988	115.164	2759.12		23.8721	-4.34902	835.309		38.0823	-47.4555	833.766		
-64.6986	115.164	2759.12		23.8737	-4.33498	835.358		38.0794	-47.4375	833.698		
16.322	18.1089	835.204		23.8721	-4.34902	835.309		38.0847	-47.4278	833.774		
-64.6987	115.164	2759.12		23.9036	-4.3232	835.432		38.0847	-47.4278	833.774		
-64.6986	115.164	2759.12		23.8721	-4.34902	835.309		38.0847	-47.4278	833.774		
-64.6987	115.164	2759.12		23.9062	-4.32533	835.523		38.0647	-47.4196	833.652		
-64.6988	115.164	2759.12		23.8737	-4.33498	835.358		38.0993	-47.4456	833.819		
-64.6988	115.164	2759.12		23.8721	-4.34902	835.309		38.0823	-47.4555	833.766		
-64.6986	115.164	2759.12		23.8737	-4.33498	835.358		38.0847	-47.4278	833.774		
-64.6987	115.164	2759.12		23.8612	-4.34374	835.272		38.0676	-47.4375	833.721		
-64.6987	115.164	2759.12		23.8414	-4.35014	835.207		38.0817	-47.4098	833.705		
-64.6988	115.164	2759.12		23.9175	-4.34013	835.458		38.0847	-47.4278	833.774		
-64.6988	115.164	2759.12		23.843	-4.33428	835.256		38.0847	-47.4278	833.774		
-64.6988	115.164	2759.12		23.8732	-4.32073	835.332		38.0847	-47.4278	833.774		
-64.6988	115.164	2759.12		23.8874	-4.3254	835.403		38.0847	-47.4278	833.774		
-64.6989	115.164	2759.12		23.8721	-4.34902	835.309		38.0823	-47.4555	833.766		
-64.6986	115.164	2759.12		23.8737	-4.33498	835.358		38.0847	-47.4278	833.774		
-64.6989	115.164	2759.12		23.9025	-4.35149	835.409		38.0847	-47.4278	833.774		
-64.6988	115.164	2759.12		23.8737	-4.33498	835.358		38.0993	-47.4456	833.819		
-64.6985	115.164	2759.12		23.8858	-4.33945	835.353		38.0676	-47.4375	833.721		
-64.6987	115.164	2759.12		23.8858	-4.33945	835.353		38.0676	-47.4375	833.721		
-64.6987	115.164	2759.12		23.8874	-4.3254	835.403		38.0847	-47.4278	833.774		
-64.6988	115.164	2759.12		23.9025	-4.35149	835.409		38.0847	-47.4278	833.774		
-64.6989	115.164	2759.12		23.9025	-4.35149	835.409		38.0676	-47.4375	833.721		
-64.6986	115.164	2759.12		23.9042	-4.33745	835.458		38.1199	-47.436	833.884		
-64.6987	115.164	2759.12		23.9042	-4.33745	835.458		38.0847	-47.4278	833.774		
-64.6986	115.164	2759.12		23.9042	-4.33745	835.458		38.0847	-47.4278	833.774		
16.3443	18.0876	835.141		23.9025	-4.35149	835.409		38.0847	-47.4278	833.774		
-64.6986	115.164	2759.12		23.9317	-4.35569	835.505		38.0847	-47.4278	833.774		
-64.6984	115.164	2759.12		23.8896	-4.30952	835.385		38.0847	-47.4278	833.774		
-64.6986	115.164	2759.12		23.9042	-4.33745	835.458		38.0847	-47.4278	833.774		
-64.6986	115.164	2759.12		23.902	-4.33726	835.383		38.0676	-47.4375	833.721		
-64.6987	115.164	2759.12		23.9042	-4.33745	835.458		38.0964	-47.4276	833.751		
-64.6986	115.164	2759.12		23.8127	-4.33541	835.156		38.0817	-47.4098	833.705		
-64.6987	115.164	2759.12		23.8901	-4.32376	835.411		38.0817	-47.4098	833.705		
-64.6986	115.164	2759.12		23.8695	-4.35795	835.221		38.0847	-47.4278	833.774		
-64.6986	115.164	2759.12		23.8721	-4.34902	835.309		38.0647	-47.4196	833.652		
-64.6987	115.164	2759.12		23.9025	-4.35149	835.409		38.0817	-47.4098	833.705		
-64.6985	115.164	2759.12		23.8695	-4.35795	835.221		38.0676	-47.4375	833.721		
-64.6986	115.164	2759.12		23.8721	-4.34902	835.309		38.0847	-47.4278	833.774		
16.3443	18.0876	835.141		23.9042	-4.33745	835.458		38.0847	-47.4278	833.774		
-64.6986	115.164	2759.12		23.9036	-4.3232	835.432		38.0676	-47.4375	833.721		
-64.6987	115.164	2759.12		23.9007	-4.33529	835.323		38.0847	-47.4278	833.774		
-64.6986	115.164	2759.12		23.9186	-4.34033	835.462		38.0847	-47.4278	833.774		
-64.6986	115.164	2759.12		23.8721	-4.34902	835.309		38.0794	-47.4375	833.698		
-64.6986	115.164	2759.12		23.8885	-4.33781	835.362		38.0817	-47.4098	833.705		
-64.6988	115.164	2759.12		23.8707	-4.33784	835.253		38.0676	-47.4375	833.721		
-64.6987	115.164	2759.12		23.8933	-4.33219	835.422		38.0847	-47.4278	833.774		
-64.6984	115.164	2759.12		23.9042	-4.33745	835.458		38.0847	-47.4278	833.774		
-64.6985	115.164	2759.12		23.9042	-4.33745	835.458		38.0817	-47.4098	833.705		
-64.6985	115.164	2759.12		23.8737	-4.33498	835.358		38.0676	-47.4375	833.721		
-64.6988	115.164	2759.12		23.902	-4.33726	835.383		38.0817	-47.4098	833.705		
-64.6986	115.164	2759.12		23.9042	-4.33745	835.458		38.0676	-47.4375	833.721		
16.322	18.1089	835.204		23.9042	-4.33745	835.458		38.0847	-47.4278	833.774		
-64.6986	115.164	2759.12		23.9025	-4.35149	835.409		38.0964	-47.4276	833.751		
-64.6986	115.164	2759.12		23.8685	-4.33768	835.176		38.0817	-47.4098	833.705		
-64.6986	115.164	2759.12		23.9036	-4.3232	835.432		38.0817	-47.4098	833.705		
-64.6989	115.164	2759.12		23.8737	-4.33498	835.358		38.0794	-47.4375	833.698		
-64.6986	115.164	2759.12		23.8562	-4.30862	835.275		38.0817	-47.4098	833.705		
-64.6986	115.164	2759.12		23.9036	-4.3232	835.432		38.0847	-47.4278	833.774		
-64.6987	115.164	2759.12		23.9192	-4.32787	835.507		38.0847	-47.4278	833.774		
-64.6986	115.164	2759.12		23.9203	-4.32628	835.511		38.0676	-47.4375	833.721		
-64.6985	115.164	2759.12		23.9025	-4.35149	835.409		38.0964	-47.4276	833.751		
-64.6987	115.164	2759.12		23.9203	-4.32628	835.511		38.1199	-47.436	833.884		
-64.6988	115.164	2759.12		23.8885	-4.33781	835.362		38.0847	-47.4278	833.774		
-64.6985	115.164	2759.12		23.9333	-4.34164	835.555		38.0817	-47.4098	833.705		
-64.6985	115.164	2759.12		23.9192	-4.32608	835.507		38.0817	-47.4098	833.705		
-64.6986	115.164	2759.12		23.8721	-4.34902	835.309		38.0676	-47.4375	833.721		
-64.6987	115.164	2759.12		23.9197	-4.31203	835.485		38.0817	-47.4098	833.705		
-64.6986	115.164	2759.12		23.9042	-4.33745	835.458		38.0817	-47.4098	833.705		
-64.6986	115.164	2759.12		23.9197	-4.31203	835.485		38.0847	-47.4278	833.774		
-64.6985	115.164	2759.12		23.8732	-4.32073	835.332		38.0647	-47.4196	833.652		
-64.6986	115.164	2759.12		23.9042	-4.33745	835.458		38.0964	-47.4276	833.751		
-64.6984	115.164	2759.12		23.9025	-4.35149	835.409		38.0817	-47.4098	833.705		
-64.6986	115.164	2759.12		23.9353	-4.3149	835.56		38.117	-47.4181	833.815		
-64.6986	115.164	2759.12		23.8874	-4.3254	835.403		38.0817	-47.4098	833.705		
16.35	18.1121	835.159		23.9025	-4.35149	835.409		38.0847	-47.4278	833.774		
-64.6987	115.164	2759.12		23.9181	-4.32609	835.435		38.0817	-47.4098	833.705		
-64.6984	115.164	2759.12		23.9186	-4.34033	835.462		38.0817	-47.4098	833.705		
-64.6985	115.164	2759.12		23.9203	-4.32628	835.511		38.0817	-47.4098	833.705		
-64.6988	115.164	2759.12		23.9025	-4.35149	835.409		38.0964	-47.4276	833.751		
-64.6986	115.164	2759.12		23.9186	-4.34033	835.462		38.0964	-47.4276	833.751		
-64.6984	115.164	2759.12		23.9192	-4.32787	835.507		38.0847	-47.4278	833.774		
-64.6984	115.164	2759.12		23.9477	-4.34443	835.558		38.0817	-47.4098	833.705		
-64.6985	115.164	2759.12		23.9025	-4.35149	835.409		38.0817	-47.4098	833.705		
-64.6987	115.164	2759.12		23.9353	-4.3149	835.56		38.0817	-47.4098	833.705		
-64.6986	115.164	2759.12		23.9042	-4.33745	835.458		38.0817	-47.4098	833.705		
-64.6988	115.164	2759.12		23.9347	-4.30065	835.534		38.0847	-47.4278	833.774		
-64.6987	115.164	2759.12		23.9353	-4.3149	835.56		38.0847	-47.4278	833.774		
-64.6987	115.164	2759.12		23.9186	-4.34033	835.462		38.0847	-47.4278	833.774		
16.3789	18.1097	835.398		23.9042	-4.33745	835.458		38.0847	-47.4278	833.774		
-64.6987	115.164	2759.12		23.9192	-4.32608	835.507		38.0993	-47.4456	833.819		
-64.6986	115.164	2759.12		23.918	-4.32768	835.504		38.0847	-47.4278	833.774		
-64.6986	115.164	2759.12		23.8885	-4.33781	835.362		38.0847	-47.4278	833.774		
-64.6986	115.164	2759.12		23.9042	-4.33745	835.458		38.0817	-47.4098	833.705		
-64.6986	115.164	2759.12		23.9036	-4.3232	835.432		38.0964	-47.4276	833.751		
-64.6985	115.164	2759.12		23.9353	-4.3149	835.56		38.0817	-47.4098	833.705		
-64.6984	115.164	2759.12		23.9197	-4.31203	835.485		38.1229	-47.4196	833.941		
-64.6985	115.164	2759.12		23.9207	-4.32822	835.527		38.117	-47.4181	833.815		
-64.6986	115.164	2759.12		23.9181	-4.32609	835.435		38.0817	-47.4098	833.705		
-64.6986	115.164	2759.12		23.9353	-4.3149	835.56		38.0817	-47.4098	833.705		
-64.6986	115.164	2759.12		23.8885	-4.33781	835.362		38.0817	-47.4098	833.705		
-64.6985	115.164	2759.12		23.905	-4.31231	835.46		38.0817	-47.4098	833.705		
-64.6985	115.164	2759.12		23.9353	-4.3149	835.56		38.0964	-47.4276	833.751		
-64.6986	115.164	2759.12		23.9036	-4.3232	835.432		38.0817	-47.4098	833.705		
-64.6984	115.164	2759.12		23.9151	-4.32285	835.327		38.117	-47.4181	833.815		
-64.6986	115.164	2759.12		23.9197	-4.31203	835.485		38.117	-47.4181	833.815		
-64.6986	115.164	2759.12		23.9197	-4.31203	835.485		38.0817	-47.4098	833.705		
-64.6984	115.164	2759.12		23.9186	-4.31183	835.481		38.0817	-47.4098	833.705		
-64.6985	115.164	2759.12		23.9197	-4.31203	835.485		38.0817	-47.4098	833.705		
16.3351	18.1157	835.108		23.902	-4.33726	835.383		38.1318	-47.4358	833.862		
-64.6986	115.164	2759.12		23.9323	-4.30405	835.526		38.0817	-47.4098	833.705		
-64.6986	115.164	2759.12		23.948	-4.31598	835.578		38.117	-47.4181	833.815		
-64.6984	115.164	2759.12		23.9223	-4.31416	835.576		38.0847	-47.4278	833.774		
-64.6984	115.164	2759.12		23.8901	-4.32376	835.411		38.0817	-47.4098	833.705		
-64.6986	115.164	2759.12		23.9347	-4.30065	835.534		38.117	-47.4181	833.815		
-64.6985	115.164	2759.12		23.9181	-4.32609	835.435		38.0817	-47.4098	833.705		
-64.6987	115.164	2759.12		23.9181	-4.32609	835.435		38.0993	-47.4456	833.819		
-64.6985	115.164	2759.12		23.9347	-4.30065	835.534		38.117	-47.4181	833.815		
-64.6988	115.164	2759.12		23.9666	-4.30684	835.722		38.117	-47.4181	833.815		
-64.6985	115.164	2759.12		23.9181	-4.32609	835.435		38.0817	-47.4098	833.705		
-64.6987	115.164	2759.12		23.9509	-4.30386	835.646		38.117	-47.4181	833.815		
-64.6985	115.164	2759.12		23.9353	-4.3149	835.56		38.117	-47.4181	833.815		
-64.6984	115.164	2759.12		23.9494	-4.33038	835.607		38.0817	-47.4098	833.705		
-64.6985	115.164	2759.12		23.917	-4.32589	835.431		38.117	-47.4181	833.815		
-64.6986	115.164	2759.12		23.9347	-4.30065	835.534		38.117	-47.4181	833.815		
-64.6986	115.164	2759.12		23.9347	-4.30065	835.534		38.117	-47.4181	833.815		
-64.6986	115.164	2759.12		23.9223	-4.31416	835.576		38.1229	-47.4196	833.941		
-64.6984	115.164	2759.12		23.9347	-4.30065	835.534		38.117	-47.4181	833.815		
-64.6985	115.164	2759.12		23.9347	-4.30065	835.534		38.117	-47.4181	833.815		
-64.6986	115.164	2759.12		23.9353	-4.3149	835.56		38.0964	-47.4276	833.751		
-64.6985	115.164	2759.12		23.9203	-4.32628	835.511		38.117	-47.4181	833.815		
-64.6985	115.164	2759.12		23.9197	-4.31203	835.485		38.117	-47.4181	833.815		
-64.6987	115.164	2759.12		23.902	-4.33726	835.383		38.117	-47.4181	833.815		
-64.6986	115.164	2759.12		23.9472	-4.33019	835.531		38.117	-47.4181	833.815		
-64.6984	115.164	2759.12		23.9203	-4.32628	835.511		38.117	-47.4181	833.815		
-64.6984	115.164	2759.12		23.9353	-4.3149	835.56		38.0847	-47.4278	833.774		
-64.6986	115.164	2759.12		23.9494	-4.33038	835.607		38.117	-47.4181	833.815		
-64.6986	115.164	2759.12		23.9197	-4.31203	835.485		38.0993	-47.4456	833.819		
-64.6986	115.164	2759.12		23.9353	-4.3149	835.56		38.1004	-47.4278	833.763		
-64.6985	115.164	2759.12		23.9186	-4.34033	835.462		38.0847	-47.4278	833.774		
-64.6986	115.164	2759.12		23.9353	-4.3149	835.56		38.117	-47.4181	833.815		
-64.6986	115.164	2759.12		23.9347	-4.30065	835.534		38.0817	-47.4098	833.705		
-64.6985	115.164	2759.12		23.9034	-4.32636	835.411		38.0847	-47.4278	833.774		
-64.6985	115.164	2759.12		23.961	-4.30752	835.525		38.117	-47.4181	833.815		
-64.6983	115.164	2759.12		23.9347	-4.30065	835.534		38.1318	-47.4358	833.862		
-64.6984	115.164	2759.12		23.9347	-4.30065	835.534		38.0817	-47.4098	833.705		
16.3918	18.1167	835.301		23.9347	-4.30065	835.534		38.0817	-47.4098	833.705		
-64.6984	115.164	2759.12		23.9347	-4.30065	835.534		38.117	-47.4181	833.815		
-64.6984	115.164	2759.12		23.9203	-4.32628	835.511		38.117	-47.4181	833.815		
-64.6985	115.164	2759.12		23.9661	-4.29245	835.696		38.117	-47.4181	833.815		
-64.6983	115.164	2759.12		23.9331	-4.31471	835.484		38.0817	-47.4098	833.705		
-64.6983	115.164	2759.12		23.9347	-4.30065	835.534		38.117	-47.4181	833.815		
-64.6983	115.164	2759.12		23.961	-4.30752	835.525		38.117	-47.4181	833.815		
-64.6985	115.164	2759.12		23.9347	-4.30065	835.534		38.0817	-47.4098	833.705		
-64.6984	115.164	2759.12		23.9338	-4.28499	835.492		38.117	-47.4181	833.815		
-64.6985	115.164	2759.12		23.9312	-4.3023	835.412		38.0817	-47.4098	833.705		
-64.6984	115.164	2759.12		23.9239	-4.28644	835.304		38.117	-47.4181	833.815		
-64.6984	115.164	2759.12		23.9331	-4.31471	835.484		38.117	-47.4181	833.815		
-64.6983	115.164	2759.12		23.9641	-4.30472	835.631		38.117	-47.4181	833.815		
-64.6983	115.164	2759.12		23.9286	-4.30015	835.32		38.0817	-47.4098	833.705		
-64.6982	115.164	2759.12		23.9353	-4.3149	835.56		38.117	-47.4181	833.815		
-64.6983	115.164	2759.12		23.961	-4.30142	835.524		38.117	-47.4181	833.815		
-64.6984	115.164	2759.12		23.9317	-4.29735	835.427		38.117	-47.4181	833.815		
-64.6984	115.164	2759.12		23.9331	-4.31471	835.484		38.117	-47.4181	833.815		
-64.6984	115.164	2759.12		23.9286	-4.30015	835.32		38.117	-47.4181	833.815		
-64.6983	115.164	2759.12		23.9641	-4.30472	835.631		38.117	-47.4181	833.815		
-64.6983	115.164	2759.12		23.9347	-4.30065	835.534		38.117	-47.4181	833.815		
-64.6983	115.164	2759.12		23.9641	-4.30472	835.631		38.117	-47.4181	833.815		
-64.6983	115.164	2759.12		23.9579	-4.30422	835.417		38.117	-47.4181	833.815		
16.3918	18.1167	835.301		23.9323	-4.31169	835.454		38.0817	-47.4098	833.705		
-64.6984	115.164	2759.12		23.9616	-4.31576	835.551		38.117	-47.4181	833.815		
-64.6984	115.164	2759.12		23.9594	-4.31554	835.473		38.117	-47.4181	833.815		
-64.6984	115.164	2759.12		23.9301	-4.31147	835.376		38.117	-47.4181	833.815		
-64.6986	115.164	2759.12		23.9317	-4.29735	835.427		38.0817	-47.4098	833.705		
-64.6984	115.164	2759.12		23.9317	-4.29735	835.427		38.117	-47.4181	833.815		
-64.6984	115.164	2759.12		23.9176	-4.29495	835.284		38.117	-47.4181	833.815		
-64.6984	115.164	2759.12		23.9269	-4.31437	835.269		38.117	-47.4181	833.815		
-64.6984	115.164	2759.12		23.9562	-4.31843	835.366		38.117	-47.4181	833.815		
-64.6983	115.164	2759.12		23.9292	-4.31457	835.348		38.117	-47.4181	833.815		
-64.6984	115.164	2759.12		23.9197	-4.31203	835.485		38.117	-47.4181	833.815		
-64.6981	115.164	2759.12		23.9286	-4.30015	835.32		38.117	-47.4181	833.815		
-64.6983	115.164	2759.12		23.9347	-4.30065	835.534		38.117	-47.4181	833.815		
-64.6986	115.164	2759.12		23.9182	-4.28849	835.479		38.117	-47.4181	833.815		
-64.6983	115.164	2759.12		23.9624	-4.31878	835.581		38.117	-47.4181	833.815		
-64.6983	115.164	2759.12		23.9368	-4.28838	835.599		38.117	-47.4181	833.815		
-64.6984	115.164	2759.12		23.93	-4.28694	835.518		38.117	-47.4181	833.815		
-64.6984	115.164	2759.12		23.9615	-4.27867	835.68		38.117	-47.4181	833.815		
-64.6983	115.164	2759.12		23.9347	-4.30065	835.534		38.117	-47.4181	833.815		
-64.6983	115.164	2759.12		23.9338	-4.28499	835.492		38.117	-47.4181	833.815		
-64.6983	115.164	2759.12		23.9641	-4.30472	835.631		38.117	-47.4181	833.815		
-64.6982	115.164	2759.12		23.961	-4.30142	835.524		38.117	-47.4181	833.815		
-64.6984	115.164	2759.12		23.9579	-4.30422	835.417		38.117	-47.4181	833.815		
-64.6983	115.164	2759.12		23.9317	-4.30346	835.428		38.117	-47.4181	833.815		
-64.6982	115.164	2759.12		23.9641	-4.30472	835.631		38.1318	-47.4358	833.862		
-64.6983	115.164	2759.12		23.9337	-4.29113	835.493		38.117	-47.4181	833.815		
-64.6984	115.164	2759.12		23.9347	-4.30065	835.534		38.117	-47.4181	833.815		
16.4258	18.1256	835.416		23.9347	-4.30065	835.534		38.117	-47.4181	833.815		
-64.6984	115.164	2759.12		23.9624	-4.31878	835.581		38.117	-47.4181	833.815		
-64.6983	115.164	2759.12		23.961	-4.30142	835.524		38.117	-47.4181	833.815		
-64.6983	115.164	2759.12		23.9624	-4.31878	835.581		38.117	-47.4181	833.815		
-64.6984	115.164	2759.12		23.9286	-4.30015	835.32		38.117	-47.4181	833.815		
-64.6982	115.164	2759.12		23.9331	-4.31471	835.484		38.117	-47.4181	833.815		
-64.6983	115.164	2759.12		23.9331	-4.31471	835.484		38.117	-47.4181	833.815		
-64.6984	115.164	2759.12		23.961	-4.30142	835.524		38.117	-47.4181	833.815		
16.4841	18.106	835.616		23.961	-4.30142	835.524		38.117	-47.4181	833.815		
-64.6983	115.164	2759.12		23.9239	-4.28644	835.304		38.117	-47.4181	833.815		
-64.6986	115.164	2759.12		23.9347	-4.30065	835.534		38.117	-47.4181	833.815		
-64.6983	115.164	2759.12		23.9307	-4.28774	835.385		38.117	-47.4181	833.815		
-64.6984	115.164	2759.12		23.9286	-4.30015	835.32		38.117	-47.4181	833.815		
-64.6982	115.164	2759.12		23.9562	-4.31843	835.366		38.1154	-47.4009	833.775		
-64.6983	115.164	2759.12		23.9616	-4.31576	835.551		38.117	-47.4181	833.815		
-64.6982	115.164	2759.12		23.9516	-4.30466	835.35		38.1318	-47.4358	833.862		
-64.6983	115.164	2759.12		23.9347	-4.30065	835.534		38.117	-47.4181	833.815		
-64.6983	115.164	2759.12		23.9301	-4.31147	835.376		38.1154	-47.4009	833.775		
-64.6983	115.164	2759.12		23.9286	-4.30015	835.32		38.117	-47.4181	833.815		
-64.6982	115.164	2759.12		23.9534	-4.29045	835.401		38.117	-47.4181	833.815		
-64.6982	115.164	2759.12		23.9317	-4.29735	835.427		38.117	-47.4181	833.815		
-64.6981	115.164	2759.12		23.961	-4.30142	835.524		38.117	-47.4181	833.815		
16.6391	18.2218	835.833		24.0827	-4.20044	835.257		38.3765	-47.3554	834.314		
-64.6971	115.164	2759.12		24.0847	-4.18776	835.318		38.4116	-47.3596	834.424		
-64.6971	115.164	2759.12		24.0827	-4.20044	835.257		38.3657	-47.368	834.28		
-64.6971	115.164	2759.12		24.0938	-4.1958	835.293		38.3765	-47.3554	834.314		
16.6257	18.2293	835.786		24.1084	-4.2087	835.342		38.4116	-47.3596	834.424		
-64.6972	115.164	2759.12		24.0827	-4.20044	835.257		38.3765	-47.3554	834.314		
-64.6971	115.164	2759.12		24.0827	-4.20044	835.257		38.4288	-47.3776	834.477		
-64.6971	115.164	2759.12		24.0827	-4.20044	835.257		38.4288	-47.3776	834.477		
-64.6971	115.164	2759.12		24.0827	-4.20044	835.257		38.4288	-47.3776	834.477		
-64.6971	115.164	2759.12		24.0827	-4.20044	835.257		38.4174	-47.3901	834.442		
16.6257	18.2293	835.786		24.0827	-4.20044	835.257		38.3765	-47.3554	834.314		
-64.6971	115.164	2759.12		24.0827	-4.20044	835.257		38.3823	-47.3858	834.332		
-64.6972	115.164	2759.12		24.0827	-4.20044	835.257		38.3765	-47.3554	834.314		
-64.6971	115.164	2759.12		24.0827	-4.20044	835.257		38.4005	-47.3722	834.389		
-64.6971	115.164	2759.12		24.0878	-4.18726	835.427		38.3765	-47.3554	834.314		
-64.6971	115.164	2759.12		24.0847	-4.18776	835.318		38.4116	-47.3596	834.424		
-64.6971	115.164	2759.12		24.0827	-4.20044	835.257		38.4116	-47.3596	834.424		
-64.6972	115.164	2759.12		24.0827	-4.20044	835.257		38.4116	-47.3596	834.424		
-64.6971	115.164	2759.12		24.0827	-4.20044	835.257		38.3657	-47.368	834.28		
-64.6971	115.164	2759.12		24.1084	-4.2087	835.342		38.4116	-47.3596	834.424		
-64.6971	115.164	2759.12		24.0847	-4.18776	835.318		38.3657	-47.368	834.28		
-64.6971	115.164	2759.12		24.0847	-4.18776	835.318		38.4116	-47.3596	834.424		
-64.6971	115.164	2759.12		24.0827	-4.20044	835.257		38.4288	-47.3776	834.477		
-64.6972	115.164	2759.12		24.0847	-4.18776	835.318		38.4288	-47.3776	834.477		
-64.697	115.164	2759.12		24.0827	-4.20044	835.257		38.4288	-47.3776	834.477		
-64.6972	115.164	2759.12		24.0859	-4.19988	835.365		38.3765	-47.3554	834.314		
16.6519	18.2159	835.809		24.0859	-4.19988	835.365		38.4116	-47.3596	834.424		
-64.6972	115.164	2759.12		24.0827	-4.20044	835.257		38.4288	-47.3776	834.477		
-64.6971	115.164	2759.12		24.089	-4.20134	835.476		38.4116	-47.3596	834.424		
-64.6971	115.164	2759.12		24.0827	-4.20044	835.257		38.4288	-47.3776	834.477		
-64.6971	115.164	2759.12		24.0827	-4.20044	835.257		38.4116	-47.3596	834.424		
-64.6971	115.164	2759.12		24.0827	-4.20044	835.257		38.4116	-47.3596	834.424		
-64.6971	115.164	2759.12		24.0853	-4.19088	835.341		38.3657	-47.368	834.28		
-64.6971	115.164	2759.12		24.0938	-4.1958	835.293		38.3765	-47.3554	834.314		
-64.6971	115.164	2759.12		24.0827	-4.20044	835.257		38.4116	-47.3596	834.424		
-64.6972	115.164	2759.12		24.0827	-4.20044	835.257		38.4005	-47.3722	834.389		
-64.6971	115.164	2759.12		24.0847	-4.18776	835.318		38.3765	-47.3554	834.314		
-64.6971	115.164	2759.12		24.0847	-4.18776	835.318		38.4288	-47.3776	834.477		
-64.6971	115.164	2759.12		24.0827	-4.20044	835.257		38.4116	-47.3596	834.424		
-64.6971	115.164	2759.12		24.0859	-4.20191	835.366		38.4116	-47.3596	834.424		
-64.6971	115.164	2759.12		24.0827	-4.20044	835.257		38.3933	-47.3733	834.367		
-64.6971	115.164	2759.12		24.0827	-4.20044	835.257		38.4005	-47.3722	834.389		
-64.6972	115.164	2759.12		24.0827	-4.20044	835.257		38.4116	-47.3596	834.424		
-64.697	115.164	2759.12		24.1417	-4.18867	835.523		38.4116	-47.3596	834.424		
-64.6971	115.164	2759.12		24.0847	-4.18776	835.318		38.4116	-47.3596	834.424		
-64.6971	115.164	2759.12		24.0827	-4.20044	835.257		38.3933	-47.3733	834.367		
16.6245	18.2419	835.714		24.0827	-4.20044	835.257		38.4288	-47.3776	834.477		
-64.6971	115.164	2759.12		24.0938	-4.1958	835.293		38.4116	-47.3596	834.424		
-64.6971	115.164	2759.12		24.0847	-4.18776	835.318		38.4116	-47.3596	834.424		
-64.6971	115.164	2759.12		24.0827	-4.20044	835.257		38.4288	-47.3776	834.477		
-64.6971	115.164	2759.12		24.0827	-4.20044	835.257		38.4005	-47.3722	834.389		
-64.6971	115.164	2759.12		24.0827	-4.20044	835.257		38.4288	-47.3776	834.477		
-64.6971	115.164	2759.12		24.0827	-4.20044	835.257		38.4116	-47.3596	834.424		
-64.6971	115.164	2759.12		24.1115	-4.1951	835.406		38.4288	-47.3776	834.477		
-64.6971	115.164	2759.12		24.1134	-4.20239	835.358		38.4116	-47.3596	834.424		
-64.6971	115.164	2759.12		24.0827	-4.20044	835.257		38.4116	-47.3596	834.424		
-64.6971	115.164	2759.12		24.0847	-4.18776	835.318		38.4116	-47.3596	834.424		
-64.6971	115.164	2759.12		24.1095	-4.20778	835.345		38.4288	-47.3776	834.477		
-64.6971	115.164	2759.12		24.0957	-4.18312	835.354		38.4288	-47.3776	834.477		
-64.6971	115.164	2759.12		24.0827	-4.20044	835.257		38.4116	-47.3596	834.424		
-64.6971	115.164	2759.12		24.0827	-4.20044	835.257		38.4288	-47.3776	834.477		
-64.6971	115.164	2759.12		24.0803	-4.21137	835.177		38.4116	-47.3596	834.424		
-64.6971	115.164	2759.12		24.0827	-4.20044	835.257		38.4288	-47.3776	834.477		
-64.6971	115.164	2759.12		24.0827	-4.20044	835.257		38.4116	-47.3596	834.424		
-64.6971	115.164	2759.12		24.0827	-4.20044	835.257		38.4116	-47.3596	834.424		
-64.6971	115.164	2759.12		24.0938	-4.1958	835.293		38.4288	-47.3776	834.477		
-64.697	115.164	2759.12		24.0847	-4.18776	835.318		38.4116	-47.3596	834.424		
-64.6971	115.164	2759.12		24.111	-4.18669	835.422		38.4116	-47.3596	834.424		
-64.6971	115.164	2759.12		24.1205	-4.20309	835.381		38.4116	-47.3596	834.424		
-64.697	115.164	2759.12		24.1167	-4.19707	835.622		38.4116	-47.3596	834.424		
-64.6971	115.164	2759.12		24.1084	-4.2087	835.342		38.4288	-47.3776	834.477		
-64.6971	115.164	2759.12		24.0878	-4.18932	835.427		38.4116	-47.3596	834.424		
-64.6971	115.164	2759.12		24.0827	-4.20044	835.257		38.4116	-47.3596	834.424		
-64.6971	115.164	2759.12		24.0847	-4.18776	835.318		38.4005	-47.3722	834.389		
16.6378	18.2344	835.76		24.0847	-4.18776	835.318		38.4288	-47.3776	834.477		
-64.6971	115.164	2759.12		24.1193	-4.20406	835.377		38.4116	-47.3596	834.424		
-64.6971	115.164	2759.12		24.1103	-4.19602	835.403		38.4116	-47.3596	834.424		
-64.6971	115.164	2759.12		24.0803	-4.19153	835.168		38.4116	-47.3596	834.424		
-64.6971	115.164	2759.12		24.0938	-4.1958	835.293		38.4116	-47.3596	834.424		
-64.6971	115.164	2759.12		24.0827	-4.20044	835.257		38.4116	-47.3596	834.424		
-64.6971	115.164	2759.12		24.0823	-4.17888	835.229		38.4116	-47.3596	834.424		
-64.6971	115.164	2759.12		24.0957	-4.18312	835.354		38.4288	-47.3776	834.477		
-64.6971	115.164	2759.12		24.0933	-4.17424	835.265		38.4288	-47.3776	834.477		
-64.6971	115.164	2759.12		24.122	-4.1888	835.306		38.4116	-47.3596	834.424		
-64.6971	115.164	2759.12		24.0827	-4.20044	835.257		38.4288	-47.3776	834.477		
-64.6971	115.164	2759.12		24.0823	-4.17888	835.229		38.4288	-47.3776	834.477		
-64.6971	115.164	2759.12		24.0938	-4.1958	835.293		38.4116	-47.3596	834.424		
-64.6971	115.164	2759.12		24.0827	-4.20044	835.257		38.4288	-47.3776	834.477		
-64.6971	115.164	2759.12		24.1084	-4.2087	835.342		38.4116	-47.3596	834.424		
-64.6971	115.164	2759.12		24.1115	-4.1951	835.406		38.4116	-47.3596	834.424		
-64.6971	115.164	2759.12		24.1084	-4.2087	835.342		38.4288	-47.3776	834.477		
-64.6971	115.164	2759.12		24.1134	-4.20239	835.358		38.4116	-47.3596	834.424		
-64.6971	115.164	2759.12		24.1086	-4.19463	835.342		38.4116	-47.3596	834.424		
-64.6971	115.164	2759.12		24.1372	-4.22292	835.387		38.4116	-47.3596	834.424		
-64.6971	115.164	2759.12		24.0827	-4.20044	835.257		38.4116	-47.3596	834.424		
-64.6971	115.164	2759.12		24.0914	-4.18689	835.204		38.4288	-47.3776	834.477		
-64.6971	115.164	2759.12		24.1103	-4.19602	835.403		38.4288	-47.3776	834.477		
-64.6971	115.164	2759.12		24.0803	-4.19153	835.168		38.4116	-47.3596	834.424		
-64.6971	115.164	2759.12		24.0957	-4.18312	835.354		38.4116	-47.3596	834.424		
-64.6971	115.164	2759.12		24.1212	-4.19138	835.438		38.4116	-47.3596	834.424		
-64.6971	115.164	2759.12		24.0827	-4.20044	835.257		38.4116	-47.3596	834.424		
-64.6971	115.164	2759.12		24.0957	-4.18312	835.354		38.4288	-47.3776	834.477		
-64.697	115.164	2759.12		24.1193	-4.20406	835.377		38.4116	-47.3596	834.424		
-64.6971	115.164	2759.12		24.1193	-4.20406	835.377		38.4116	-47.3596	834.424		
-64.6971	115.164	2759.12		24.0938	-4.1958	835.293		38.4288	-47.3776	834.477		
-64.6971	115.164	2759.12		24.1079	-4.18714	835.313		38.4116	-47.3596	834.424		
-64.6971	115.164	2759.12		24.1103	-4.19602	835.403		38.4288	-47.3776	834.477		
-64.6971	115.164	2759.12		24.1168	-4.19515	835.289		38.4116	-47.3596	834.424		
-64.6971	115.164	2759.12		24.1499	-4.20601	835.478		38.4288	-47.3776	834.477		
16.6378	18.2344	835.76		24.1103	-4.19602	835.403		38.4288	-47.3776	834.477		
-64.6971	115.164	2759.12		24.1244	-4.19772	835.394		38.4116	-47.3596	834.424		
-64.6971	115.164	2759.12		24.1212	-4.19138	835.438		38.4288	-47.3776	834.477		
-64.6971	115.164	2759.12		24.0827	-4.20044	835.257		38.4288	-47.3776	834.477		
-64.6971	115.164	2759.12		24.1079	-4.18714	835.313		38.4288	-47.3776	834.477		
-64.697	115.164	2759.12		24.1486	-4.2018	835.551		38.4116	-47.3596	834.424		
-64.6971	115.164	2759.12		24.139	-4.21069	835.443		38.4288	-47.3776	834.477		
-64.6971	115.164	2759.12		24.0827	-4.20044	835.257		38.4116	-47.3596	834.424		
-64.6971	115.164	2759.12		24.1499	-4.20421	835.478		38.4116	-47.3596	834.424		
-64.6971	115.164	2759.12		24.0938	-4.1958	835.293		38.4288	-47.3776	834.477		
-64.6971	115.164	2759.12		24.0938	-4.1958	835.293		38.4288	-47.3776	834.477		
-64.6971	115.164	2759.12		24.1103	-4.19602	835.403		38.4116	-47.3596	834.424		
-64.6971	115.164	2759.12		24.1271	-4.1757	835.475		38.4288	-47.3776	834.477		
-64.6971	115.164	2759.12		24.1212	-4.19138	835.438		38.4116	-47.3596	834.424		
-64.6971	115.164	2759.12		24.0823	-4.17888	835.229		38.4288	-47.3776	834.477		
-64.6971	115.164	2759.12		24.1499	-4.20601	835.478		38.4116	-47.3596	834.424		
-64.6971	115.164	2759.12		24.0847	-4.18776	835.318		38.4116	-47.3596	834.424		
-64.6971	115.164	2759.12		24.0938	-4.1958	835.293		38.4116	-47.3596	834.424		
-64.6971	115.164	2759.12		24.1547	-4.19781	835.494		38.4116	-47.3596	834.424		
-64.6971	115.164	2759.12		24.1212	-4.19138	835.438		38.4116	-47.3596	834.424		
-64.6971	115.164	2759.12		24.1264	-4.18503	835.455		38.4116	-47.3596	834.424		
-64.6971	115.164	2759.12		24.0957	-4.18312	835.354		38.4288	-47.3776	834.477		
-64.6971	115.164	2759.12		24.139	-4.20886	835.443		38.4116	-47.3596	834.424		
-64.6971	115.164	2759.12		24.0827	-4.20044	835.257		38.4288	-47.3776	834.477		
-64.6971	115.164	2759.12		24.0933	-4.17424	835.265		38.4116	-47.3596	834.424		
-64.6971	115.164	2759.12		24.0827	-4.20044	835.257		38.4288	-47.3776	834.477		
-64.6971	115.164	2759.12		24.1244	-4.19772	835.394		38.4116	-47.3596	834.424		
-64.6971	115.164	2759.12		24.0847	-4.18776	835.318		38.4288	-47.3776	834.477		
-64.6971	115.164	2759.12		24.146	-4.21136	835.466		38.4116	-47.3596	834.424		
-64.6971	115.164	2759.12		24.0914	-4.18689	835.204		38.4116	-47.3596	834.424		
-64.6971	115.164	2759.12		24.139	-4.21069	835.443		38.4288	-47.3776	834.477		
-64.6971	115.164	2759.12		24.0803	-4.19153	835.168		38.4116	-47.3596	834.424		
-64.6971	115.164	2759.12		24.1103	-4.19602	835.403		38.4288	-47.3776	834.477		
-64.6971	115.164	2759.12		24.1193	-4.20406	835.377		38.4116	-47.3596	834.424		
-64.6971	115.164	2759.12		24.1499	-4.20601	835.478		38.4116	-47.3596	834.424		
16.6245	18.2419	835.714		24.1244	-4.19772	835.394		38.4116	-47.3596	834.424		
-64.697	115.164	2759.12		24.2076	-4.21354	835.669		38.4234	-47.3661	834.359		
-64.697	115.164	2759.12		24.1797	-4.18458	835.55		38.4288	-47.3776	834.477		
16.6378	18.2344	835.76		24.177	-4.21336	835.568		38.4288	-47.3776	834.477		
-64.697	115.164	2759.12		24.1821	-4.19346	835.639		38.4116	-47.3596	834.424		
-64.6971	115.164	2759.12		24.1239	-4.17433	835.366		38.4116	-47.3596	834.424		
-64.6971	115.164	2759.12		24.122	-4.1888	835.306		38.4288	-47.3776	834.477		
-64.6971	115.164	2759.12		24.0895	-4.2008	835.149		38.4288	-47.3776	834.477		
-64.6971	115.164	2759.12		24.141	-4.19618	835.504		38.4116	-47.3596	834.424		
-64.6971	115.164	2759.12		24.1518	-4.19152	835.539		38.4116	-47.3596	834.424		
-64.6971	115.164	2759.12		24.1802	-4.20615	835.578		38.4116	-47.3596	834.424		
-64.697	115.164	2759.12		24.1413	-4.19359	835.369		38.4116	-47.3596	834.424		
-64.6971	115.164	2759.12		24.1802	-4.20615	835.578		38.4288	-47.3776	834.477		
19.0624	20.1906	836.42		26.937	-2.09159	836.172		41.987	-45.0313	835.635		
-64.6788	115.163	2759.14		26.937	-2.09159	836.172		41.9895	-45.0279	835.643		
-64.6788	115.163	2759.14		26.937	-2.09159	836.172		41.9895	-45.0279	835.643		
19.0624	20.1906	836.42		26.937	-2.09159	836.172		41.946	-45.0129	835.394		
-64.6788	115.163	2759.14		26.937	-2.09159	836.172		41.9528	-45.0201	835.53		
19.0624	20.1906	836.42		26.937	-2.09159	836.172		41.9895	-45.0279	835.643		
19.0624	20.1906	836.42		26.9321	-2.10582	836.157		41.9895	-45.0279	835.643		
19.0624	20.1906	836.42		26.937	-2.09159	836.172		41.9909	-45.0453	835.675		
19.0624	20.1906	836.42		26.939	-2.07814	836.226		41.9351	-45.0306	835.475		
19.0624	20.1906	836.42		26.939	-2.07814	836.226		42.0237	-45.0391	835.748		
-64.6788	115.163	2759.14		26.939	-2.07814	836.226		41.9528	-45.0201	835.53		
19.0624	20.1906	836.42		26.937	-2.09159	836.172		41.9528	-45.0201	835.53		
19.0624	20.1906	836.42		26.937	-2.09159	836.172		42.0251	-45.0565	835.78		
19.0624	20.1906	836.42		26.939	-2.07814	836.226		42.0237	-45.0391	835.748		
-64.6788	115.163	2759.14		26.937	-2.09159	836.172		41.9909	-45.0453	835.675		
19.0624	20.1906	836.42		26.937	-2.09159	836.172		41.9542	-45.0375	835.562		
-64.6788	115.163	2759.14		26.937	-2.09159	836.172		42.0237	-45.0391	835.748		
19.0624	20.1906	836.42		26.939	-2.07814	836.226		41.9351	-45.0306	835.475		
-64.6788	115.163	2759.14		26.939	-2.07814	836.226		41.9895	-45.0279	835.643		
-64.6788	115.163	2759.14		26.939	-2.07814	836.226		41.9528	-45.0201	835.53		
19.0624	20.1906	836.42		26.937	-2.09159	836.172		41.9895	-45.0279	835.643		
-64.6788	115.163	2759.14		26.939	-2.07814	836.226		41.9895	-45.0279	835.643		
-64.6788	115.163	2759.14		26.937	-2.09159	836.172		41.9909	-45.0453	835.675		
-58.2008	83.0711	1900.05		26.937	-2.09159	836.172		41.987	-45.0313	835.635		
-64.6788	115.163	2759.14		26.939	-2.07814	836.226		41.9528	-45.0201	835.53		
-64.6788	115.163	2759.14		26.939	-2.07814	836.226		41.987	-45.0313	835.635		
19.0624	20.1906	836.42		26.939	-2.07814	836.226		41.9528	-45.0201	835.53		
-64.6788	115.163	2759.14		26.937	-2.09159	836.172		41.9528	-45.0201	835.53		
-64.6788	115.163	2759.14		26.939	-2.07814	836.226		41.9506	-45.0247	835.487		
-64.6788	115.163	2759.14		26.937	-2.09159	836.172		41.9528	-45.0201	835.53		
-64.6788	115.163	2759.14		26.939	-2.07814	836.226		41.9528	-45.0201	835.53		
19.0624	20.1906	836.42		26.937	-2.09159	836.172		41.9528	-45.0201	835.53		
-64.6788	115.163	2759.14		26.937	-2.09159	836.172		41.9528	-45.0201	835.53		
-64.6788	115.163	2759.14		26.937	-2.09159	836.172		41.9351	-45.0306	835.475		
19.0624	20.1906	836.42		26.9363	-2.10587	836.17		41.9714	-45.0384	835.587		
-64.6788	115.163	2759.14		26.939	-2.07814	836.226		42.0054	-45.0495	835.692		
19.0624	20.1906	836.42		26.937	-2.09159	836.172		41.9802	-45.0241	835.499		
-64.6788	115.163	2759.14		26.937	-2.09159	836.172		41.9542	-45.0375	835.562		
-64.6788	115.163	2759.14		26.937	-2.09159	836.172		41.9365	-45.0479	835.507		
-64.6788	115.163	2759.14		26.937	-2.09159	836.172		41.9528	-45.0201	835.53		
19.0624	20.1906	836.42		26.937	-2.09159	836.172		41.952	-45.0421	835.519		
-64.6788	115.163	2759.14		26.9363	-2.10587	836.17		41.9847	-45.0359	835.592		
-64.6788	115.163	2759.14		26.939	-2.07814	836.226		41.9895	-45.0279	835.643		
19.0624	20.1906	836.42		26.937	-2.09159	836.172		41.9884	-45.0487	835.667		
19.0624	20.1906	836.42		26.939	-2.07814	836.226		41.9805	-45.0252	835.464		
19.0624	20.1906	836.42		26.937	-2.09159	836.172		41.987	-45.0313	835.635		
19.0624	20.1906	836.42		26.937	-2.09159	836.172		41.987	-45.0313	835.635		
19.0624	20.1906	836.42		26.937	-2.09159	836.172		42.0237	-45.0391	835.748		
-64.6788	115.163	2759.14		26.934	-2.09237	836.211		41.9884	-45.0487	835.667		
-64.6788	115.163	2759.14		26.937	-2.09159	836.172		41.9592	-45.0203	835.654		
19.0624	20.1906	836.42		26.939	-2.07814	836.226		41.9528	-45.0201	835.53		
-64.6788	115.163	2759.14		26.939	-2.07814	836.226		41.9909	-45.0453	835.675		
19.0624	20.1906	836.42		26.939	-2.07814	836.226		41.9528	-45.0201	835.53		
19.0624	20.1906	836.42		26.939	-2.07814	836.226		42.0237	-45.0391	835.748		
19.061	20.204	836.347		26.9762	-2.08174	836.348		42.0091	-45.0074	835.454		
19.0606	20.2153	836.345		27.011	-2.07184	836.267		41.9919	-44.9803	835.175		
19.2886	20.4535	836.737		27.1877	-1.8922	836.14		42.2485	-44.7308	835.046		
19.2886	20.4535	836.737		27.1826	-1.90932	835.99		42.2459	-44.7346	834.997		
-64.677	115.163	2759.13		27.2035	-1.84623	836.096		42.2796	-44.734	835.1		
19.3618	20.5035	836.822		27.1735	-1.84158	835.998		42.3155	-44.7351	835.211		
19.3642	20.4689	836.945		27.2035	-1.84623	836.096		42.3001	-44.7174	835.163		
-64.6771	115.163	2759.13		27.2035	-1.84623	836.096		42.2643	-44.7162	835.053		
19.4037	20.4814	836.99		27.2003	-1.85418	836.001		42.294	-44.7054	835.041		
-64.6769	115.162	2759.13		27.203	-1.86134	836.089		42.3002	-44.7242	835.164		
19.3897	20.4639	836.944		27.1931	-1.8395	835.977		42.2608	-44.7004	834.981		
-64.677	115.163	2759.13		27.2173	-1.83366	836.141		42.2796	-44.734	835.1		
19.4037	20.4814	836.99		27.2035	-1.84623	836.096		42.2822	-44.7302	835.15		
-64.6768	115.162	2759.13		27.1995	-1.84002	835.97		42.3001	-44.7174	835.163		
19.3894	20.4848	836.917		27.2027	-1.83209	836.066		42.2796	-44.734	835.1		
19.4033	20.5024	836.962		27.2035	-1.84623	836.096		42.2822	-44.7302	835.15		
-64.6771	115.163	2759.14		27.1963	-1.83155	836.072		42.3027	-44.7136	835.213		
19.3897	20.4639	836.944		27.2003	-1.85418	836.001		42.2796	-44.734	835.1		
-64.6769	115.162	2759.13		27.2003	-1.85418	836.001		42.2643	-44.7162	835.053		
19.4033	20.5024	836.962		27.2035	-1.84623	836.096		42.2643	-44.7162	835.053		
-64.6769	115.162	2759.13		27.2035	-1.84623	836.096		42.3181	-44.7313	835.26		
-64.677	115.163	2759.13		27.1931	-1.8395	835.977		42.2608	-44.7004	834.981		
19.3621	20.4826	836.85		27.2003	-1.85418	836.001		42.312	-44.7193	835.138		
-64.677	115.163	2759.13		27.2035	-1.84623	836.096		42.3001	-44.7174	835.163		
19.3621	20.4826	836.85		27.2035	-1.84623	836.096		42.2643	-44.7162	835.053		
-64.6772	115.163	2759.14		27.2027	-1.83209	836.066		42.2796	-44.734	835.1		
19.3897	20.4639	836.944		27.2003	-1.85418	836.001		42.2643	-44.7162	835.053		
-64.6768	115.162	2759.13		27.203	-1.86134	836.089		42.3156	-44.7419	835.211		
19.3482	20.4822	836.778		27.203	-1.86134	836.089		42.2643	-44.7162	835.053		
-64.6771	115.163	2759.13		27.2035	-1.84623	836.096		42.2643	-44.7162	835.053		
-64.6771	115.163	2759.13		27.2035	-1.84623	836.096		42.2643	-44.7162	835.053		
19.3041	20.5253	836.626		27.1723	-1.84257	835.96		42.2582	-44.7042	834.93		
-64.6769	115.162	2759.13		27.2003	-1.85418	836.001		42.2796	-44.734	835.1		
19.4135	20.5079	836.996		27.2003	-1.85418	836.001		42.3155	-44.7351	835.211		
-64.6769	115.162	2759.13		27.2035	-1.84623	836.096		42.2582	-44.7042	834.93		
19.4331	20.4738	837.153		27.2003	-1.85418	836.001		42.2822	-44.7302	835.15		
-64.6771	115.163	2759.13		27.2003	-1.85418	836.001		42.2643	-44.7162	835.053		
19.321	20.4803	836.711		27.203	-1.86134	836.089		42.2643	-44.7162	835.053		
-64.6773	115.163	2759.13		27.2035	-1.84623	836.096		42.3028	-44.7204	835.213		
-64.677	115.163	2759.13		27.203	-1.86134	836.089		42.2796	-44.734	835.1		
19.3266	20.4683	836.731		27.2035	-1.84623	836.096		42.2796	-44.734	835.1		
-64.677	115.163	2759.13		27.2003	-1.85418	836.001		42.2643	-44.7162	835.053		
-64.6773	115.163	2759.13		27.203	-1.86134	836.089		42.2643	-44.7162	835.053		
-64.6768	115.162	2759.13		27.2035	-1.84623	836.096		42.3001	-44.7174	835.163		
-64.6769	115.162	2759.13		27.203	-1.86134	836.089		42.2643	-44.7162	835.053		
-64.6771	115.162	2759.13		27.2003	-1.85418	836.001		42.3155	-44.7351	835.211		
19.3641	20.4725	836.944		27.2035	-1.84623	836.096		42.2669	-44.7124	835.103		
-64.6773	115.162	2759.13		27.203	-1.86134	836.089		42.3155	-44.7351	835.211		
-64.6769	115.162	2759.13		27.203	-1.86134	836.089		42.3002	-44.7242	835.164		
-64.6771	115.162	2759.13		27.2035	-1.84623	836.096		42.2822	-44.7302	835.15		
-64.6769	115.162	2759.13		27.2003	-1.85418	836.001		42.3181	-44.7313	835.26		
19.3918	20.4537	837.039		27.2035	-1.84623	836.096		42.2669	-44.7124	835.103		
-64.6769	115.162	2759.13		27.2035	-1.84623	836.096		42.2643	-44.7162	835.053		
-64.6768	115.162	2759.13		27.2178	-1.85985	836.144		42.3001	-44.7174	835.163		
-64.677	115.163	2759.13		27.2035	-1.84623	836.096		42.2669	-44.7124	835.103		
19.3621	20.4826	836.85		27.2035	-1.84623	836.096		42.3156	-44.7419	835.211		
-64.6769	115.162	2759.13		27.203	-1.86134	836.089		42.3156	-44.7419	835.211		
-64.6768	115.162	2759.13		27.203	-1.86134	836.089		42.2669	-44.7124	835.103		
-64.677	115.162	2759.13		27.1735	-1.84158	835.998		42.2669	-44.7124	835.103		
19.3918	20.4537	837.039		27.203	-1.86134	836.089		42.2796	-44.734	835.1		
-64.677	115.163	2759.13		27.203	-1.86134	836.089		42.2643	-44.7162	835.053		
-64.6769	115.162	2759.13		27.2035	-1.84623	836.096		42.3155	-44.7351	835.211		
-64.677	115.163	2759.13		27.2035	-1.84623	836.096		42.2669	-44.7124	835.103		
19.3641	20.4725	836.944		27.203	-1.86134	836.089		42.2643	-44.7162	835.053		
-64.677	115.162	2759.13		27.2035	-1.84623	836.096		42.2669	-44.7124	835.103		
19.3918	20.4537	837.039		27.2035	-1.84623	836.096		42.3027	-44.7136	835.213		
-64.6769	115.162	2759.13		27.203	-1.86134	836.089		42.3181	-44.7313	835.26		
19.4335	20.4528	837.18		27.203	-1.86134	836.089		42.2643	-44.7162	835.053		
19.4054	20.4923	837.058		27.203	-1.86134	836.089		42.3356	-44.7253	835.272		
-64.677	115.163	2759.13		27.2003	-1.85418	836.001		42.2796	-44.734	835.1		
-64.677	115.163	2759.13		27.2035	-1.84623	836.096		42.3002	-44.7242	835.164		
19.3641	20.4725	836.944		27.2035	-1.84623	836.096		42.2643	-44.7162	835.053		
-64.6773	115.162	2759.13		27.203	-1.86134	836.089		42.2822	-44.7302	835.15		
-64.6772	115.163	2759.13		27.2067	-1.85956	836.2		42.2643	-44.7162	835.053		
19.4345	20.447	837.23		27.2035	-1.84623	836.096		42.2669	-44.7124	835.103		
-64.677	115.163	2759.13		27.2035	-1.84623	836.096		42.2643	-44.7162	835.053		
19.3621	20.4826	836.85		27.2035	-1.84623	836.096		42.3156	-44.7419	835.211		
19.3894	20.4848	836.917		27.1931	-1.8395	835.977		42.2643	-44.7162	835.053		
-64.6769	115.162	2759.13		27.2003	-1.85418	836.001		42.2643	-44.7162	835.053		
19.4037	20.4814	836.99		27.2035	-1.84623	836.096		42.2643	-44.7162	835.053		
19.3897	20.4639	836.944		27.203	-1.86134	836.089		42.3027	-44.7136	835.213		
-64.677	115.163	2759.13		27.2003	-1.85418	836.001		42.2643	-44.7162	835.053		
19.3621	20.4826	836.85		27.2035	-1.84623	836.096		42.2669	-44.7124	835.103		
19.3724	20.4882	836.884		27.2035	-1.84623	836.096		42.2669	-44.7124	835.103		
-64.6769	115.162	2759.13		27.2035	-1.84623	836.096		42.3027	-44.7136	835.213		
-64.677	115.163	2759.13		27.203	-1.86134	836.089		42.3511	-44.7429	835.32		
19.4314	20.4629	837.085		27.2035	-1.84623	836.096		42.2582	-44.7042	834.93		
-64.6768	115.162	2759.13		27.2003	-1.85418	836.001		42.3094	-44.7231	835.088		
-64.6771	115.163	2759.14		27.2035	-1.84623	836.096		42.2643	-44.7162	835.053		
-64.6767	115.162	2759.13		27.2003	-1.85418	836.001		42.3155	-44.7351	835.211		
19.3638	20.4935	836.917		27.2035	-1.84623	836.096		42.3002	-44.7242	835.164		
-64.6767	115.162	2759.13		27.2035	-1.84623	836.096		42.3094	-44.7231	835.088		
19.4033	20.5024	836.962		27.2146	-1.8678	836.048		42.2734	-44.722	834.977		
19.4033	20.5024	836.962		27.2003	-1.85418	836.001		42.3511	-44.7429	835.32		
-64.6768	115.162	2759.13		27.2003	-1.85418	836.001		42.3156	-44.7419	835.211		
19.4314	20.4629	837.085		27.2003	-1.85418	836.001		42.2643	-44.7162	835.053		
19.3894	20.4848	836.917		27.2035	-1.84623	836.096		42.3001	-44.7174	835.163		
19.3897	20.4639	836.944		27.2003	-1.85418	836.001		42.2669	-44.7124	835.103		
-64.677	115.163	2759.13		27.2035	-1.84623	836.096		42.3001	-44.7174	835.163		
-64.677	115.163	2759.13		27.2035	-1.84623	836.096		42.2643	-44.7162	835.053		
19.4311	20.4838	837.057		27.1966	-1.85384	835.89		42.2796	-44.734	835.1		
-64.6769	115.162	2759.13		27.2003	-1.85418	836.001		42.2643	-44.7162	835.053		
-64.6767	115.162	2759.13		27.1995	-1.84002	835.97		42.3001	-44.7174	835.163		
-64.677	115.162	2759.13		27.2003	-1.85418	836.001		42.3155	-44.7351	835.211		
19.3914	20.4748	837.012		27.2035	-1.84623	836.096		42.3155	-44.7351	835.211		
-64.6769	115.162	2759.13		27.2035	-1.84623	836.096		42.3001	-44.7174	835.163		
-64.677	115.163	2759.13		27.2003	-1.85418	836.001		42.2643	-44.7162	835.053		
19.4314	20.4629	837.085		27.203	-1.86134	836.089		42.2643	-44.7162	835.053		
-64.677	115.163	2759.13		27.2035	-1.84623	836.096		42.2643	-44.7162	835.053		
19.3621	20.4826	836.85		27.2035	-1.84623	836.096		42.2796	-44.734	835.1		
-64.6771	115.163	2759.13		27.2003	-1.85418	836.001		42.3027	-44.7136	835.213		
19.3618	20.5035	836.822		27.203	-1.86134	836.089		42.2796	-44.734	835.1		
-64.6769	115.162	2759.13		27.203	-1.86134	836.089		42.3155	-44.7351	835.211		
19.4311	20.4838	837.057		27.2003	-1.85418	836.001		42.2796	-44.734	835.1		
-64.677	115.163	2759.13		27.2035	-1.84623	836.096		42.3002	-44.7242	835.164		
-64.6771	115.163	2759.14		27.2035	-1.84623	836.096		42.2643	-44.7162	835.053		
-64.6769	115.162	2759.13		27.2035	-1.84623	836.096		42.3001	-44.7174	835.163		
19.3262	20.4927	836.703		27.2003	-1.85418	836.001		42.3001	-44.7174	835.163		
-64.6767	115.162	2759.13		27.2003	-1.85418	836.001		42.2582	-44.7042	834.93		
-64.6767	115.162	2759.13		27.2027	-1.83209	836.066		42.2669	-44.7124	835.103		
-64.6769	115.162	2759.13		27.2035	-1.84623	836.096		42.2643	-44.7162	835.053		
19.4311	20.4838	837.057		27.2003	-1.85418	836.001		42.3001	-44.7174	835.163		
-64.6767	115.162	2759.13		27.2003	-1.85418	836.001		42.3001	-44.7174	835.163		
19.3618	20.5035	836.822		27.2035	-1.84623	836.096		42.2796	-44.734	835.1		
19.3897	20.4639	836.944		27.2141	-1.88305	836.04		42.2582	-44.7042	834.93		
19.3621	20.4826	836.85		27.2003	-1.85418	836.001		42.2822	-44.7302	835.15		
19.3894	20.4848	836.917		27.2035	-1.84623	836.096		42.294	-44.7054	835.041		
-64.6767	115.162	2759.13		27.2035	-1.84623	836.096		42.3001	-44.7174	835.163		
19.3894	20.4848	836.917		27.2035	-1.84623	836.096		42.3001	-44.7174	835.163		
-64.6767	115.162	2759.13		27.2035	-1.84623	836.096		42.2582	-44.7042	834.93		
-64.677	115.163	2759.13		27.2035	-1.84623	836.096		42.3001	-44.7174	835.163		
19.4314	20.4629	837.085		27.2003	-1.85418	836.001		42.3155	-44.7351	835.211		
-64.6768	115.162	2759.13		27.2035	-1.84623	836.096		42.3001	-44.7174	835.163		
-64.6768	115.162	2759.13		27.2035	-1.84623	836.096		42.3155	-44.7351	835.211		
-64.6769	115.162	2759.13		27.2035	-1.84623	836.096		42.3511	-44.7429	835.32		
19.3621	20.4826	836.85		27.2027	-1.83209	836.066		42.3511	-44.7429	835.32		
-64.6768	115.162	2759.13		27.2003	-1.85418	836.001		42.3511	-44.7429	835.32		
19.4314	20.4629	837.085		27.2003	-1.85418	836.001		42.3001	-44.7174	835.163		
19.3638	20.4935	836.917		27.2035	-1.84623	836.096		42.3155	-44.7351	835.211		
19.3897	20.4639	836.944		27.2003	-1.85418	836.001		42.2732	-44.6985	835.122		
19.3894	20.4848	836.917		27.2003	-1.85418	836.001		42.2643	-44.7162	835.053		
19.3618	20.5035	836.822		27.2003	-1.85418	836.001		42.2734	-44.722	834.977		
19.3897	20.4639	836.944		27.1995	-1.84002	835.97		42.2643	-44.7162	835.053		
19.3897	20.4639	836.944		27.2035	-1.84623	836.096		42.2643	-44.7162	835.053		
-64.6767	115.162	2759.13		27.1966	-1.85384	835.89		42.2796	-44.734	835.1		
-64.6769	115.162	2759.13		27.2035	-1.84623	836.096		42.294	-44.7054	835.041		
19.4314	20.4629	837.085		27.2003	-1.85418	836.001		42.3155	-44.7351	835.211		
-64.6769	115.162	2759.13		27.2003	-1.85418	836.001		42.3356	-44.7253	835.272		
-64.677	115.162	2759.13		27.2003	-1.85418	836.001		42.3155	-44.7351	835.211		
10.6581	19.1985	836.572		12.0603	-4.45089	835.994		14.7602	-49.8874	834.621		
-64.7469	115.164	2759.02		12.0778	-4.46284	836.056		14.7751	-49.8633	834.564		
10.6827	19.1565	836.662		12.0603	-4.45089	835.994		14.7582	-49.8729	834.507		
10.6369	19.2135	836.43		12.0968	-4.45263	836.121		14.7602	-49.8874	834.621		
10.6467	19.2352	836.463		12.0778	-4.46284	836.056		14.7569	-49.8562	834.423		
10.6581	19.1985	836.572		12.0773	-4.45755	836.014		14.7905	-49.8636	834.537		
10.6473	19.2218	836.532		12.0793	-4.44057	836.06		14.7738	-49.8466	834.48		
10.6581	19.1985	836.572		12.0968	-4.45263	836.121		14.7905	-49.8636	834.537		
-64.7468	115.164	2759.02		12.0968	-4.45263	836.121		14.7569	-49.8562	834.423		
10.6467	19.2352	836.463		12.0788	-4.42039	836.006		14.7905	-49.8636	834.537		
10.6574	19.212	836.502		12.0787	-4.43527	836.018		14.7569	-49.8562	834.423		
-64.7466	115.164	2759.02		12.0787	-4.43527	836.018		14.784	-49.8453	834.393		
-64.7467	115.164	2759.02		12.0963	-4.43245	836.067		14.7716	-49.8369	834.351		
10.6475	19.1902	836.469		12.0787	-4.43527	836.018		14.7569	-49.8562	834.423		
10.6653	19.2018	836.531		12.0793	-4.44057	836.06		14.837	-49.8529	834.697		
10.6574	19.212	836.502		12.0771	-4.42602	835.899		14.8391	-49.8496	834.582		
-64.7468	115.164	2759.02		12.0787	-4.43527	836.018		14.8051	-49.8444	834.466		
-64.7468	115.164	2759.02		12.0963	-4.43245	836.067		14.8051	-49.8444	834.466		
-64.7468	115.164	2759.02		12.0946	-4.45284	835.972		14.8178	-49.8691	834.541		
10.6475	19.1902	836.469		12.0963	-4.44734	836.079		14.7882	-49.8538	834.408		
-64.7468	115.164	2759.02		12.0963	-4.44734	836.079		14.8152	-49.8429	834.38		
-64.7468	115.164	2759.02		12.0603	-4.45089	835.994		14.8513	-49.8579	834.624		
-64.7468	115.164	2759.02		12.0755	-4.4392	835.8		14.8687	-49.8485	834.683		
-0.183612	17.414	798.726		12.0598	-4.43072	835.941		14.8351	-49.8596	834.6		
10.6951	19.2126	836.634		12.1229	-4.42736	836.159		14.8645	-49.8452	834.457		
-64.7466	115.164	2759.02		12.0946	-4.45284	835.972		14.8348	-49.8432	834.567		
-64.7466	115.164	2759.02		12.0947	-4.44573	835.968		14.8156	-49.8593	834.411		
10.6921	19.1916	836.625		12.0963	-4.44734	836.079		14.8348	-49.8432	834.567		
-64.7466	115.164	2759.02		12.0787	-4.43527	836.018		14.8665	-49.8386	834.556		
-64.7466	115.164	2759.02		12.0788	-4.42039	836.006		14.8348	-49.8432	834.567		
10.7031	19.2025	836.663		12.0947	-4.44573	835.968		14.8687	-49.8485	834.683		
-64.7466	115.164	2759.02		12.1229	-4.42736	836.159		14.8645	-49.8452	834.457		
-64.7466	115.164	2759.02		12.0788	-4.42039	836.006		14.8687	-49.8485	834.683		
-64.7466	115.164	2759.02		12.0771	-4.43367	835.907		14.8665	-49.8386	834.556		
10.6467	19.2352	836.463		12.085	-4.43492	835.938		14.8687	-49.8485	834.683		
-64.7466	115.164	2759.02		12.1293	-4.43487	836.088		14.8665	-49.8386	834.556		
-64.7466	115.164	2759.02		12.0771	-4.44077	835.911		14.8665	-49.8386	834.556		
10.6467	19.2352	836.463		12.0787	-4.43527	836.018		14.8329	-49.8497	834.47		
-64.7467	115.164	2759.02		12.0757	-4.45594	835.903		14.8687	-49.8485	834.683		
-64.7467	115.164	2759.02		12.1196	-4.44618	835.953		14.8645	-49.8452	834.457		
-64.7466	115.164	2759.02		12.1197	-4.43133	835.94		14.8645	-49.8452	834.457		
-64.7468	115.164	2759.02		12.0772	-4.4187	835.894		14.8657	-49.8569	834.53		
10.7031	19.2025	836.663		12.1197	-4.43133	835.94		14.8644	-49.8432	834.446		
-64.7466	115.164	2759.02		12.0931	-4.43642	835.848		14.8645	-49.8452	834.457		
10.6653	19.2018	836.531		12.1229	-4.42736	836.159		14.8645	-49.8452	834.457		
10.684	19.2356	836.593		12.093	-4.45127	835.861		14.8665	-49.8386	834.556		
10.8308	19.2198	836.631		12.2197	-4.37007	835.687		15.123	-49.7751	834.624		
11.7217	19.2688	836.419		14.1576	-4.25679	835.741		18.8085	-49.4248	834.692		
-64.733	115.163	2759.03		15.498	-4.04435	836.82		21.305	-49.1536	836.273		
14.8265	19.7247	837.686		19.6488	-3.40678	836.786		29.0766	-47.9095	836.487		
-64.7065	115.163	2759.07		21.6364	-2.95941	837.134		32.7695	-47.0513	837.16		
-64.6977	115.162	2759.08		23.2441	-2.45751	836.913		35.4549	-46.1808	836.663		
-64.691	115.163	2759.1		24.5391	-1.98317	836.787		37.7747	-45.5051	836.66		
-64.6712	115.162	2759.14		28.3574	-0.584004	836.234		44.1215	-43.2091	835.716		
-64.6637	115.162	2759.15		29.5676	0.100197	836.183		46.0017	-42.2512	835.408		
-59.9849	78.8022	1740.13		30.6469	0.697659	835.656		47.4625	-41.6273	835.071		
19.6108	21.4096	836.259		28.0314	-0.673262	835.804		44.1294	-43.2376	834.636		
20.466	21.8239	836.547		28.9791	-0.217357	835.905		45.3311	-42.6673	835.202		
20.3768	21.6957	837.327		28.6809	-0.380848	835.865		45	-42.7879	835.01		
19.8925	21.5706	836.491		28.429	-0.524458	836.102		44.7341	-42.9572	835.583		
-64.6709	115.162	2759.14		28.5671	-0.41251	835.819		44.7768	-42.9097	835.326		
20.0712	21.6036	836.603		28.5293	-0.479232	836		44.7611	-42.9602	835.564		
-64.6709	115.162	2759.14		28.5434	-0.423438	835.905		44.792	-42.9402	835.611		
20.1313	21.6419	836.802		28.5277	-0.464826	835.851		44.7584	-42.9429	835.509		
-64.6709	115.162	2759.14		28.5434	-0.423438	835.905		44.7584	-42.9429	835.509		
-64.6704	115.162	2759.14		28.5869	-0.401991	835.568		44.8677	-42.8165	835.029		
-64.6709	115.162	2759.14		28.5724	-0.41348	835.973		44.787	-42.9235	835.516		
20.2	21.6477	836.981		28.5588	-0.436228	835.587		44.7933	-42.8788	835.005		
-64.6709	115.162	2759.14		28.5731	-0.427627	836.001		44.7842	-42.916	835.462		
-64.6708	115.162	2759.14		28.5727	-0.442432	835.996		44.787	-42.9235	835.516		
20.1684	21.6417	836.927		28.5726	-0.413234	836.004		44.787	-42.9235	835.516		
-64.6709	115.162	2759.14		28.5731	-0.427627	836.001		44.7584	-42.9429	835.509		
-64.6708	115.162	2759.14		28.5657	-0.427136	835.786		44.7768	-42.9097	835.326		
20.1313	21.6419	836.802		28.5674	-0.429387	835.86		44.7842	-42.916	835.462		
-64.6708	115.162	2759.14		28.5724	-0.41348	835.973		44.787	-42.9235	835.516		
20.1684	21.6417	836.927		28.5689	-0.444237	835.886		44.787	-42.9235	835.516		
-64.6708	115.162	2759.14		28.5681	-0.430032	835.857		44.7842	-42.916	835.462		
20.187	21.6096	836.947		28.562	-0.495961	835.896		44.7611	-42.9602	835.564		
-64.6705	115.162	2759.14		28.5588	-0.436228	835.587		44.7814	-42.8892	835.016		
20.1672	21.6456	836.871		28.5686	-0.415109	835.863		44.8095	-42.9082	835.539		
-64.6709	115.162	2759.14		28.5674	-0.429387	835.86		44.7842	-42.916	835.462		
-64.6707	115.162	2759.14		28.5323	-0.422558	835.579		44.7768	-42.9097	835.326		
-64.6706	115.162	2759.14		28.5681	-0.41451	835.851		44.7666	-42.8985	835.134		
-64.6708	115.162	2759.14		28.5389	-0.410922	835.767		44.7842	-42.916	835.462		
-64.6709	115.162	2759.14		28.5674	-0.429387	835.86		44.7842	-42.916	835.462		
-64.6709	115.162	2759.14		28.5389	-0.410922	835.767		44.7842	-42.916	835.462		
20.1672	21.6456	836.871		28.5625	-0.436556	835.697		44.7993	-42.8943	835.348		
20.1627	21.6342	836.857		28.5657	-0.427136	835.786		44.7993	-42.8943	835.348		
-64.6708	115.162	2759.14		28.5657	-0.427136	835.786		44.7955	-42.8932	835.278		
19.1408	21.264	836.114		27.1604	-1.05466	835.335		42.6358	-43.9012	835.075		
17.1902	20.8284	836.581		23.512	-2.02877	836.262		35.2718	-45.9486	835.369		
14.6521	20.158	836.954		18.8375	-3.14951	836.751		26.7421	-47.8707	836.26		
-64.7221	115.163	2759.05		17.2833	-3.28963	837.042		23.7226	-48.3087	836.71		
12.0963	19.7288	838.115		14.2772	-3.80806	837.469		18.6099	-49.1205	837.411		
-64.7487	115.163	2758.99		12.4353	-4.404	837.744		15.7963	-49.7956	837.122		
-64.7514	115.163	2759		11.5741	-4.59227	837.357		14.3626	-49.9547	837.145		
-64.7551	115.163	2759		10.7533	-4.62686	836.56		12.7108	-50.0914	836.162		
7.70979	18.2555	836.678		8.15603	-5.3956	836.401		8.98008	-50.8027	835.887		
-64.762	115.163	2758.98		9.48608	-4.7527	836.836		10.6516	-50.1778	836.742		
-64.7506	115.163	2759		11.2304	-3.99651	837.165		12.9648	-49.4865	837.076		
10.531	19.5077	836.907		11.7809	-4.09555	836.779		14.0494	-49.5013	836.323		
-64.7452	115.163	2759.01		12.188	-3.95922	836.489		14.7337	-49.3559	836.492		
-64.7452	115.163	2759.01		12.2792	-3.99284	836.807		14.872	-49.418	836.349		
-64.744	115.163	2759.02		12.562	-3.93857	836.85		15.3097	-49.3571	836.191		
11.6597	19.6174	837.113		13.4843	-3.87653	836.261		17.2265	-49.2432	835.909		
-64.7315	115.163	2759.04		15.4405	-3.68476	836.651		20.7391	-48.8536	836.084		
18.3563	20.9571	836.877		25.5699	-1.4624	836.299		39.5336	-44.7432	835.314		
20.3906	21.8632	836.385		29.0014	-0.148577	835.689		45.4627	-42.5413	834.085		
-64.6726	115.163	2759.14		28.4321	-0.500518	835.699		44.8126	-42.8835	834.366		
-64.6681	115.162	2759.15		29.0611	-0.109731	835.71		45.4988	-42.4832	834.092		
20.1355	21.7078	836.61		28.6432	-0.364816	835.44		45.1538	-42.7525	834.625		
-64.6685	115.162	2759.15		28.9946	-0.162097	835.668		45.4627	-42.5413	834.085		
-57.6008	83.4474	1872.71		28.8132	-0.267299	835.692		45.3504	-42.6932	834.66		
-64.6684	115.162	2759.15		28.9636	-0.179354	835.753		45.4971	-42.5747	834.717		
-64.6809	115.163	2759.13		27.1805	-1.1987	835.306		43.3603	-43.641	833.897		
16.9224	19.8386	836.058		25.0801	-2.37113	834.731		40.9263	-44.9726	833.323		
-64.7088	115.164	2759.11		23.0493	-3.56128	833.826		38.5161	-46.2991	832.291		
13.3039	18.3829	837.467		21.363	-3.78222	836.693		36.6506	-46.5687	834.887		
-64.7384	115.16	2758.94		21.1517	-2.43955	843.388		37.2173	-44.9673	843.198		
-64.7821	115.159	2758.82		16.2672	-3.71132	847.564		32.1074	-46.3408	847.828		
2.70794	17.8809	853.795		10.8544	-4.36085	853.81		26.6048	-47.1769	855.27		
1.9261	17.7935	854.94		9.9548	-4.42382	855.285		25.5882	-47.2149	857.29		
-64.8368	115.156	2758.64		10.4869	-3.92984	856.113		26.2064	-46.6771	858.26		
3.06567	18.7956	856.192		11.3326	-3.32061	857.036		27.0749	-46.0158	858.377		
-64.8324	115.156	2758.64		11.2496	-3.31487	857.174		27.0199	-46.0169	858.546		
-64.8324	115.156	2758.64		11.2587	-3.27788	857.297		27.0837	-45.918	859.37		
-64.8313	115.156	2758.64		11.3905	-3.24609	857.259		27.1362	-45.8379	858.867		
-64.8313	115.155	2758.64		11.3548	-3.20367	857.165		27.1359	-45.8041	858.78		
3.43653	19.245	856.582		11.7646	-2.90483	857.229		27.6621	-45.5113	859.139		
-64.8295	115.155	2758.64		11.7646	-2.90483	857.229		27.6108	-45.5242	859.041		
-64.8281	115.155	2758.64		11.9991	-2.80725	857.457		27.8369	-45.3938	858.972		
-64.8138	115.15	2758.53		15.8698	-1.6484	869.747		32.8672	-44.9081	874.183		
-64.8035	115.154	2758.66		15.6942	-0.589901	859.208		32.2724	-42.8308	861.008		
7.38014	21.4386	857.806		16.0786	-0.497056	858.62		32.7843	-42.7392	860.647		
8.27679	22.0797	858.129		17.0964	0.164389	858.868		34.087	-42.0202	861.089		
8.23928	22.0723	857.993		17.0779	0.130869	858.805		34.1266	-42.0699	861.343		
9.13247	22.5357	857.755		18.0513	0.680163	858.314		35.2349	-41.4471	860.915		
-64.7892	115.154	2758.68		17.7119	0.546117	859		34.7478	-41.5484	861.058		
-64.7925	115.154	2758.68		17.2473	0.308183	858.669		34.1831	-41.9269	861.014		
7.03657	21.6757	858.297		15.803	-0.301548	859.821		32.3898	-42.6478	861.99		
-44.3097	132.55	2994.29		17.6282	-0.339257	846.088		34.2784	-42.842	846.817		
-64.748	115.162	2758.97		19.9643	0.412302	839.645		36.7415	-41.8569	839.312		
-64.7211	115.164	2759.09		22.3385	1.23356	833.213		39.3304	-40.9629	831.588		
-64.7004	115.166	2759.18		24.1992	2.09494	827.81		41.5145	-39.9646	825.541		
17.738	25.3429	817.202		26.729	3.6136	814.633		44.1575	-38.2149	810.684		
-64.6503	115.174	2759.5		27.3482	5.52088	808.095		45.2087	-36.478	804.058		
-64.6417	115.184	2759.79		24.469	6.64206	786.069		41.2951	-34.8895	777.298		
-64.6603	115.188	2759.85		20.7361	6.45042	779.067		36.807	-35.0922	769.271		
11.1148	26.8628	785.542		19.0458	5.34145	780.029		34.792	-36.3304	770.29		
10.6958	26.5478	785.566		18.6798	5.16523	780.631		34.2973	-36.6107	770.607		
-64.6759	115.188	2759.8		18.8751	5.30287	780.08		34.5453	-36.3562	770.49		
-13.8561	194.875	4037.09		18.6569	5.22929	780.713		34.273	-36.5873	770.536		
-64.6768	115.188	2759.8		18.7812	5.249	780.542		34.4382	-36.475	770.592		
-64.6752	115.188	2759.8		18.994	5.37313	780.232		34.791	-36.2932	770.847		
-64.6748	115.187	2759.8		19.0085	5.42229	780.114		34.8173	-36.2129	770.712		
11.2467	27.0563	785.421		19.2799	5.5852	780.408		34.9245	-36.0417	770.325		
-64.6726	115.188	2759.81		19.3134	5.66484	780.376		35.0668	-36.0118	770.516		
-64.6727	115.188	2759.81		19.3062	5.61689	780.434		35.0429	-36.0173	770.509		
11.4554	27.1603	785.578		19.4916	5.82052	780.185		35.3804	-35.8588	770.802		
-64.6704	115.187	2759.81		19.687	5.93908	779.983		35.4604	-35.7126	770.011		
11.3264	27.1009	785.447		19.3407	5.73328	780.488		35.1597	-35.9629	770.746		
-64.6738	115.188	2759.8		19.2304	5.56609	780.522		34.9376	-36.0569	770.614		
9.65344	25.9647	786.083		17.439	4.4409	780.965		32.9236	-37.3612	771.393		
9.34923	25.756	786.845		17.1248	4.15188	781.381		32.5035	-37.69	771.684		
-64.6964	115.187	2759.74		16.6539	3.71612	782.399		31.8676	-38.1634	772.746		
6.14408	23.3697	789.029		13.3864	1.66497	783.416		28.0511	-40.5469	774.111		
-64.7389	115.186	2759.64		11.2973	0.343686	784.09		25.5566	-41.9635	774.921		
-0.783923	23.0616	841.934		8.08724	1.21705	839.811		25.1618	-40.7661	836.145		
-0.784067	23.0394	841.805		8.08198	1.20349	839.793		25.1618	-40.7661	836.145		
-64.8468	115.162	2758.77		8.11377	1.23689	839.885		25.1531	-40.7487	836.116		
-0.783923	23.0616	841.934		8.08204	1.21825	839.774		25.1618	-40.7661	836.145		
-64.8463	115.162	2758.77		8.13611	1.24559	839.964		25.1531	-40.7487	836.116		
-0.756021	23.0932	841.873		8.13501	1.25844	839.827		25.1531	-40.7487	836.116		
-0.261411	20.2939	843.491		8.13546	1.26913	839.856		25.1531	-40.7487	836.116		
-64.8462	115.162	2758.77		8.1354	1.25459	839.874		25.1531	-40.7487	836.116		
-0.722489	23.0912	841.844		8.13389	1.27919	839.676		25.1531	-40.7487	836.116		
-55.7106	149.855	3325.13		8.16097	1.30012	839.703		25.2471	-40.7206	836.284		
-64.8458	115.162	2758.78		8.16097	1.30012	839.703		25.2471	-40.7206	836.284		
-64.8458	115.162	2758.78		8.16101	1.32247	839.671		25.2471	-40.7206	836.284		
-0.726506	23.0752	841.512		8.15852	1.28679	839.472		25.2471	-40.7206	836.284		
-64.8458	115.162	2758.78		8.15991	1.29209	839.608		25.2471	-40.7206	836.284		
-64.8458	115.162	2758.78		8.15919	1.30114	839.519		25.2471	-40.7206	836.284		
-64.8458	115.162	2758.78		8.15919	1.30114	839.519		25.2471	-40.7206	836.284		
-0.726506	23.0752	841.512		8.15852	1.28679	839.472		25.2813	-40.7281	836.396		
-64.8458	115.162	2758.78		8.15919	1.30114	839.519		25.2813	-40.7281	836.396		
-64.8458	115.162	2758.78		8.15994	1.31421	839.575		25.2813	-40.7281	836.396		
-0.696049	23.0888	841.623		8.15826	1.30609	839.414		25.2813	-40.7281	836.396		
-0.726338	23.0878	841.521		8.15919	1.30114	839.519		25.2787	-40.7119	836.302		
-0.260892	20.2799	843.186		8.15826	1.30609	839.414		25.2787	-40.7119	836.302		
-55.4023	150.397	3333.89		8.25028	1.36222	839.647		25.4716	-40.6494	836.677		
-64.8452	115.162	2758.78		8.23851	1.39971	839.657		25.4716	-40.6494	836.677		
-64.8452	115.162	2758.78		8.25923	1.38933	839.731		25.5713	-40.6613	837.005		
-64.8455	115.162	2758.77		8.26799	1.39729	839.732		25.5374	-40.6579	836.894		
-0.649022	23.1358	841.533		8.23851	1.39971	839.657		25.4716	-40.6494	836.677		
-64.8452	115.162	2758.78		8.25914	1.40315	839.7		25.5025	-40.6413	836.697		
-64.8452	115.162	2758.78		8.25923	1.38933	839.731		25.536	-40.641	836.842		
-64.8452	115.162	2758.78		8.25094	1.38979	839.672		25.4716	-40.6494	836.677		
-64.8452	115.162	2758.78		8.23767	1.39977	839.571		25.5374	-40.6579	836.894		
-0.649022	23.1358	841.533		8.23851	1.39971	839.657		25.5391	-40.6607	836.899		
-64.8452	115.162	2758.78		8.25923	1.38933	839.731		25.5374	-40.6579	836.894		
-64.8452	115.162	2758.78		8.25839	1.38939	839.645		25.5347	-40.642	836.802		
-0.617206	23.1317	841.651		8.29755	1.41653	839.739		25.5713	-40.6613	837.005		
-64.8452	115.162	2758.78		8.30747	1.40473	839.871		25.5674	-40.6286	836.863		
-0.617206	23.1317	841.651		8.25914	1.40315	839.7		25.5674	-40.6286	836.863		
-0.649022	23.1358	841.533		8.29844	1.41061	839.839		25.5674	-40.6286	836.863		
-64.8452	115.162	2758.78		8.2658	1.42215	839.627		25.5297	-40.6167	836.627		
-64.8452	115.162	2758.78		8.28767	1.40581	839.801		25.5297	-40.6167	836.627		
-0.633702	23.1753	841.656		8.29755	1.41653	839.739		25.5297	-40.6167	836.627		
-64.8452	115.162	2758.78		8.29755	1.41653	839.739		25.5636	-40.6201	836.738		
-64.8452	115.162	2758.78		8.29755	1.41653	839.739		25.5636	-40.6201	836.738		
-64.8451	115.162	2758.78		8.2968	1.40282	839.685		25.6009	-40.6342	836.973		
-0.63395	23.1531	841.587		8.27644	1.42694	839.664		25.5636	-40.6201	836.738		
-64.8451	115.162	2758.78		8.27644	1.42694	839.664		25.5972	-40.6256	836.849		
-64.8452	115.162	2758.78		8.29755	1.41653	839.739		25.5972	-40.6256	836.849		
-64.845	115.162	2758.78		8.30658	1.41065	839.772		25.578	-40.6406	836.786		
-64.8451	115.162	2758.78		8.3572	1.40913	840.047		25.5972	-40.6256	836.849		
-0.602257	23.1493	841.704		8.29755	1.41653	839.739		25.5972	-40.6256	836.849		
-64.845	115.162	2758.78		8.30592	1.42431	839.769		25.5972	-40.6256	836.849		
-0.601743	23.1841	841.697		8.32702	1.41766	839.844		25.5972	-40.6256	836.849		
-0.601986	23.1621	841.63		8.35517	1.41007	839.841		25.5936	-40.629	836.736		
-0.633431	23.1879	841.58		8.32708	1.41392	839.844		25.5972	-40.6256	836.849		
-64.845	115.162	2758.78		8.32596	1.40894	839.738		25.6115	-40.6463	836.896		
-64.845	115.162	2758.78		8.3563	1.41505	839.947		25.5936	-40.629	836.736		
-0.601986	23.1621	841.63		8.3259	1.41268	839.737		25.5972	-40.6256	836.849		
-64.8449	115.162	2758.78		8.29643	1.41155	839.633		25.6265	-40.64	836.844		
-0.601986	23.1621	841.63		8.3563	1.41505	839.947		25.6079	-40.6497	836.783		
-64.8449	115.162	2758.78		8.3259	1.41268	839.737		25.5972	-40.6256	836.849		
-64.8449	115.162	2758.78		8.30586	1.42803	839.768		25.6209	-40.606	836.825		
-64.845	115.162	2758.77		8.3563	1.41505	839.947		25.6124	-40.6195	836.798		
-64.845	115.162	2758.77		8.35517	1.41007	839.841		25.6124	-40.6195	836.798		
-64.845	115.162	2758.77		8.35517	1.41007	839.841		25.5972	-40.6256	836.849		
-0.577265	23.1793	841.72		8.354	1.40542	839.73		25.6085	-40.6113	836.667		
-64.8449	115.162	2758.78		8.354	1.40542	839.73		25.5902	-40.6051	836.617		
-64.8449	115.162	2758.78		8.35513	1.4104	839.836		25.6018	-40.6039	836.744		
-0.577265	23.1793	841.72		8.38969	1.41696	839.855		25.6085	-40.6113	836.667		
-64.8449	115.162	2758.78		8.41362	1.40796	840.048		25.6175	-40.5821	836.706		
-64.8449	115.162	2758.78		8.36307	1.3996	839.762		25.6085	-40.6113	836.667		
-0.577265	23.1793	841.72		8.41989	1.42249	840.069		25.6437	-40.5919	836.782		
-0.577015	23.2013	841.787		8.4187	1.41784	839.958		25.6215	-40.59	836.836		
-64.845	115.162	2758.77		8.3328	1.41574	839.654		25.613	-40.6034	836.808		
-0.577074	23.1885	841.67		8.42447	1.41291	840.086		25.6169	-40.5979	836.695		
-64.845	115.162	2758.77		8.4187	1.41784	839.958		25.6169	-40.5979	836.695		
-64.845	115.162	2758.77		8.41451	1.40881	839.944		25.6169	-40.5979	836.695		
-64.845	115.162	2758.77		8.38969	1.41696	839.855		25.6443	-40.5761	836.794		
-64.8449	115.162	2758.78		8.46204	1.41717	840.111		25.6596	-40.5742	836.844		
-0.577015	23.2013	841.787		8.40847	1.42811	839.921		25.6434	-40.5593	836.754		
-64.845	115.162	2758.77		8.45281	1.40017	840.079		25.6443	-40.5761	836.794		
-64.845	115.162	2758.77		8.44805	1.41497	840.062		25.6596	-40.5742	836.844		
-0.577015	23.2013	841.787		8.45275	1.40387	840.079		25.6589	-40.5901	836.832		
-0.567516	23.211	841.821		8.4374	1.42904	840.023		25.6596	-40.5742	836.844		
-64.8448	115.162	2758.78		8.49129	1.41803	840.215		25.6596	-40.5742	836.844		
-64.845	115.162	2758.77		8.47177	1.41051	840.038		25.6608	-40.5591	836.875		
-0.575511	23.2183	841.673		8.49324	1.41763	840.113		25.6596	-40.5742	836.844		
-0.541747	23.1711	841.809		8.49324	1.41763	840.113		25.6586	-40.5575	836.804		
-0.541522	23.1777	841.685		8.49022	1.42177	840.103		25.6872	-40.5442	836.807		
-64.8445	115.162	2758.78		8.50328	1.43096	840.256		25.6586	-40.5575	836.804		
-64.8446	115.162	2758.78		8.49129	1.41803	840.215		25.6586	-40.5575	836.804		
-64.8445	115.162	2758.78		8.49022	1.42177	840.103		25.6546	-40.5469	836.672		
-0.575114	23.2324	841.504		8.49022	1.42177	840.103		25.6968	-40.5557	836.93		
-64.8446	115.162	2758.78		8.51168	1.42896	840.178		25.6926	-40.5313	836.796		
-64.8446	115.162	2758.78		8.5022	1.4347	840.144		25.7167	-40.5629	836.877		
-0.50945	23.207	841.623		8.57644	1.47098	840.096		25.7119	-40.4922	836.497		
-64.8442	115.162	2758.78		8.57644	1.47098	840.096		25.7153	-40.4872	836.603		
-64.8442	115.162	2758.78		8.5773	1.46321	840.192		25.7134	-40.5001	836.548		
-64.8444	115.162	2758.78		8.57644	1.47098	840.096		25.7153	-40.4872	836.603		
-64.8442	115.162	2758.78		8.56747	1.48214	840.116		25.7095	-40.4757	836.413		
-0.549007	23.2037	841.478		8.56683	1.47665	840.061		25.7447	-40.5171	836.605		
-64.8442	115.162	2758.78		8.57622	1.48426	840.054		25.7327	-40.4771	836.659		
-64.8443	115.162	2758.78		8.57622	1.48426	840.054		25.7447	-40.5171	836.605		
-64.8444	115.162	2758.78		8.57622	1.48426	840.054		25.7153	-40.4872	836.603		
-64.8442	115.162	2758.78		8.57644	1.47098	840.096		25.7095	-40.4757	836.413		
-0.509292	23.2077	841.477		8.56683	1.47665	840.061		25.7423	-40.5006	836.521		
-0.496235	23.2148	841.671		8.57622	1.48426	840.054		25.7037	-40.4851	836.232		
-0.496079	23.2155	841.525		8.57598	1.49769	840.011		25.7252	-40.4492	836.408		
-0.469297	23.2074	841.625		8.57622	1.48426	840.054		25.7384	-40.4967	836.393		
-64.8437	115.162	2758.78		8.57598	1.49769	840.011		25.7601	-40.4905	836.579		
-0.456413	23.2151	841.672		8.56662	1.48993	840.02		25.7043	-40.475	836.246		
-0.448393	23.2367	841.7		8.57622	1.48426	840.054		25.7178	-40.4311	836.166		
-64.8442	115.162	2758.78		8.57622	1.48426	840.054		25.7178	-40.4311	836.166		
-64.8439	115.162	2758.78		8.57598	1.49769	840.011		25.7178	-40.4311	836.166		
-64.8437	115.162	2758.78		8.57598	1.49769	840.011		25.7216	-40.4649	836.303		
-64.8437	115.162	2758.78		8.57598	1.49769	840.011		25.7372	-40.4702	836.346		
-64.8439	115.162	2758.78		8.57622	1.48426	840.054		25.7567	-40.4765	836.466		
-0.422359	23.2263	841.797		8.57622	1.48426	840.054		25.7178	-40.4311	836.166		
-64.8437	115.162	2758.78		8.57598	1.49769	840.011		25.7218	-40.4352	836.295		
-0.413842	23.2483	841.826		8.57598	1.49769	840.011		25.7178	-40.4311	836.166		
-64.8437	115.162	2758.78		8.57622	1.48426	840.054		25.7097	-40.4215	836.139		
-0.413547	23.2627	841.739		8.59182	1.5213	839.994		25.751	-40.456	836.275		
-0.422359	23.2263	841.797		8.57598	1.49769	840.011		25.7178	-40.4311	836.166		
-0.413842	23.2483	841.826		8.60215	1.50429	840.103		25.7178	-40.4311	836.166		
-0.41348	23.2771	841.902		8.60215	1.50429	840.103		25.7178	-40.4311	836.166		
-0.413547	23.2627	841.739		8.60215	1.50429	840.103		25.7178	-40.4311	836.166		
-64.8437	115.162	2758.78		8.59182	1.5213	839.994		25.7178	-40.4311	836.166		
-0.413842	23.2483	841.826		8.57622	1.48426	840.054		25.7178	-40.4311	836.166		
-64.8436	115.162	2758.78		8.60215	1.50429	840.103		25.7178	-40.4311	836.166		
-64.8436	115.162	2758.78		8.57538	1.509	839.936		25.751	-40.456	836.275		
-64.8437	115.162	2758.78		8.60215	1.50429	840.103		25.7645	-40.4635	836.319		
-64.8437	115.162	2758.78		8.60215	1.50429	840.103		25.751	-40.456	836.275		
-64.8431	115.161	2758.77		8.6925	1.54518	839.997		25.8543	-40.359	836.204		
-0.300316	23.3764	842.09		8.64109	1.53442	839.722		25.8955	-40.3542	836.338		
-64.843	115.162	2758.78		8.6925	1.54518	839.997		25.8456	-40.3494	836.175		
-64.8431	115.162	2758.77		8.69136	1.53638	839.899		25.8862	-40.3538	836.297		
-64.8429	115.162	2758.78		8.69136	1.53638	839.899		25.9087	-40.3294	836.378		
-64.8429	115.161	2758.77		8.69136	1.53638	839.899		25.8867	-40.338	836.306		
-64.8429	115.161	2758.77		8.69136	1.53638	839.899		25.9082	-40.3451	836.369		
-0.27015	23.4049	842.001		8.69136	1.53638	839.899		25.8993	-40.3355	836.34		
-64.8429	115.161	2758.77		8.69136	1.53638	839.899		25.9084	-40.3129	836.36		
-64.8428	115.161	2758.78		8.69136	1.53638	839.899		25.8993	-40.3355	836.34		
-0.270019	23.4211	842.135		8.69136	1.53638	839.899		25.9046	-40.3328	836.249		
-0.270019	23.4211	842.135		8.69136	1.53638	839.899		25.9043	-40.3163	836.233		
-64.8429	115.161	2758.77		8.70475	1.54923	839.946		25.9082	-40.3451	836.369		
-0.270019	23.4211	842.135		8.69136	1.53638	839.899		25.9046	-40.3328	836.249		
-64.8427	115.162	2758.78		8.69136	1.53638	839.899		25.9294	-40.3096	836.337		
-0.269805	23.4316	842.039		8.69136	1.53638	839.899		25.9047	-40.3003	836.24		
-0.267163	23.4526	842.047		8.70475	1.54923	839.946		25.9291	-40.2932	836.32		
-64.8428	115.161	2758.78		8.69136	1.53638	839.899		25.9047	-40.3003	836.24		
-0.267297	23.4365	841.915		8.69136	1.53638	839.899		25.8954	-40.3067	836.204		
-64.8428	115.161	2758.78		8.69136	1.53638	839.899		25.9047	-40.3003	836.24		
-64.8427	115.162	2758.78		8.69017	1.53599	839.785		25.9047	-40.3003	836.24		
-64.8427	115.162	2758.78		8.69136	1.53638	839.899		25.9047	-40.3003	836.24		
-0.267297	23.4365	841.915		8.70356	1.54884	839.831		25.9291	-40.2932	836.32		
-64.8427	115.162	2758.78		8.70356	1.54884	839.831		25.9047	-40.3003	836.24		
-64.8425	115.161	2758.78		8.70475	1.54923	839.946		25.9047	-40.3003	836.24		
-0.267297	23.4365	841.915		8.73164	1.54446	840.041		25.9291	-40.2932	836.32		
-64.8425	115.161	2758.78		8.72461	1.55842	839.905		25.9291	-40.2932	836.32		
-2.82999	-70.9495	808.027		21.737	-88.1988	809.164		-nan(ind)	-nan(ind)	-nan(ind)		
