objeto:POINTER
[-127.7087249755859, -127.4285278320313, -140.0616455078125, -113.2373352050781;
 123.9882431030273, 175.2578887939453, 133.0565643310547, 152.600830078125;
 1045.09375, 1054.725952148438, 1031.760009765625, 1068.239990234375]centroid:[-128.8941251770892;
 149.9220612736781;
 1048.356936882297]
[-128.8941251770892;
 149.9220612736781;
 1048.356936882297]objeto:BROCA
[-155.2330017089844, -161.5745391845703, -152.0290222167969;
 -27.46784019470215, -134.1450958251953, 20.77754402160645;
 1016.504333496094, 992.4727783203125, 1027.107788085938]centroid:[7172.863326026127;
 735.693263091438;
 -4554.596347067505]
[7172.863326026127;
 735.693263091438;
 -4554.596347067505]objeto:POINTER
[-127.7087249755859, -127.4285278320313, -140.0616455078125, -113.2373352050781;
 123.9882431030273, 175.2578887939453, 133.0565643310547, 152.600830078125;
 1045.09375, 1054.725952148438, 1031.760009765625, 1068.239990234375]centroid:[-128.8941251770892;
 149.9220612736781;
 1048.356936882297]
[-128.8941251770892;
 149.9220612736781;
 1048.356936882297]objeto:BROCA
[-155.2330017089844, -161.5745391845703, -152.0290222167969;
 -27.46784019470215, -134.1450958251953, 20.77754402160645;
 1016.504333496094, 992.4727783203125, 1027.107788085938]centroid:[7172.863326026127;
 735.693263091438;
 -4554.596347067505]
[7172.863326026127;
 735.693263091438;
 -4554.596347067505]objeto:POINTER
[-127.7227172851563, -127.427375793457, -140.0547790527344, -113.238655090332;
 123.989631652832, 175.2491760253906, 133.0508728027344, 152.5959320068359;
 1045.113403320313, 1054.683959960938, 1031.717651367188, 1068.21875]centroid:[-128.9182416007697;
 149.9225015295001;
 1048.316751890339]
[-128.9182416007697;
 149.9225015295001;
 1048.316751890339]objeto:BROCA
[-155.2374725341797, -161.5748901367188, -152.0364227294922;
 -27.46761894226074, -134.1354217529297, 20.77798652648926;
 1016.507934570313, 992.4578857421875, 1027.120727539063]centroid:[7180.009391071275;
 742.7572862096713;
 -4581.942854065448]
[7180.009391071275;
 742.7572862096713;
 -4581.942854065448]objeto:POINTER
[-127.7209777832031, -127.4171829223633, -140.0547943115234, -113.2350463867188;
 123.9900588989258, 175.242431640625, 133.0546875, 152.596435546875;
 1045.116821289063, 1054.641723632813, 1031.73193359375, 1068.232421875]centroid:[-128.898954369161;
 149.9148705981952;
 1048.314820961828]
[-128.898954369161;
 149.9148705981952;
 1048.314820961828]objeto:BROCA
[-155.2323150634766, -161.5766296386719, -152.0428466796875;
 -27.47006988525391, -134.1415863037109, 20.77647590637207;
 1016.487976074219, 992.4570922851563, 1027.128662109375]centroid:[8095.082882819232;
 707.1252214252017;
 -4672.077741980553]
[8095.082882819232;
 707.1252214252017;
 -4672.077741980553]objeto:POINTER
[-127.7358627319336, -127.4219818115234, -140.0512847900391, -113.244987487793;
 123.9906997680664, 175.2423248291016, 133.0482177734375, 152.5990905761719;
 1045.14990234375, 1054.6416015625, 1031.6982421875, 1068.236694335938]centroid:[-128.9332972080049;
 149.9215205200634;
 1048.293609469914]
[-128.9332972080049;
 149.9215205200634;
 1048.293609469914]objeto:BROCA
[-155.2406158447266, -161.5904693603516, -152.0444183349609;
 -27.47046279907227, -134.1371612548828, 20.78296279907227;
 1016.487365722656, 992.4744262695313, 1027.139282226563]centroid:[8465.616301961709;
 628.9652095077327;
 -4428.842141158879]
[8465.616301961709;
 628.9652095077327;
 -4428.842141158879]objeto:POINTER
[-127.7144775390625, -127.4253387451172, -140.0547790527344, -113.2380218505859;
 123.9865493774414, 175.2503356933594, 133.0508117675781, 152.6076812744141;
 1045.090576171875, 1054.653930664063, 1031.729736328125, 1068.22509765625]centroid:[-128.8941199629216;
 149.9160069827368;
 1048.317213369332]
[-128.8941199629216;
 149.9160069827368;
 1048.317213369332]objeto:BROCA
[-155.233154296875, -161.5810699462891, -152.0145568847656;
 -27.46595573425293, -134.1378479003906, 20.78428077697754;
 1016.494873046875, 992.4804077148438, 1027.07763671875]centroid:[6825.717755960301;
 720.0014546000166;
 -4398.832526672632]
[6825.717755960301;
 720.0014546000166;
 -4398.832526672632]objeto:POINTER
[-127.7161331176758, -127.4298400878906, -140.03564453125, -113.2279815673828;
 123.998664855957, 175.2587280273438, 133.04833984375, 152.5988616943359;
 1045.12646484375, 1054.71484375, 1031.662963867188, 1068.192993164063]centroid:[-128.9527134336898;
 149.9420526516233;
 1048.286629077716]
[-128.9527134336898;
 149.9420526516233;
 1048.286629077716]objeto:BROCA
[-155.2306518554688, -161.5727691650391, -152.0431518554688;
 -27.46286773681641, -134.1303100585938, 20.78702926635742;
 1016.488830566406, 992.4545288085938, 1027.159545898438]centroid:[8764.800928634591;
 615.1281234791968;
 -4438.769748780876]
[8764.800928634591;
 615.1281234791968;
 -4438.769748780876]objeto:POINTER
[-127.7143478393555, -127.4203414916992, -140.0578155517578, -113.2424926757813;
 123.9904403686523, 175.2510833740234, 133.0595550537109, 152.6060943603516;
 1045.11083984375, 1054.659912109375, 1031.74951171875, 1068.252197265625]centroid:[-128.8888952078861;
 149.9173547726787;
 1048.3339165077]
[-128.8888952078861;
 149.9173547726787;
 1048.3339165077]objeto:BROCA
[-155.2397155761719, -161.5837249755859, -152.0476531982422;
 -27.46554756164551, -134.1343536376953, 20.78556823730469;
 1016.49951171875, 992.4940795898438, 1027.163452148438]centroid:[8864.195864014328;
 571.2371494360268;
 -4277.287994515151]
[8864.195864014328;
 571.2371494360268;
 -4277.287994515151]objeto:POINTER
[-127.7227020263672, -127.4128112792969, -140.0595245361328, -113.2495346069336;
 123.9940567016602, 175.2488098144531, 133.0556335449219, 152.6085052490234;
 1045.126953125, 1054.641357421875, 1031.742797851563, 1068.278442382813]centroid:[-128.8990193379844;
 149.9200609085455;
 1048.318787642876]
[-128.8990193379844;
 149.9200609085455;
 1048.318787642876]objeto:BROCA
[-155.2395324707031, -161.5787811279297, -152.0402221679688;
 -27.46085548400879, -134.1319427490234, 20.78244400024414;
 1016.518005371094, 992.4721069335938, 1027.1240234375]centroid:[7108.82267548237;
 761.6388506757212;
 -4648.538621652871]
[7108.82267548237;
 761.6388506757212;
 -4648.538621652871]objeto:POINTER
[-127.7213821411133, -127.4033432006836, -140.0424499511719, -113.2302551269531;
 123.9867630004883, 175.2329406738281, 133.0466766357422, 152.5927276611328;
 1045.111328125, 1054.599731445313, 1031.680297851563, 1068.202392578125]centroid:[-128.9085642309667;
 149.9125101870515;
 1048.266016929723]
[-128.9085642309667;
 149.9125101870515;
 1048.266016929723]objeto:BROCA
[-155.2296905517578, -161.5796051025391, -152.0418701171875;
 -27.4752254486084, -134.1416168212891, 20.77412605285645;
 1016.4912109375, 992.4727783203125, 1027.1435546875]centroid:[8528.088474728633;
 672.1761740423972;
 -4636.0458766222]
[8528.088474728633;
 672.1761740423972;
 -4636.0458766222]objeto:POINTER
[-127.7058486938477, -127.4164047241211, -140.0492858886719, -113.2339782714844;
 123.9809875488281, 175.2458190917969, 133.0501556396484, 152.5972137451172;
 1045.080444335938, 1054.675659179688, 1031.72607421875, 1068.237548828125]centroid:[-128.8872439790462;
 149.9122261259843;
 1048.321519216311]
[-128.8872439790462;
 149.9122261259843;
 1048.321519216311]objeto:BROCA
[-155.2248229980469, -161.5675506591797, -152.0104370117188;
 -27.47306060791016, -134.1433258056641, 20.77625274658203;
 1016.489074707031, 992.4590454101563, 1027.08740234375]centroid:[7000.082080161199;
 710.1620823240373;
 -4396.155525814742]
[7000.082080161199;
 710.1620823240373;
 -4396.155525814742]objeto:POINTER
[-127.7167739868164, -127.4266662597656, -140.0500793457031, -113.242805480957;
 123.9923248291016, 175.2494659423828, 133.0499572753906, 152.6031646728516;
 1045.113891601563, 1054.679443359375, 1031.721923828125, 1068.237670898438]centroid:[-128.9138499386537;
 149.9233722981385;
 1048.316545399197]
[-128.9138499386537;
 149.9233722981385;
 1048.316545399197]objeto:BROCA
[-155.2283782958984, -161.5816497802734, -152.0060272216797;
 -27.46675491333008, -134.136962890625, 20.77857208251953;
 1016.473266601563, 992.4633178710938, 1027.038696289063]centroid:[6550.250525622163;
 740.8802242943202;
 -4421.237114589661]
[6550.250525622163;
 740.8802242943202;
 -4421.237114589661]objeto:POINTER
[-127.7249603271484, -127.4300689697266, -140.0371246337891, -113.2434921264648;
 123.9908294677734, 175.2559967041016, 133.0495300292969, 152.6065673828125;
 1045.101318359375, 1054.677856445313, 1031.650268554688, 1068.242309570313]centroid:[-128.9413373951757;
 149.9328946609648;
 1048.274865566488]
[-128.9413373951757;
 149.9328946609648;
 1048.274865566488]objeto:BROCA
[-155.2322082519531, -161.5804748535156, -152.0466613769531;
 -27.46321868896484, -134.1327362060547, 20.78536796569824;
 1016.475708007813, 992.4677734375, 1027.144897460938]centroid:[9095.434191042557;
 589.2030299076578;
 -4419.340565923601]
[9095.434191042557;
 589.2030299076578;
 -4419.340565923601]objeto:POINTER
[-127.7348861694336, -127.4344711303711, -140.0635223388672, -113.2433776855469;
 124.0005798339844, 175.2535552978516, 133.0523529052734, 152.6044464111328;
 1045.144897460938, 1054.685180664063, 1031.72900390625, 1068.233520507813]centroid:[-128.9374784188356;
 149.9319500624481;
 1048.319726492155]
[-128.9374784188356;
 149.9319500624481;
 1048.319726492155]objeto:BROCA
[-155.24072265625, -161.5835571289063, -152.0488739013672;
 -27.46232795715332, -134.1365661621094, 20.78384780883789;
 1016.4833984375, 992.467041015625, 1027.157470703125]centroid:[9016.644892222248;
 538.8501977147534;
 -4171.019117679447]
[9016.644892222248;
 538.8501977147534;
 -4171.019117679447]objeto:POINTER
[-127.7137298583984, -127.4213180541992, -140.0438385009766, -113.2291946411133;
 123.9999237060547, 175.2626495361328, 133.0582427978516, 152.6077728271484;
 1045.107788085938, 1054.686279296875, 1031.699462890625, 1068.220336914063]centroid:[-128.918374662062;
 149.9365684003524;
 1048.304447643871]
[-128.918374662062;
 149.9365684003524;
 1048.304447643871]objeto:BROCA
[-155.2303924560547, -161.5836181640625, -152.0102691650391;
 -27.45967864990234, -134.1314544677734, 20.78804969787598;
 1016.501037597656, 992.5076904296875, 1027.074096679688]centroid:[6835.609933629166;
 720.6284993657609;
 -4410.492368403822]
[6835.609933629166;
 720.6284993657609;
 -4410.492368403822]objeto:POINTER
[-127.7157516479492, -127.4175338745117, -140.0544281005859, -113.2351150512695;
 123.9980773925781, 175.2557525634766, 133.063232421875, 152.6127471923828;
 1045.104248046875, 1054.643188476563, 1031.7265625, 1068.217407226563]centroid:[-128.8957311322297;
 149.9254037696638;
 1048.311334697317]
[-128.8957311322297;
 149.9254037696638;
 1048.311334697317]objeto:BROCA
[-155.2316131591797, -161.5856170654297, -152.0159606933594;
 -27.4556999206543, -134.1305847167969, 20.78783416748047;
 1016.486572265625, 992.4871215820313, 1027.074340820313]centroid:[7116.138820896391;
 710.0360202044249;
 -4436.642383571714]
[7116.138820896391;
 710.0360202044249;
 -4436.642383571714]objeto:POINTER
[-127.7153396606445, -127.4265289306641, -140.0404815673828, -113.2293014526367;
 123.98779296875, 175.2572479248047, 133.0507659912109, 152.6031494140625;
 1045.103149414063, 1054.694702148438, 1031.679321289063, 1068.21240234375]centroid:[-128.9256893691071;
 149.9294309724436;
 1048.299198605223]
[-128.9256893691071;
 149.9294309724436;
 1048.299198605223]objeto:BROCA
[-155.2280731201172, -161.5908966064453, -152.0399475097656;
 -27.46291542053223, -134.1351013183594, 20.78520774841309;
 1016.470581054688, 992.4909057617188, 1027.13037109375]centroid:[9246.806581438519;
 588.6375094034011;
 -4469.070701617748]
[9246.806581438519;
 588.6375094034011;
 -4469.070701617748]objeto:POINTER
[-127.7133865356445, -127.4261245727539, -140.0457916259766, -113.2371292114258;
 123.9911193847656, 175.2577056884766, 133.0557861328125, 152.6017456054688;
 1045.081298828125, 1054.679443359375, 1031.709838867188, 1068.213989257813]centroid:[-128.9020922406497;
 149.9252499965667;
 1048.313382817741]
[-128.9020922406497;
 149.9252499965667;
 1048.313382817741]objeto:BROCA
[-155.2395629882813, -161.588134765625, -152.0313110351563;
 -27.4608039855957, -134.1313018798828, 20.78391075134277;
 1016.490234375, 992.4826049804688, 1027.124877929688]centroid:[8039.953362963628;
 613.7572071409668;
 -4249.521074965596]
[8039.953362963628;
 613.7572071409668;
 -4249.521074965596]objeto:POINTER
[-127.7300033569336, -127.4369506835938, -140.0671234130859, -113.2482986450195;
 124.0000152587891, 175.2637786865234, 133.0630187988281, 152.6155395507813;
 1045.120971679688, 1054.712524414063, 1031.757568359375, 1068.259033203125]centroid:[-128.9150223145266;
 149.9322166417107;
 1048.352319014944]
[-128.9150223145266;
 149.9322166417107;
 1048.352319014944]objeto:BROCA
[-155.2520446777344, -161.5938415527344, -152.0518493652344;
 -27.46199798583984, -134.1351318359375, 20.78788757324219;
 1016.55322265625, 992.5042724609375, 1027.163452148438]centroid:[7145.678498287685;
 760.9255012855283;
 -4655.197376385331]
[7145.678498287685;
 760.9255012855283;
 -4655.197376385331]objeto:POINTER
[-127.704216003418, -127.4233245849609, -140.0389862060547, -113.2277145385742;
 123.9899673461914, 175.2587127685547, 133.0543060302734, 152.6059265136719;
 1045.075439453125, 1054.6953125, 1031.68603515625, 1068.221923828125]centroid:[-128.9091761195202;
 149.9289695051326;
 1048.301149596401]
[-128.9091761195202;
 149.9289695051326;
 1048.301149596401]objeto:BROCA
[-155.2322082519531, -161.5649566650391, -152.0414733886719;
 -27.45928573608398, -134.1339111328125, 20.78753471374512;
 1016.507568359375, 992.4542236328125, 1027.171142578125]centroid:[8333.588157579303;
 634.6814347733743;
 -4404.370480109006]
[8333.588157579303;
 634.6814347733743;
 -4404.370480109006]objeto:POINTER
[-127.7195663452148, -127.4265365600586, -140.0472106933594, -113.2356948852539;
 123.9941253662109, 175.2596130371094, 133.0565490722656, 152.5993347167969;
 1045.11572265625, 1054.700561523438, 1031.702880859375, 1068.226318359375]centroid:[-128.9237940601679;
 149.9324927063388;
 1048.314778820354]
[-128.9237940601679;
 149.9324927063388;
 1048.314778820354]objeto:BROCA
[-155.2419586181641, -161.5883178710938, -152.02197265625;
 -27.46845817565918, -134.1323547363281, 20.78157806396484;
 1016.519958496094, 992.4869995117188, 1027.085205078125]centroid:[6328.797010576818;
 762.2935055871494;
 -4450.416190139949]
[6328.797010576818;
 762.2935055871494;
 -4450.416190139949]objeto:POINTER
[-127.7250900268555, -127.4203033447266, -140.0498657226563, -113.2306137084961;
 124.0011444091797, 175.2539978027344, 133.0578002929688, 152.6032562255859;
 1045.132568359375, 1054.656372070313, 1031.710693359375, 1068.216186523438]centroid:[-128.9214942857933;
 149.9313432815005;
 1048.302869243964]
[-128.9214942857933;
 149.9313432815005;
 1048.302869243964]objeto:BROCA
[-155.2360382080078, -161.5827026367188, -152.0457305908203;
 -27.46265411376953, -134.1330261230469, 20.784423828125;
 1016.49755859375, 992.470703125, 1027.156860351563]centroid:[8579.444567069877;
 637.4537957736757;
 -4492.381496734917]
[8579.444567069877;
 637.4537957736757;
 -4492.381496734917]objeto:POINTER
[-127.7199859619141, -127.4411697387695, -140.0454559326172, -113.2360382080078;
 123.995231628418, 175.2574920654297, 133.0554351806641, 152.6009979248047;
 1045.111450195313, 1054.72412109375, 1031.695922851563, 1068.207275390625]centroid:[-128.9363351606436;
 149.9338244152672;
 1048.317479207036]
[-128.9363351606436;
 149.9338244152672;
 1048.317479207036]objeto:BROCA
[-155.2401885986328, -161.5861663818359, -152.048095703125;
 -27.463623046875, -134.1293640136719, 20.78531265258789;
 1016.497192382813, 992.4702758789063, 1027.141479492188]centroid:[8180.808804503176;
 685.4945334201911;
 -4599.960664343089]
[8180.808804503176;
 685.4945334201911;
 -4599.960664343089]objeto:POINTER
[-127.7213134765625, -127.4205551147461, -140.0548095703125, -113.2342758178711;
 123.9918060302734, 175.2539978027344, 133.0593109130859, 152.6046905517578;
 1045.1328125, 1054.676147460938, 1031.745727539063, 1068.231567382813]centroid:[-128.9019028183199;
 149.922294724387;
 1048.338231736886]
[-128.9019028183199;
 149.922294724387;
 1048.338231736886]objeto:BROCA
[-155.2234649658203, -161.5728912353516, -152.0073089599609;
 -27.46358680725098, -134.1315002441406, 20.78251266479492;
 1016.470764160156, 992.4638671875, 1027.055786132813]centroid:[6958.784026927315;
 718.2726653400459;
 -4428.35374719277]
[6958.784026927315;
 718.2726653400459;
 -4428.35374719277]objeto:POINTER
[-127.7164611816406, -127.413818359375, -140.0525817871094, -113.219367980957;
 123.9903106689453, 175.2479095458984, 133.0587615966797, 152.5905151367188;
 1045.089599609375, 1054.66064453125, 1031.732788085938, 1068.154052734375]centroid:[-128.888462353883;
 149.9170891996081;
 1048.32114350047]
[-128.888462353883;
 149.9170891996081;
 1048.32114350047]objeto:BROCA
[-155.2339324951172, -161.5894317626953, -152.04443359375;
 -27.46676635742188, -134.1401062011719, 20.78143310546875;
 1016.489685058594, 992.484130859375, 1027.160888671875]centroid:[9173.329460111447;
 568.6661552444566;
 -4352.146951954812]
[9173.329460111447;
 568.6661552444566;
 -4352.146951954812]objeto:POINTER
[-127.713264465332, -127.4253311157227, -140.0406646728516, -113.218505859375;
 124.0038604736328, 175.2660217285156, 133.0632781982422, 152.6016540527344;
 1045.106689453125, 1054.711669921875, 1031.709716796875, 1068.181640625]centroid:[-128.9173972920418;
 149.9402071117585;
 1048.320375555112]
[-128.9173972920418;
 149.9402071117585;
 1048.320375555112]objeto:BROCA
[-155.2306518554688, -161.5763397216797, -152.0125732421875;
 -27.4564266204834, -134.1261901855469, 20.78988838195801;
 1016.501403808594, 992.4759521484375, 1027.085815429688]centroid:[6771.989574656822;
 723.4040830269805;
 -4396.510450553149]
[6771.989574656822;
 723.4040830269805;
 -4396.510450553149]objeto:POINTER
[-127.715217590332, -127.4231414794922, -140.0498352050781, -113.2368698120117;
 123.9991226196289, 175.2581634521484, 133.0533599853516, 152.6043395996094;
 1045.109252929688, 1054.700439453125, 1031.695068359375, 1068.232543945313]centroid:[-128.9303433687406;
 149.9366787879553;
 1048.300033927914]
[-128.9303433687406;
 149.9366787879553;
 1048.300033927914]objeto:BROCA
[-155.2346954345703, -161.5849914550781, -152.0350646972656;
 -27.45902633666992, -134.1365203857422, 20.7866325378418;
 1016.500915527344, 992.4849853515625, 1027.130249023438]centroid:[7939.142400817946;
 682.2367772413418;
 -4526.02227640897]
[7939.142400817946;
 682.2367772413418;
 -4526.02227640897]objeto:POINTER
[-127.7119064331055, -127.4192962646484, -140.0477905273438, -113.2363586425781;
 123.9891815185547, 175.2493743896484, 133.0502319335938, 152.5963897705078;
 1045.099487304688, 1054.665405273438, 1031.704345703125, 1068.237426757813]centroid:[-128.9086270656166;
 149.922018656249;
 1048.301253156297]
[-128.9086270656166;
 149.922018656249;
 1048.301253156297]objeto:BROCA
[-155.2348480224609, -161.574951171875, -152.0092163085938;
 -27.47052574157715, -134.1351623535156, 20.77659797668457;
 1016.50390625, 992.4544067382813, 1027.064575195313]centroid:[6108.722848983482;
 748.5170909333392;
 -4325.916422583163]
[6108.722848983482;
 748.5170909333392;
 -4325.916422583163]objeto:POINTER
[-127.7239303588867, -127.4308853149414, -140.0651702880859, -113.2404098510742;
 123.9885025024414, 175.2545318603516, 133.0538024902344, 152.5974578857422;
 1045.126708984375, 1054.705932617188, 1031.743774414063, 1068.244995117188]centroid:[-128.9162637872879;
 149.9233682460641;
 1048.341834076148]
[-128.9162637872879;
 149.9233682460641;
 1048.341834076148]objeto:BROCA
[-155.2442626953125, -161.5899353027344, -152.0489501953125;
 -27.46976280212402, -134.14404296875, 20.7745475769043;
 1016.521484375, 992.48193359375, 1027.151245117188]centroid:[7727.226522021927;
 724.4105071048252;
 -4650.167196564376]
[7727.226522021927;
 724.4105071048252;
 -4650.167196564376]objeto:POINTER
[-127.7122421264648, -127.3911056518555, -140.0552825927734, -113.2145080566406;
 123.9916000366211, 175.2364044189453, 133.0574340820313, 152.5931549072266;
 1045.098022460938, 1054.592407226563, 1031.744506835938, 1068.161499023438]centroid:[-128.8675331545934;
 149.9081361162034;
 1048.302169819731]
[-128.8675331545934;
 149.9081361162034;
 1048.302169819731]objeto:BROCA
[-155.2351989746094, -161.5778656005859, -152.0125579833984;
 -27.46193695068359, -134.1315002441406, 20.78020858764648;
 1016.505554199219, 992.4632568359375, 1027.058959960938]centroid:[6076.917071326636;
 764.8656579360249;
 -4392.463039260358]
[6076.917071326636;
 764.8656579360249;
 -4392.463039260358]objeto:POINTER
[-127.7181015014648, -127.4304733276367, -140.0604705810547, -113.2308502197266;
 123.9895706176758, 175.2514801025391, 133.0581970214844, 152.5997467041016;
 1045.0888671875, 1054.688354492188, 1031.738647460938, 1068.19775390625]centroid:[-128.8991245659893;
 149.9191155644333;
 1048.333814936375]
[-128.8991245659893;
 149.9191155644333;
 1048.333814936375]objeto:BROCA
[-155.2384796142578, -161.5912322998047, -152.0170745849609;
 -27.4682674407959, -134.1366424560547, 20.78090667724609;
 1016.497497558594, 992.4812622070313, 1027.040283203125]centroid:[6081.744277180638;
 787.0506032301346;
 -4500.730785716325]
[6081.744277180638;
 787.0506032301346;
 -4500.730785716325]objeto:POINTER
[-127.7071075439453, -127.4271697998047, -140.0427551269531, -113.2309799194336;
 123.9825897216797, 175.2555389404297, 133.0528106689453, 152.5951232910156;
 1045.0751953125, 1054.690307617188, 1031.69140625, 1068.205444335938]centroid:[-128.9049622413711;
 149.9216667365019;
 1048.308062581752]
[-128.9049622413711;
 149.9216667365019;
 1048.308062581752]objeto:BROCA
[-155.2290496826172, -161.5789947509766, -152.0312957763672;
 -27.46445274353027, -134.1367034912109, 20.77798652648926;
 1016.462219238281, 992.4503784179688, 1027.094970703125]centroid:[8076.925032461993;
 672.2612484412966;
 -4518.847312126309]
[8076.925032461993;
 672.2612484412966;
 -4518.847312126309]objeto:POINTER
[-127.7316055297852, -127.4244995117188, -140.0579833984375, -113.2432556152344;
 123.9976577758789, 175.254150390625, 133.0589294433594, 152.6064147949219;
 1045.135864257813, 1054.672607421875, 1031.736206054688, 1068.23681640625]centroid:[-128.916522488142;
 149.9273415354474;
 1048.327222167403]
[-128.916522488142;
 149.9273415354474;
 1048.327222167403]objeto:BROCA
[-155.2489013671875, -161.5998992919922, -152.0492248535156;
 -27.4622631072998, -134.1390686035156, 20.78531265258789;
 1016.520080566406, 992.5003051757813, 1027.160400390625]centroid:[8141.420265322085;
 656.111587519641;
 -4462.807433262467]
[8141.420265322085;
 656.111587519641;
 -4462.807433262467]objeto:POINTER
[-127.7087783813477, -127.4119186401367, -140.0458374023438, -113.2177276611328;
 124.0027694702148, 175.2616424560547, 133.0689392089844, 152.6100921630859;
 1045.106323242188, 1054.659545898438, 1031.7373046875, 1068.177490234375]centroid:[-128.8863607094693;
 149.9302947186297;
 1048.324711282329]
[-128.8863607094693;
 149.9302947186297;
 1048.324711282329]objeto:BROCA
[-155.2331237792969, -161.5741119384766, -152.0082855224609;
 -27.4527473449707, -134.1290130615234, 20.79660797119141;
 1016.512939453125, 992.4733276367188, 1027.093872070313]centroid:[6552.391248031519;
 709.517093230621;
 -4272.637592360377]
[6552.391248031519;
 709.517093230621;
 -4272.637592360377]objeto:POINTER
[-127.7225723266602, -127.4307403564453, -140.0515289306641, -113.2270889282227;
 123.9964218139648, 175.2591552734375, 133.0565338134766, 152.5953674316406;
 1045.098999023438, 1054.689819335938, 1031.705444335938, 1068.17626953125]centroid:[-128.9210941793903;
 149.9317497654586;
 1048.310651726728]
[-128.9210941793903;
 149.9317497654586;
 1048.310651726728]objeto:BROCA
[-155.2313690185547, -161.5862274169922, -152.0101928710938;
 -27.45998191833496, -134.1310729980469, 20.78401184082031;
 1016.465515136719, 992.4740600585938, 1027.047729492188]centroid:[7039.077268349007;
 694.8553811685415;
 -4350.709090866148]
[7039.077268349007;
 694.8553811685415;
 -4350.709090866148]objeto:POINTER
[-127.7254104614258, -127.4209518432617, -140.0634765625, -113.2359237670898;
 123.9893646240234, 175.2390289306641, 133.0561065673828, 152.5908203125;
 1045.094604492188, 1054.628540039063, 1031.721313476563, 1068.1640625]centroid:[-128.9003407466339;
 149.9122149823407;
 1048.30195738108]
[-128.9003407466339;
 149.9122149823407;
 1048.30195738108]objeto:BROCA
[-155.2469940185547, -161.5980682373047, -152.0517730712891;
 -27.4608325958252, -134.1299133300781, 20.77924156188965;
 1016.461303710938, 992.4488525390625, 1027.108032226563]centroid:[8429.63069317257;
 637.9982899222523;
 -4460.060882382095]
[8429.63069317257;
 637.9982899222523;
 -4460.060882382095]objeto:POINTER
[-127.70751953125, -127.4121170043945, -140.0420074462891, -113.2253494262695;
 123.9854431152344, 175.2471313476563, 133.0543212890625, 152.5959625244141;
 1045.0595703125, 1054.629638671875, 1031.692016601563, 1068.172241210938]centroid:[-128.8852460050647;
 149.9147720660571;
 1048.286694843963]
[-128.8852460050647;
 149.9147720660571;
 1048.286694843963]objeto:BROCA
[-155.228271484375, -161.5722351074219, -152.0335235595703;
 -27.45766830444336, -134.1349334716797, 20.78637504577637;
 1016.464233398438, 992.4463500976563, 1027.106201171875]centroid:[8232.516510807909;
 652.0877233594656;
 -4467.039946250618]
[8232.516510807909;
 652.0877233594656;
 -4467.039946250618]objeto:POINTER
[-127.7120819091797, -127.4229888916016, -140.0411682128906, -113.2339324951172;
 123.9921188354492, 175.2554168701172, 133.0550689697266, 152.6011505126953;
 1045.058349609375, 1054.66259765625, 1031.683227539063, 1068.189086914063]centroid:[-128.9033816816822;
 149.925798990706;
 1048.288572497718]
[-128.9033816816822;
 149.925798990706;
 1048.288572497718]objeto:BROCA
[-155.2247772216797, -161.5757141113281, -152.0370025634766;
 -27.45735359191895, -134.1284332275391, 20.78932571411133;
 1016.4482421875, 992.4475708007813, 1027.116821289063]centroid:[9159.546412564814;
 568.4188990351977;
 -4346.644648812711]
[9159.546412564814;
 568.4188990351977;
 -4346.644648812711]objeto:POINTER
[-127.715446472168, -127.4158248901367, -140.0309906005859, -113.2240142822266;
 123.9821243286133, 175.2378997802734, 133.0454864501953, 152.5874786376953;
 1045.045166015625, 1054.5966796875, 1031.613159179688, 1068.116455078125]centroid:[-128.9159601517236;
 149.9153395493312;
 1048.224818643708]
[-128.9159601517236;
 149.9153395493312;
 1048.224818643708]objeto:BROCA
[-155.2294311523438, -161.5739135742188, -152.0400085449219;
 -27.4571590423584, -134.1263732910156, 20.78707504272461;
 1016.428649902344, 992.4166259765625, 1027.074829101563]centroid:[8433.838588462677;
 657.5402325553587;
 -4545.738892368972]
[8433.838588462677;
 657.5402325553587;
 -4545.738892368972]objeto:POINTER
[-127.7224273681641, -127.4141387939453, -140.0569610595703, -113.2279434204102;
 123.9861907958984, 175.2378845214844, 133.0486450195313, 152.5928649902344;
 1045.125244140625, 1054.624755859375, 1031.725708007813, 1068.188354492188]centroid:[-128.90271906976;
 149.9112377827222;
 1048.304064335835]
[-128.90271906976;
 149.9112377827222;
 1048.304064335835]objeto:BROCA
[-155.2373352050781, -161.5861968994141, -152.0346984863281;
 -27.46431541442871, -134.1348876953125, 20.77996826171875;
 1016.47900390625, 992.4536743164063, 1027.099853515625]centroid:[7620.190107684582;
 705.3958558212616;
 -4541.729659412056]
[7620.190107684582;
 705.3958558212616;
 -4541.729659412056]objeto:POINTER
[-127.7180557250977, -127.4232330322266, -140.0434875488281, -113.2413711547852;
 123.9931793212891, 175.2520904541016, 133.0585479736328, 152.5992126464844;
 1045.097534179688, 1054.670654296875, 1031.68408203125, 1068.220947265625]centroid:[-128.9179513303836;
 149.9272579134609;
 1048.294494634723]
[-128.9179513303836;
 149.9272579134609;
 1048.294494634723]objeto:BROCA
[-155.2299194335938, -161.580078125, -152.0430755615234;
 -27.45725631713867, -134.1312713623047, 20.7890567779541;
 1016.470336914063, 992.458984375, 1027.144653320313]centroid:[9199.425229188986;
 565.4176125995582;
 -4341.245131231844]
[9199.425229188986;
 565.4176125995582;
 -4341.245131231844]objeto:POINTER
[-127.7180480957031, -127.4226226806641, -140.0522918701172, -113.2314071655273;
 123.9942245483398, 175.2586517333984, 133.0570831298828, 152.5986022949219;
 1045.08935546875, 1054.682373046875, 1031.713989257813, 1068.208984375]centroid:[-128.9073870028619;
 149.9283975118997;
 1048.313389795215]
[-128.9073870028619;
 149.9283975118997;
 1048.313389795215]objeto:BROCA
[-155.2385559082031, -161.5883636474609, -152.0501556396484;
 -27.45300483703613, -134.1322784423828, 20.78986740112305;
 1016.473571777344, 992.4689331054688, 1027.154541015625]centroid:[9439.841131129302;
 503.346519295359;
 -4130.47846884653]
[9439.841131129302;
 503.346519295359;
 -4130.47846884653]objeto:POINTER
[-127.728515625, -127.4265747070313, -140.0748291015625, -113.2408294677734;
 123.9942016601563, 175.2472076416016, 133.0655517578125, 152.6011962890625;
 1045.137329101563, 1054.640502929688, 1031.760009765625, 1068.206176757813]centroid:[-128.9002144762264;
 149.9165641373695;
 1048.335296107992]
[-128.9002144762264;
 149.9165641373695;
 1048.335296107992]objeto:BROCA
[-155.2389068603516, -161.5942687988281, -152.0453948974609;
 -27.45820045471191, -134.1314086914063, 20.79136657714844;
 1016.453002929688, 992.4835815429688, 1027.124755859375]centroid:[9517.447503718548;
 469.3610722997691;
 -4009.441257216036]
[9517.447503718548;
 469.3610722997691;
 -4009.441257216036]objeto:POINTER
[-127.7114944458008, -127.4362411499023, -140.0593109130859, -113.2519607543945;
 123.9939956665039, 175.2615203857422, 133.0662384033203, 152.6136932373047;
 1045.052124023438, 1054.690551757813, 1031.725463867188, 1068.246215820313]centroid:[-128.8919485487842;
 149.9251767464452;
 1048.326986889057]
[-128.8919485487842;
 149.9251767464452;
 1048.326986889057]objeto:BROCA
[-155.2397918701172, -161.5872344970703, -152.0439147949219;
 -27.45220565795898, -134.1280059814453, 20.79019737243652;
 1016.471984863281, 992.4581909179688, 1027.125732421875]centroid:[8557.717505989596;
 603.0669455208117;
 -4337.303902208805]
[8557.717505989596;
 603.0669455208117;
 -4337.303902208805]objeto:POINTER
[-127.7282257080078, -127.4302062988281, -140.0649261474609, -113.2407379150391;
 123.9988632202148, 175.2626495361328, 133.0648956298828, 152.6144866943359;
 1045.13037109375, 1054.670776367188, 1031.735473632813, 1068.235961914063]centroid:[-128.9148900065774;
 149.9311138438563;
 1048.328375932581]
[-128.9148900065774;
 149.9311138438563;
 1048.328375932581]objeto:BROCA
[-155.2410278320313, -161.5941619873047, -152.0549774169922;
 -27.44865417480469, -134.1260070800781, 20.79697418212891;
 1016.468627929688, 992.465576171875, 1027.147338867188]centroid:[9448.678586901166;
 533.4592578415759;
 -4268.252894219011]
[9448.678586901166;
 533.4592578415759;
 -4268.252894219011]objeto:POINTER
[-127.7280426025391, -127.4281311035156, -140.0615081787109, -113.2442779541016;
 124.0068664550781, 175.2593231201172, 133.0668029785156, 152.6082458496094;
 1045.136840820313, 1054.679931640625, 1031.728393554688, 1068.219116210938]centroid:[-128.9251971571472;
 149.9365448422693;
 1048.321002520973]
[-128.9251971571472;
 149.9365448422693;
 1048.321002520973]objeto:BROCA
[-155.2413787841797, -161.5886383056641, -152.05224609375;
 -27.45172882080078, -134.1270446777344, 20.7935791015625;
 1016.482788085938, 992.4602661132813, 1027.135498046875]centroid:[8502.747013829648;
 656.8412968161283;
 -4559.54166937992]
[8502.747013829648;
 656.8412968161283;
 -4559.54166937992]objeto:POINTER
[-127.7008743286133, -127.4241256713867, -140.0345611572266, -113.2321395874023;
 123.9827423095703, 175.2551422119141, 133.0486755371094, 152.5978546142578;
 1045.05712890625, 1054.691772460938, 1031.6611328125, 1068.21435546875]centroid:[-128.9115037282461;
 149.9249113627761;
 1048.284933116085]
[-128.9115037282461;
 149.9249113627761;
 1048.284933116085]objeto:BROCA
[-155.2260894775391, -161.5749053955078, -152.0294647216797;
 -27.46343803405762, -134.1371307373047, 20.779052734375;
 1016.436279296875, 992.4356689453125, 1027.100830078125]centroid:[8943.753492785618;
 534.5365170387086;
 -4138.272781912237]
[8943.753492785618;
 534.5365170387086;
 -4138.272781912237]objeto:POINTER
[-127.7174301147461, -127.4310150146484, -140.0567321777344, -113.2472610473633;
 123.9822082519531, 175.2425231933594, 133.0503540039063, 152.5992126464844;
 1045.0947265625, 1054.671508789063, 1031.722412109375, 1068.252563476563]centroid:[-128.9042805793678;
 149.9118923446335;
 1048.319661399732]
[-128.9042805793678;
 149.9118923446335;
 1048.319661399732]objeto:BROCA
[-155.2297668457031, -161.5768432617188, -152.0199279785156;
 -27.46775436401367, -134.1401519775391, 20.77860832214355;
 1016.447631835938, 992.4619140625, 1027.067993164063]centroid:[7920.269920209423;
 618.2207913771854;
 -4242.1091606915]
[7920.269920209423;
 618.2207913771854;
 -4242.1091606915]objeto:POINTER
[-127.7270050048828, -127.4200897216797, -140.0578765869141, -113.2455215454102;
 123.9917678833008, 175.244140625, 133.0495147705078, 152.5963287353516;
 1045.1328125, 1054.644165039063, 1031.728149414063, 1068.240844726563]centroid:[-128.9137176742539;
 149.9189565022313;
 1048.30976896049]
[-128.9137176742539;
 149.9189565022313;
 1048.30976896049]objeto:BROCA
[-155.2346954345703, -161.5807647705078, -152.0453948974609;
 -27.46517944335938, -134.1407623291016, 20.78088569641113;
 1016.466064453125, 992.4483032226563, 1027.128540039063]centroid:[8780.418248110451;
 607.9481205827324;
 -4416.503260221332]
[8780.418248110451;
 607.9481205827324;
 -4416.503260221332]objeto:POINTER
[-127.7213821411133, -127.4182739257813, -140.0454406738281, -113.2300186157227;
 123.9978179931641, 175.2552337646484, 133.0591735839844, 152.6057281494141;
 1045.102661132813, 1054.646118164063, 1031.685668945313, 1068.1923828125]centroid:[-128.9163095047367;
 149.9302852127193;
 1048.285679307695]
[-128.9163095047367;
 149.9302852127193;
 1048.285679307695]objeto:BROCA
[-155.2342681884766, -161.5747833251953, -152.0167236328125;
 -27.45018768310547, -134.1254577636719, 20.79241752624512;
 1016.463989257813, 992.4373168945313, 1027.061645507813]centroid:[7027.310849478934;
 684.8008560566814;
 -4290.935834940523]
[7027.310849478934;
 684.8008560566814;
 -4290.935834940523]objeto:POINTER
[-127.710319519043, -127.417854309082, -140.0593872070313, -113.2328872680664;
 123.9931793212891, 175.2560272216797, 133.0696868896484, 152.6030120849609;
 1045.050048828125, 1054.639892578125, 1031.735595703125, 1068.192504882813]centroid:[-128.8682524591173;
 149.9175236847053;
 1048.318927951917]
[-128.8682524591173;
 149.9175236847053;
 1048.318927951917]objeto:BROCA
[-155.2269287109375, -161.5839080810547, -152.0408020019531;
 -27.44836807250977, -134.1273498535156, 20.79586982727051;
 1016.430480957031, 992.4620361328125, 1027.109130859375]centroid:[9882.617316839285;
 455.4129765818361;
 -4045.190229605883]
[9882.617316839285;
 455.4129765818361;
 -4045.190229605883]objeto:POINTER
[-127.7220230102539, -127.4319229125977, -140.0503082275391, -113.2205505371094;
 123.9950866699219, 175.2574615478516, 133.0642547607422, 152.5949249267578;
 1045.1064453125, 1054.702880859375, 1031.714233398438, 1068.168701171875]centroid:[-128.9161680896679;
 149.9292158785476;
 1048.326888312054]
[-128.9161680896679;
 149.9292158785476;
 1048.326888312054]objeto:BROCA
[-155.2397766113281, -161.585693359375, -152.0048065185547;
 -27.45364189147949, -134.1269989013672, 20.7885627746582;
 1016.476318359375, 992.449462890625, 1027.016723632813]centroid:[5957.209909323137;
 732.748232398415;
 -4222.693064518273]
[5957.209909323137;
 732.748232398415;
 -4222.693064518273]objeto:POINTER
[-127.7372589111328, -127.4338073730469, -140.0605926513672, -113.2468032836914;
 124.0041961669922, 175.2633972167969, 133.0609130859375, 152.6056823730469;
 1045.154541015625, 1054.70703125, 1031.736328125, 1068.2451171875]centroid:[-128.936638928788;
 149.9389147174663;
 1048.336425844141]
[-128.936638928788;
 149.9389147174663;
 1048.336425844141]objeto:BROCA
[-155.2387847900391, -161.5787353515625, -152.0396575927734;
 -27.45346641540527, -134.1293792724609, 20.7916374206543;
 1016.492614746094, 992.45849609375, 1027.12353515625]centroid:[7756.470084572211;
 685.3882523495122;
 -4484.090875811875]
[7756.470084572211;
 685.3882523495122;
 -4484.090875811875]objeto:POINTER
[-127.7178421020508, -127.4169692993164, -140.0449371337891, -113.2236328125;
 123.9879760742188, 175.2506561279297, 133.0474700927734, 152.5902557373047;
 1045.088134765625, 1054.655517578125, 1031.69482421875, 1068.164184570313]centroid:[-128.9082428355479;
 149.9219486436255;
 1048.292467002079]
[-128.9082428355479;
 149.9219486436255;
 1048.292467002079]objeto:BROCA
[-155.2234191894531, -161.5774536132813, -152.0379638671875;
 -27.46164703369141, -134.1362609863281, 20.77995491027832;
 1016.458984375, 992.4785766601563, 1027.120361328125]centroid:[9295.006761688739;
 567.0375139774987;
 -4382.219445221126]
[9295.006761688739;
 567.0375139774987;
 -4382.219445221126]objeto:POINTER
[-127.7190093994141, -127.427001953125, -140.0486297607422, -113.2285766601563;
 123.9739837646484, 175.2387390136719, 133.0363464355469, 152.5798950195313;
 1045.090209960938, 1054.662231445313, 1031.669189453125, 1068.186889648438]centroid:[-128.9259214042933;
 149.9121548087069;
 1048.279759248459]
[-128.9259214042933;
 149.9121548087069;
 1048.279759248459]objeto:BROCA
[-155.2386169433594, -161.5847320556641, -152.0436401367188;
 -27.46793746948242, -134.1431732177734, 20.77231788635254;
 1016.472717285156, 992.4339599609375, 1027.106201171875]centroid:[7843.07210603077;
 710.7354566368158;
 -4620.469754293561]
[7843.07210603077;
 710.7354566368158;
 -4620.469754293561]objeto:POINTER
[-127.7109527587891, -127.4189758300781, -140.0485992431641, -113.2257766723633;
 123.9817352294922, 175.2419891357422, 133.0431365966797, 152.5864105224609;
 1045.071411132813, 1054.656494140625, 1031.690185546875, 1068.173583984375]centroid:[-128.9054888322098;
 149.9143277815517;
 1048.287225429498]
[-128.9054888322098;
 149.9143277815517;
 1048.287225429498]objeto:BROCA
[-155.2278137207031, -161.5680236816406, -152.0116119384766;
 -27.46411323547363, -134.1364440917969, 20.77473831176758;
 1016.453979492188, 992.4169921875, 1027.055297851563]centroid:[7024.343347953632;
 690.4851596718654;
 -4312.990594577044]
[7024.343347953632;
 690.4851596718654;
 -4312.990594577044]objeto:POINTER
[-127.715690612793, -127.4292144775391, -140.0469360351563, -113.2395858764648;
 123.9833908081055, 175.2530212402344, 133.0534515380859, 152.6020050048828;
 1045.07861328125, 1054.698608398438, 1031.682983398438, 1068.234985351563]centroid:[-128.917227607081;
 149.923044432927;
 1048.304025150321]
[-128.917227607081;
 149.923044432927;
 1048.304025150321]objeto:BROCA
[-155.2272033691406, -161.5705718994141, -152.0146636962891;
 -27.46381187438965, -134.1399688720703, 20.78167533874512;
 1016.451904296875, 992.4384155273438, 1027.063110351563]centroid:[7443.618689436;
 662.8926328432863;
 -4307.439090061933]
[7443.618689436;
 662.8926328432863;
 -4307.439090061933]objeto:POINTER
[-127.7250137329102, -127.4268112182617, -140.0676574707031, -113.2399063110352;
 123.9874038696289, 175.2471923828125, 133.0550842285156, 152.5965728759766;
 1045.089111328125, 1054.66064453125, 1031.753662109375, 1068.205688476563]centroid:[-128.8906727053277;
 149.9126893002664;
 1048.333889251013]
[-128.8906727053277;
 149.9126893002664;
 1048.333889251013]objeto:BROCA
[-155.2408599853516, -161.5849151611328, -152.0129699707031;
 -27.45792770385742, -134.1344451904297, 20.78291320800781;
 1016.464233398438, 992.461181640625, 1027.025512695313]centroid:[6519.456437733956;
 701.4338311926695;
 -4236.968543857336]
[6519.456437733956;
 701.4338311926695;
 -4236.968543857336]objeto:POINTER
[-127.7478866577148, -127.4510803222656, -140.0765686035156, -113.2535858154297;
 124.0016784667969, 175.2633514404297, 133.0682373046875, 152.6041412353516;
 1045.1044921875, 1054.643310546875, 1031.6962890625, 1068.1728515625]centroid:[-128.9377394483274;
 149.9338392503875;
 1048.296223278939]
[-128.9377394483274;
 149.9338392503875;
 1048.296223278939]objeto:BROCA
[-155.2512359619141, -161.6041107177734, -152.0660247802734;
 -27.44352722167969, -134.1248779296875, 20.80058097839355;
 1016.419921875, 992.4485473632813, 1027.105346679688]centroid:[10007.2664432181;
 419.5061827319441;
 -3916.144496578723]
[10007.2664432181;
 419.5061827319441;
 -3916.144496578723]objeto:POINTER
[-127.7590179443359, -127.4538955688477, -140.0853881835938, -113.2817916870117;
 124.0043792724609, 175.2572784423828, 133.0639038085938, 152.6066131591797;
 1045.16796875, 1054.685546875, 1031.721313476563, 1068.267944335938]centroid:[-128.9653671001914;
 149.937143578598;
 1048.320794261075]
[-128.9653671001914;
 149.937143578598;
 1048.320794261075]objeto:BROCA
[-155.2658843994141, -161.636962890625, -152.0707244873047;
 -27.44976997375488, -134.1362457275391, 20.78726387023926;
 1016.424926757813, 992.4940795898438, 1027.106079101563]centroid:[10350.80620969553;
 310.5527269906597;
 -3538.070970371366]
[10350.80620969553;
 310.5527269906597;
 -3538.070970371366]objeto:POINTER
[-127.7648086547852, -127.4638824462891, -140.1018829345703, -113.2869720458984;
 123.9994125366211, 175.2541809082031, 133.0625305175781, 152.5993957519531;
 1045.131713867188, 1054.683227539063, 1031.745971679688, 1068.248901367188]centroid:[-128.9515385283684;
 149.9277749317808;
 1048.334508290112]
[-128.9515385283684;
 149.9277749317808;
 1048.334508290112]objeto:BROCA
[-155.2604675292969, -161.6346130371094, -152.0833892822266;
 -27.4542179107666, -134.1242218017578, 20.78772926330566;
 1016.373168945313, 992.4483032226563, 1027.07275390625]centroid:[11326.75302251708;
 268.2956191328121;
 -3611.925338149071]
[11326.75302251708;
 268.2956191328121;
 -3611.925338149071]objeto:POINTER
[-127.7516479492188, -127.453987121582, -140.0900421142578, -113.2645034790039;
 123.9952239990234, 175.2551422119141, 133.0673065185547, 152.5976409912109;
 1045.113403320313, 1054.680908203125, 1031.750244140625, 1068.196044921875]centroid:[-128.9261130375438;
 149.9230015810106;
 1048.342700588051]
[-128.9261130375438;
 149.9230015810106;
 1048.342700588051]objeto:BROCA
[-155.2475280761719, -161.6139678955078, -152.0620574951172;
 -27.44785308837891, -134.1296234130859, 20.78993225097656;
 1016.385803222656, 992.469970703125, 1027.073120117188]centroid:[10836.33207026497;
 261.0648275896674;
 -3447.310906536877]
[10836.33207026497;
 261.0648275896674;
 -3447.310906536877]objeto:POINTER
[-127.7245101928711, -127.4213409423828, -140.0579528808594, -113.2311401367188;
 123.9930038452148, 175.2526397705078, 133.056640625, 152.5968017578125;
 1045.11865234375, 1054.682250976563, 1031.721801757813, 1068.211303710938]centroid:[-128.9160530159527;
 149.9258518102687;
 1048.318828127344]
[-128.9160530159527;
 149.9258518102687;
 1048.318828127344]objeto:BROCA
[-155.2275390625, -161.5841674804688, -152.0330505371094;
 -27.45708656311035, -134.1332855224609, 20.78022766113281;
 1016.399353027344, 992.4281616210938, 1027.0556640625]centroid:[9174.324917885475;
 527.1682803302538;
 -4175.968445271254]
[9174.324917885475;
 527.1682803302538;
 -4175.968445271254]objeto:POINTER
[-127.7576675415039, -127.4419021606445, -140.0728454589844, -113.2579956054688;
 124.0015640258789, 175.2531890869141, 133.0595550537109, 152.6061553955078;
 1045.187866210938, 1054.672607421875, 1031.737670898438, 1068.231079101563]centroid:[-128.9519936668985;
 149.9316913776232;
 1048.330862827288]
[-128.9519936668985;
 149.9316913776232;
 1048.330862827288]objeto:BROCA
[-155.2334289550781, -161.5687408447266, -152.0483551025391;
 -27.45663642883301, -134.1296997070313, 20.78653335571289;
 1016.430053710938, 992.4442138671875, 1027.089111328125]centroid:[9045.524823871441;
 555.4786445798818;
 -4256.283582922071]
[9045.524823871441;
 555.4786445798818;
 -4256.283582922071]objeto:POINTER
[-127.7385864257813, -127.4471588134766, -140.0754699707031, -113.2525253295898;
 123.9853515625, 175.2479705810547, 133.0567016601563, 152.5895538330078;
 1045.10400390625, 1054.677490234375, 1031.751953125, 1068.197875976563]centroid:[-128.9099318687722;
 149.9129305812428;
 1048.344421828816]
[-128.9099318687722;
 149.9129305812428;
 1048.344421828816]objeto:BROCA
[-155.2390594482422, -161.5966949462891, -152.0460815429688;
 -27.45680809020996, -134.1306762695313, 20.78358840942383;
 1016.394714355469, 992.4249877929688, 1027.042846679688]centroid:[9001.093390657566;
 574.9126909745391;
 -4343.151176024228]
[9001.093390657566;
 574.9126909745391;
 -4343.151176024228]objeto:POINTER
[-127.7487182617188, -127.4416809082031, -140.0857391357422, -113.2707290649414;
 123.992057800293, 175.25390625, 133.0623321533203, 152.6038208007813;
 1045.140258789063, 1054.69140625, 1031.77001953125, 1068.301391601563]centroid:[-128.920699823355;
 149.9211358042101;
 1048.358225351112]
[-128.920699823355;
 149.9211358042101;
 1048.358225351112]objeto:BROCA
[-155.2593078613281, -161.6070861816406, -152.0654144287109;
 -27.4631290435791, -134.1417388916016, 20.77812576293945;
 1016.491943359375, 992.497314453125, 1027.127197265625]centroid:[8362.019721991848;
 645.5079856023658;
 -4478.721332062036]
[8362.019721991848;
 645.5079856023658;
 -4478.721332062036]objeto:POINTER
[-127.7387313842773, -127.4297256469727, -140.0727996826172, -113.2598114013672;
 123.9940567016602, 175.2476348876953, 133.0552215576172, 152.6015472412109;
 1045.113891601563, 1054.630004882813, 1031.725708007813, 1068.247924804688]centroid:[-128.9168865847727;
 149.9199698854705;
 1048.304146289374]
[-128.9168865847727;
 149.9199698854705;
 1048.304146289374]objeto:BROCA
[-155.2445068359375, -161.6090850830078, -152.0474700927734;
 -27.45561408996582, -134.1359100341797, 20.78214645385742;
 1016.419677734375, 992.474853515625, 1027.065673828125]centroid:[9235.129050222225;
 520.7163271002937;
 -4172.26682318002]
[9235.129050222225;
 520.7163271002937;
 -4172.26682318002]objeto:POINTER
[-127.714729309082, -127.4314575195313, -140.0518341064453, -113.2377243041992;
 123.9769744873047, 175.2458648681641, 133.0425872802734, 152.5822448730469;
 1045.0595703125, 1054.667602539063, 1031.692993164063, 1068.170532226563]centroid:[-128.9053908164913;
 149.9122577963576;
 1048.297580619187]
[-128.9053908164913;
 149.9122577963576;
 1048.297580619187]objeto:BROCA
[-155.2349853515625, -161.5915069580078, -152.0294952392578;
 -27.47041702270508, -134.1437530517578, 20.77545928955078;
 1016.435485839844, 992.4723510742188, 1027.037475585938]centroid:[7824.031613157131;
 678.0142253675149;
 -4490.928265027702]
[7824.031613157131;
 678.0142253675149;
 -4490.928265027702]objeto:POINTER
[-127.7433319091797, -127.4585266113281, -140.0964813232422, -113.2817535400391;
 123.9856872558594, 175.2547454833984, 133.0598602294922, 152.6022644042969;
 1045.089599609375, 1054.711791992188, 1031.761596679688, 1068.2939453125]centroid:[-128.9192600728156;
 149.9172887037872;
 1048.356853128861]
[-128.9192600728156;
 149.9172887037872;
 1048.356853128861]objeto:BROCA
[-155.2579498291016, -161.6301727294922, -152.0669708251953;
 -27.45660591125488, -134.1380157470703, 20.78364944458008;
 1016.415466308594, 992.484130859375, 1027.086669921875]centroid:[10180.95527712628;
 400.5531643393915;
 -3894.403623327613]
[10180.95527712628;
 400.5531643393915;
 -3894.403623327613]objeto:POINTER
[-127.7407379150391, -127.4498977661133, -140.0743713378906, -113.2557220458984;
 123.9910354614258, 175.257080078125, 133.0526123046875, 152.5999603271484;
 1045.121826171875, 1054.698974609375, 1031.73388671875, 1068.22509765625]centroid:[-128.9345975281348;
 149.926154245522;
 1048.333962978287]
[-128.9345975281348;
 149.926154245522;
 1048.333962978287]objeto:BROCA
[-155.2463989257813, -161.6125030517578, -152.052978515625;
 -27.45175170898438, -134.1371612548828, 20.78187561035156;
 1016.427551269531, 992.4962768554688, 1027.076293945313]centroid:[9552.685386786237;
 487.5882316869684;
 -4112.69590979442]
[9552.685386786237;
 487.5882316869684;
 -4112.69590979442]objeto:POINTER
[-127.7357788085938, -127.447639465332, -140.0720672607422, -113.2614440917969;
 123.9909439086914, 175.2568664550781, 133.0556335449219, 152.6060180664063;
 1045.08251953125, 1054.69384765625, 1031.7080078125, 1068.238037109375]centroid:[-128.930277328082;
 149.9265638394441;
 1048.313959829859]
[-128.930277328082;
 149.9265638394441;
 1048.313959829859]objeto:BROCA
[-155.2442321777344, -161.5991363525391, -152.0603485107422;
 -27.45049667358398, -134.1244506835938, 20.7910041809082;
 1016.416076660156, 992.425537109375, 1027.099487304688]centroid:[9775.374334347434;
 490.1510884317104;
 -4165.641977440566]
[9775.374334347434;
 490.1510884317104;
 -4165.641977440566]objeto:POINTER
[-127.7231292724609, -127.4306869506836, -140.0561065673828, -113.2448501586914;
 123.9925308227539, 175.2542724609375, 133.0558319091797, 152.6000823974609;
 1045.060302734375, 1054.666259765625, 1031.697875976563, 1068.211059570313]centroid:[-128.9091843195578;
 149.9244250920359;
 1048.29744326694]
[-128.9091843195578;
 149.9244250920359;
 1048.29744326694]objeto:BROCA
[-155.2382659912109, -161.5940246582031, -152.0456695556641;
 -27.45285606384277, -134.1281433105469, 20.79180145263672;
 1016.433837890625, 992.473876953125, 1027.079711914063]centroid:[9031.273502584547;
 567.6373628308065;
 -4320.207499586046]
[9031.273502584547;
 567.6373628308065;
 -4320.207499586046]objeto:POINTER
[-127.7338562011719, -127.4457778930664, -140.0684814453125, -113.2602233886719;
 123.9940338134766, 175.2563781738281, 133.0526580810547, 152.6018218994141;
 1045.110961914063, 1054.694580078125, 1031.710327148438, 1068.229248046875]centroid:[-128.9388580313873;
 149.9298905398268;
 1048.313578436224]
[-128.9388580313873;
 149.9298905398268;
 1048.313578436224]objeto:BROCA
[-155.2558135986328, -161.6112365722656, -152.0596313476563;
 -27.45599937438965, -134.1353149414063, 20.78477668762207;
 1016.469299316406, 992.4852905273438, 1027.11328125]centroid:[8698.973286772612;
 597.8371343145845;
 -4361.124827157706]
[8698.973286772612;
 597.8371343145845;
 -4361.124827157706]objeto:POINTER
[-127.7495498657227, -127.4537582397461, -140.0786743164063, -113.2659225463867;
 123.9898910522461, 175.2468872070313, 133.0530090332031, 152.6019592285156;
 1045.159057617188, 1054.70849609375, 1031.73583984375, 1068.268920898438]centroid:[-128.9522230828309;
 149.9231095906173;
 1048.340011051897]
[-128.9522230828309;
 149.9231095906173;
 1048.340011051897]objeto:BROCA
[-155.2616119384766, -161.6141510009766, -152.0593109130859;
 -27.46327972412109, -134.1365509033203, 20.78127288818359;
 1016.460083007813, 992.4560546875, 1027.074584960938]centroid:[7710.695700929035;
 702.8470722474158;
 -4560.573112610728]
[7710.695700929035;
 702.8470722474158;
 -4560.573112610728]objeto:POINTER
[-127.7521667480469, -127.4588775634766, -140.0912017822266, -113.2845916748047;
 123.993293762207, 175.2622833251953, 133.0562896728516, 152.6065673828125;
 1045.159423828125, 1054.712646484375, 1031.748657226563, 1068.289428710938]centroid:[-128.952767641258;
 149.9312692090846;
 1048.348715873334]
[-128.952767641258;
 149.9312692090846;
 1048.348715873334]objeto:BROCA
[-155.2565612792969, -161.6192932128906, -152.0586853027344;
 -27.46321678161621, -134.1368408203125, 20.78251838684082;
 1016.443176269531, 992.4622192382813, 1027.0830078125]centroid:[8618.06380199641;
 624.2737150189932;
 -4460.520994283259]
[8618.06380199641;
 624.2737150189932;
 -4460.520994283259]objeto:POINTER
[-127.7374114990234, -127.4368743896484, -140.0780029296875, -113.2643203735352;
 123.9880599975586, 175.2505798339844, 133.06005859375, 152.6083374023438;
 1045.128173828125, 1054.679931640625, 1031.76123046875, 1068.287109375]centroid:[-128.9102456438414;
 149.9166648071777;
 1048.349887812623]
[-128.9102456438414;
 149.9166648071777;
 1048.349887812623]objeto:BROCA
[-155.2469787597656, -161.5988006591797, -152.0588531494141;
 -27.46042823791504, -134.1327514648438, 20.78501892089844;
 1016.45849609375, 992.4622802734375, 1027.127075195313]centroid:[9218.701716731302;
 556.8120389069663;
 -4312.087025921792]
[9218.701716731302;
 556.8120389069663;
 -4312.087025921792]objeto:POINTER
[-127.727409362793, -127.4390182495117, -140.0739135742188, -113.2453155517578;
 123.9872589111328, 175.2535247802734, 133.0556182861328, 152.5931243896484;
 1045.072998046875, 1054.66796875, 1031.725341796875, 1068.203247070313]centroid:[-128.9072832064007;
 149.9185085731287;
 1048.317432115541]
[-128.9072832064007;
 149.9185085731287;
 1048.317432115541]objeto:BROCA
[-155.2523651123047, -161.6015472412109, -152.0547485351563;
 -27.45776557922363, -134.1308441162109, 20.78331184387207;
 1016.457702636719, 992.4489135742188, 1027.088134765625]centroid:[8061.076117622666;
 672.494425219018;
 -4516.139569088817]
[8061.076117622666;
 672.494425219018;
 -4516.139569088817]objeto:POINTER
[-127.7379913330078, -127.4482498168945, -140.0790710449219, -113.2480010986328;
 123.988525390625, 175.2528076171875, 133.0621795654297, 152.5907440185547;
 1045.095581054688, 1054.687622070313, 1031.747924804688, 1068.1728515625]centroid:[-128.911774987205;
 149.9176586499435;
 1048.344170703863]
[-128.911774987205;
 149.9176586499435;
 1048.344170703863]objeto:BROCA
[-155.2545318603516, -161.6087341308594, -152.0536041259766;
 -27.46407127380371, -134.1341247558594, 20.78313446044922;
 1016.46484375, 992.4749755859375, 1027.075439453125]centroid:[7763.96848791372;
 708.2227240982465;
 -4602.29424091056]
[7763.96848791372;
 708.2227240982465;
 -4602.29424091056]objeto:POINTER
[-127.7412109375, -127.4468154907227, -140.0791931152344, -113.2458419799805;
 123.9901657104492, 175.252197265625, 133.0529174804688, 152.5888824462891;
 1045.111206054688, 1054.675415039063, 1031.71923828125, 1068.166259765625]centroid:[-128.9351395842032;
 149.923361612582;
 1048.314973477126]
[-128.9351395842032;
 149.923361612582;
 1048.314973477126]objeto:BROCA
[-155.2621765136719, -161.6159362792969, -152.0696411132813;
 -27.46147346496582, -134.1287841796875, 20.78431701660156;
 1016.463134765625, 992.4432373046875, 1027.098266601563]centroid:[8085.76727997791;
 714.6127222707728;
 -4708.548842392862]
[8085.76727997791;
 714.6127222707728;
 -4708.548842392862]objeto:POINTER
[-127.7297897338867, -127.4504165649414, -140.0670166015625, -113.2426147460938;
 123.9861068725586, 175.2534027099609, 133.0516052246094, 152.5903015136719;
 1045.0927734375, 1054.705932617188, 1031.713256835938, 1068.18359375]centroid:[-128.9294798069422;
 149.922529433677;
 1048.323570188373]
[-128.9294798069422;
 149.922529433677;
 1048.323570188373]objeto:BROCA
[-155.2504577636719, -161.6050567626953, -152.0448303222656;
 -27.46149063110352, -134.1339111328125, 20.78438949584961;
 1016.468444824219, 992.4720458984375, 1027.062622070313]centroid:[7322.597427085973;
 737.7891037080553;
 -4615.520962547511]
[7322.597427085973;
 737.7891037080553;
 -4615.520962547511]objeto:POINTER
[-127.7493667602539, -127.4345016479492, -140.0859527587891, -113.2689437866211;
 123.995491027832, 175.2465209960938, 133.0574798583984, 152.6015319824219;
 1045.135620117188, 1054.645141601563, 1031.7578125, 1068.266845703125]centroid:[-128.9202544220818;
 149.9188356235161;
 1048.329226317905]
[-128.9202544220818;
 149.9188356235161;
 1048.329226317905]objeto:BROCA
[-155.2559509277344, -161.6047210693359, -152.0533752441406;
 -27.46243286132813, -134.1311950683594, 20.78572082519531;
 1016.456237792969, 992.4432983398438, 1027.067749023438]centroid:[7519.093312815763;
 719.1449306603172;
 -4578.857885774225]
[7519.093312815763;
 719.1449306603172;
 -4578.857885774225]objeto:POINTER
[-127.7448883056641, -127.4400329589844, -140.0746612548828, -113.2522048950195;
 123.9971389770508, 175.242919921875, 133.0592193603516, 152.5967559814453;
 1045.128295898438, 1054.650634765625, 1031.739624023438, 1068.212158203125]centroid:[-128.9245762062563;
 149.9192995977626;
 1048.321549075719]
[-128.9245762062563;
 149.9192995977626;
 1048.321549075719]objeto:BROCA
[-155.2493286132813, -161.6088562011719, -152.0591888427734;
 -27.46184158325195, -134.1308288574219, 20.78727722167969;
 1016.460693359375, 992.48291015625, 1027.100830078125]centroid:[8709.801721296273;
 654.1725014685653;
 -4617.238047800958]
[8709.801721296273;
 654.1725014685653;
 -4617.238047800958]objeto:POINTER
[-127.7355422973633, -127.4495468139648, -140.0737457275391, -113.2552185058594;
 123.9824142456055, 175.2471771240234, 133.0509185791016, 152.5925750732422;
 1045.080078125, 1054.690063476563, 1031.723022460938, 1068.20849609375]centroid:[-128.9204963412498;
 149.9145990775622;
 1048.325280532831]
[-128.9204963412498;
 149.9145990775622;
 1048.325280532831]objeto:BROCA
[-155.2484588623047, -161.6141662597656, -152.0531311035156;
 -27.4638729095459, -134.1338043212891, 20.78424644470215;
 1016.430847167969, 992.47265625, 1027.0478515625]centroid:[8337.524304769002;
 691.8078298630426;
 -4692.834338217974]
[8337.524304769002;
 691.8078298630426;
 -4692.834338217974]objeto:POINTER
[-127.7384033203125, -127.4504776000977, -140.0824737548828, -113.2761611938477;
 123.9865341186523, 175.2508239746094, 133.0510559082031, 152.5993804931641;
 1045.094116210938, 1054.681518554688, 1031.723022460938, 1068.281860351563]centroid:[-128.9299685644245;
 149.9196371975202;
 1048.318688180653]
[-128.9299685644245;
 149.9196371975202;
 1048.318688180653]objeto:BROCA
[-155.2558135986328, -161.6225280761719, -152.0568389892578;
 -27.4614143371582, -134.1364898681641, 20.78384208679199;
 1016.431762695313, 992.4841918945313, 1027.052490234375]centroid:[8533.703936695587;
 639.4843565783231;
 -4514.960706979036]
[8533.703936695587;
 639.4843565783231;
 -4514.960706979036]objeto:POINTER
[-127.7520904541016, -127.4535751342773, -140.0899047851563, -113.2525634765625;
 123.9959411621094, 175.2499237060547, 133.0590972900391, 152.5885162353516;
 1045.164916992188, 1054.693237304688, 1031.770385742188, 1068.199951171875]centroid:[-128.9394685026231;
 149.9231457728199;
 1048.356069262937]
[-128.9394685026231;
 149.9231457728199;
 1048.356069262937]objeto:BROCA
[-155.2566680908203, -161.6132965087891, -152.0646362304688;
 -27.46629333496094, -134.1372375488281, 20.77841758728027;
 1016.459350585938, 992.4696655273438, 1027.1044921875]centroid:[8687.287436069921;
 634.707624400733;
 -4520.953286577016]
[8687.287436069921;
 634.707624400733;
 -4520.953286577016]objeto:POINTER
[-127.7350311279297, -127.4470062255859, -140.0751800537109, -113.2754440307617;
 123.9962387084961, 175.2573699951172, 133.0623626708984, 152.6058959960938;
 1045.109130859375, 1054.696655273438, 1031.738037109375, 1068.28125]centroid:[-128.9244461303247;
 149.9274130609764;
 1048.335702043402]
[-128.9244461303247;
 149.9274130609764;
 1048.335702043402]objeto:BROCA
[-155.2594604492188, -161.6104736328125, -152.0547637939453;
 -27.46040344238281, -134.1311187744141, 20.78952026367188;
 1016.474487304688, 992.4686279296875, 1027.082275390625]centroid:[7496.486499067396;
 715.9187758931657;
 -4560.945395011455]
[7496.486499067396;
 715.9187758931657;
 -4560.945395011455]objeto:POINTER
[-127.7474517822266, -127.4512710571289, -140.0827178955078, -113.2597961425781;
 123.9902496337891, 175.253662109375, 133.0509033203125, 152.5931243896484;
 1045.105834960938, 1054.681030273438, 1031.710205078125, 1068.201171875]centroid:[-128.94479055855;
 149.9256213860747;
 1048.309293615205]
[-128.94479055855;
 149.9256213860747;
 1048.309293615205]objeto:BROCA
[-155.2592926025391, -161.6232757568359, -152.0633850097656;
 -27.46283149719238, -134.1293182373047, 20.78516578674316;
 1016.431030273438, 992.4620971679688, 1027.060180664063]centroid:[8493.783018324524;
 661.5626300561707;
 -4596.445393897593]
[8493.783018324524;
 661.5626300561707;
 -4596.445393897593]objeto:POINTER
[-127.7536468505859, -127.453987121582, -140.0798797607422, -113.2764129638672;
 123.9988327026367, 175.2474212646484, 133.0535736083984, 152.602783203125;
 1045.141357421875, 1054.6982421875, 1031.740234375, 1068.281127929688]centroid:[-128.9505097156198;
 149.9269586090406;
 1048.332735321256]
[-128.9505097156198;
 149.9269586090406;
 1048.332735321256]objeto:BROCA
[-155.2639007568359, -161.6260070800781, -152.0659027099609;
 -27.46487236022949, -134.137939453125, 20.78215217590332;
 1016.470642089844, 992.4869995117188, 1027.08642578125]centroid:[8007.211131345015;
 711.9823980483925;
 -4687.711249094456]
[8007.211131345015;
 711.9823980483925;
 -4687.711249094456]objeto:POINTER
[-127.7457275390625, -127.4413909912109, -140.0673065185547, -113.2619781494141;
 123.9966354370117, 175.2560119628906, 133.0506134033203, 152.602294921875;
 1045.12890625, 1054.679809570313, 1031.680419921875, 1068.238647460938]centroid:[-128.960298765367;
 149.9355757610089;
 1048.288163238285]
[-128.960298765367;
 149.9355757610089;
 1048.288163238285]objeto:BROCA
[-155.2497253417969, -161.61279296875, -152.0549926757813;
 -27.45984649658203, -134.1386871337891, 20.78370666503906;
 1016.437744140625, 992.4844970703125, 1027.076538085938]centroid:[8960.406080214307;
 586.2263517305255;
 -4388.598866295069]
[8960.406080214307;
 586.2263517305255;
 -4388.598866295069]