3D [-113.23734, 152.60083, 1068.24;
 -127.70872, 123.98824, 1045.0938;
 -127.42853, 175.25789, 1054.726;
 -140.06165, 133.05656, 1031.76;
 -152.02902, 20.777544, 1027.1078;
 -155.233, -27.46784, 1016.5043;
 -161.57454, -134.1451, 992.47278]3D [-113.23734, 152.60083, 1068.24;
 -127.70872, 123.98824, 1045.0938;
 -127.42853, 175.25789, 1054.726;
 -140.06165, 133.05656, 1031.76;
 -152.02902, 20.777544, 1027.1078;
 -155.233, -27.46784, 1016.5043;
 -161.57454, -134.1451, 992.47278]3D [-113.23866, 152.59593, 1068.2188;
 -127.72272, 123.98963, 1045.1134;
 -127.42738, 175.24918, 1054.684;
 -140.05478, 133.05087, 1031.7177;
 -152.03642, 20.777987, 1027.1207;
 -155.23747, -27.467619, 1016.5079;
 -161.57489, -134.13542, 992.45789]3D [-113.23505, 152.59644, 1068.2324;
 -127.72098, 123.99006, 1045.1168;
 -127.41718, 175.24243, 1054.6417;
 -140.05479, 133.05469, 1031.7319;
 -152.04285, 20.776476, 1027.1287;
 -155.23232, -27.47007, 1016.488;
 -161.57663, -134.14159, 992.45709]3D [-113.24499, 152.59909, 1068.2367;
 -127.73586, 123.9907, 1045.1499;
 -127.42198, 175.24232, 1054.6416;
 -140.05128, 133.04822, 1031.6982;
 -152.04442, 20.782963, 1027.1393;
 -155.24062, -27.470463, 1016.4874;
 -161.59047, -134.13716, 992.47443]3D [-113.23802, 152.60768, 1068.2251;
 -127.71448, 123.98655, 1045.0906;
 -127.42534, 175.25034, 1054.6539;
 -140.05478, 133.05081, 1031.7297;
 -152.01456, 20.784281, 1027.0776;
 -155.23315, -27.465956, 1016.4949;
 -161.58107, -134.13785, 992.48041]3D [-113.22798, 152.59886, 1068.193;
 -127.71613, 123.99866, 1045.1265;
 -127.42984, 175.25873, 1054.7148;
 -140.03564, 133.04834, 1031.663;
 -152.04315, 20.787029, 1027.1595;
 -155.23065, -27.462868, 1016.4888;
 -161.57277, -134.13031, 992.45453]3D [-113.24249, 152.60609, 1068.2522;
 -127.71435, 123.99044, 1045.1108;
 -127.42034, 175.25108, 1054.6599;
 -140.05782, 133.05956, 1031.7495;
 -152.04765, 20.785568, 1027.1635;
 -155.23972, -27.465548, 1016.4995;
 -161.58372, -134.13435, 992.49408]3D [-113.24953, 152.60851, 1068.2784;
 -127.7227, 123.99406, 1045.127;
 -127.41281, 175.24881, 1054.6414;
 -140.05952, 133.05563, 1031.7428;
 -152.04022, 20.782444, 1027.124;
 -155.23953, -27.460855, 1016.518;
 -161.57878, -134.13194, 992.47211]3D [-113.23026, 152.59273, 1068.2024;
 -127.72138, 123.98676, 1045.1113;
 -127.40334, 175.23294, 1054.5997;
 -140.04245, 133.04668, 1031.6803;
 -152.04187, 20.774126, 1027.1436;
 -155.22969, -27.475225, 1016.4912;
 -161.57961, -134.14162, 992.47278]3D [-113.23398, 152.59721, 1068.2375;
 -127.70585, 123.98099, 1045.0804;
 -127.4164, 175.24582, 1054.6757;
 -140.04929, 133.05016, 1031.7261;
 -152.01044, 20.776253, 1027.0874;
 -155.22482, -27.473061, 1016.4891;
 -161.56755, -134.14333, 992.45905]3D [-113.24281, 152.60316, 1068.2377;
 -127.71677, 123.99232, 1045.1139;
 -127.42667, 175.24947, 1054.6794;
 -140.05008, 133.04996, 1031.7219;
 -152.00603, 20.778572, 1027.0387;
 -155.22838, -27.466755, 1016.4733;
 -161.58165, -134.13696, 992.46332]3D [-113.24349, 152.60657, 1068.2423;
 -127.72496, 123.99083, 1045.1013;
 -127.43007, 175.256, 1054.6779;
 -140.03712, 133.04953, 1031.6503;
 -152.04666, 20.785368, 1027.1449;
 -155.23221, -27.463219, 1016.4757;
 -161.58047, -134.13274, 992.46777]3D [-113.24338, 152.60445, 1068.2335;
 -127.73489, 124.00058, 1045.1449;
 -127.43447, 175.25356, 1054.6852;
 -140.06352, 133.05235, 1031.729;
 -152.04887, 20.783848, 1027.1575;
 -155.24072, -27.462328, 1016.4834;
 -161.58356, -134.13657, 992.46704]3D [-113.22919, 152.60777, 1068.2203;
 -127.71373, 123.99992, 1045.1078;
 -127.42132, 175.26265, 1054.6863;
 -140.04384, 133.05824, 1031.6995;
 -152.01027, 20.78805, 1027.0741;
 -155.23039, -27.459679, 1016.501;
 -161.58362, -134.13145, 992.50769]3D [-113.23512, 152.61275, 1068.2174;
 -127.71575, 123.99808, 1045.1042;
 -127.41753, 175.25575, 1054.6432;
 -140.05443, 133.06323, 1031.7266;
 -152.01596, 20.787834, 1027.0743;
 -155.23161, -27.4557, 1016.4866;
 -161.58562, -134.13058, 992.48712]3D [-113.2293, 152.60315, 1068.2124;
 -127.71534, 123.98779, 1045.1031;
 -127.42653, 175.25725, 1054.6947;
 -140.04048, 133.05077, 1031.6793;
 -152.03995, 20.785208, 1027.1304;
 -155.22807, -27.462915, 1016.4706;
 -161.5909, -134.1351, 992.49091]3D [-113.23713, 152.60175, 1068.214;
 -127.71339, 123.99112, 1045.0813;
 -127.42612, 175.25771, 1054.6794;
 -140.04579, 133.05579, 1031.7098;
 -152.03131, 20.783911, 1027.1249;
 -155.23956, -27.460804, 1016.4902;
 -161.58813, -134.1313, 992.4826]3D [-113.2483, 152.61554, 1068.259;
 -127.73, 124.00002, 1045.121;
 -127.43695, 175.26378, 1054.7125;
 -140.06712, 133.06302, 1031.7576;
 -152.05185, 20.787888, 1027.1635;
 -155.25204, -27.461998, 1016.5532;
 -161.59384, -134.13513, 992.50427]3D [-113.22771, 152.60593, 1068.2219;
 -127.70422, 123.98997, 1045.0754;
 -127.42332, 175.25871, 1054.6953;
 -140.03899, 133.05431, 1031.686;
 -152.04147, 20.787535, 1027.1711;
 -155.23221, -27.459286, 1016.5076;
 -161.56496, -134.13391, 992.45422]3D [-113.23569, 152.59933, 1068.2263;
 -127.71957, 123.99413, 1045.1157;
 -127.42654, 175.25961, 1054.7006;
 -140.04721, 133.05655, 1031.7029;
 -152.02197, 20.781578, 1027.0852;
 -155.24196, -27.468458, 1016.52;
 -161.58832, -134.13235, 992.487]3D [-113.23061, 152.60326, 1068.2162;
 -127.72509, 124.00114, 1045.1326;
 -127.4203, 175.254, 1054.6564;
 -140.04987, 133.0578, 1031.7107;
 -152.04573, 20.784424, 1027.1569;
 -155.23604, -27.462654, 1016.4976;
 -161.5827, -134.13303, 992.4707]3D [-113.23604, 152.601, 1068.2073;
 -127.71999, 123.99523, 1045.1115;
 -127.44117, 175.25749, 1054.7241;
 -140.04546, 133.05544, 1031.6959;
 -152.0481, 20.785313, 1027.1415;
 -155.24019, -27.463623, 1016.4972;
 -161.58617, -134.12936, 992.47028]3D [-113.23428, 152.60469, 1068.2316;
 -127.72131, 123.99181, 1045.1328;
 -127.42056, 175.254, 1054.6761;
 -140.05481, 133.05931, 1031.7457;
 -152.00731, 20.782513, 1027.0558;
 -155.22346, -27.463587, 1016.4708;
 -161.57289, -134.1315, 992.46387]3D [-113.21937, 152.59052, 1068.1541;
 -127.71646, 123.99031, 1045.0896;
 -127.41382, 175.24791, 1054.6606;
 -140.05258, 133.05876, 1031.7328;
 -152.04443, 20.781433, 1027.1609;
 -155.23393, -27.466766, 1016.4897;
 -161.58943, -134.14011, 992.48413]3D [-113.21851, 152.60165, 1068.1816;
 -127.71326, 124.00386, 1045.1067;
 -127.42533, 175.26602, 1054.7117;
 -140.04066, 133.06328, 1031.7097;
 -152.01257, 20.789888, 1027.0858;
 -155.23065, -27.456427, 1016.5014;
 -161.57634, -134.12619, 992.47595]3D [-113.23687, 152.60434, 1068.2325;
 -127.71522, 123.99912, 1045.1093;
 -127.42314, 175.25816, 1054.7004;
 -140.04984, 133.05336, 1031.6951;
 -152.03506, 20.786633, 1027.1302;
 -155.2347, -27.459026, 1016.5009;
 -161.58499, -134.13652, 992.48499]3D [-113.23636, 152.59639, 1068.2374;
 -127.71191, 123.98918, 1045.0995;
 -127.4193, 175.24937, 1054.6654;
 -140.04779, 133.05023, 1031.7043;
 -152.00922, 20.776598, 1027.0646;
 -155.23485, -27.470526, 1016.5039;
 -161.57495, -134.13516, 992.45441]3D [-113.24041, 152.59746, 1068.245;
 -127.72393, 123.9885, 1045.1267;
 -127.43089, 175.25453, 1054.7059;
 -140.06517, 133.0538, 1031.7438;
 -152.04895, 20.774548, 1027.1512;
 -155.24426, -27.469763, 1016.5215;
 -161.58994, -134.14404, 992.48193]3D [-113.21451, 152.59315, 1068.1615;
 -127.71224, 123.9916, 1045.098;
 -127.39111, 175.2364, 1054.5924;
 -140.05528, 133.05743, 1031.7445;
 -152.01256, 20.780209, 1027.059;
 -155.2352, -27.461937, 1016.5056;
 -161.57787, -134.1315, 992.46326]3D [-113.23085, 152.59975, 1068.1978;
 -127.7181, 123.98957, 1045.0889;
 -127.43047, 175.25148, 1054.6884;
 -140.06047, 133.0582, 1031.7386;
 -152.01707, 20.780907, 1027.0403;
 -155.23848, -27.468267, 1016.4975;
 -161.59123, -134.13664, 992.48126]3D [-113.23098, 152.59512, 1068.2054;
 -127.70711, 123.98259, 1045.0752;
 -127.42717, 175.25554, 1054.6903;
 -140.04276, 133.05281, 1031.6914;
 -152.0313, 20.777987, 1027.095;
 -155.22905, -27.464453, 1016.4622;
 -161.57899, -134.1367, 992.45038]3D [-113.24326, 152.60641, 1068.2368;
 -127.73161, 123.99766, 1045.1359;
 -127.4245, 175.25415, 1054.6726;
 -140.05798, 133.05893, 1031.7362;
 -152.04922, 20.785313, 1027.1604;
 -155.2489, -27.462263, 1016.5201;
 -161.5999, -134.13907, 992.50031]3D [-113.21773, 152.61009, 1068.1775;
 -127.70878, 124.00277, 1045.1063;
 -127.41192, 175.26164, 1054.6595;
 -140.04584, 133.06894, 1031.7373;
 -152.00829, 20.796608, 1027.0939;
 -155.23312, -27.452747, 1016.5129;
 -161.57411, -134.12901, 992.47333]3D [-113.22709, 152.59537, 1068.1763;
 -127.72257, 123.99642, 1045.099;
 -127.43074, 175.25916, 1054.6898;
 -140.05153, 133.05653, 1031.7054;
 -152.01019, 20.784012, 1027.0477;
 -155.23137, -27.459982, 1016.4655;
 -161.58623, -134.13107, 992.47406]3D [-113.23592, 152.59082, 1068.1641;
 -127.72541, 123.98936, 1045.0946;
 -127.42095, 175.23903, 1054.6285;
 -140.06348, 133.05611, 1031.7213;
 -152.05177, 20.779242, 1027.108;
 -155.24699, -27.460833, 1016.4613;
 -161.59807, -134.12991, 992.44885]3D [-113.22535, 152.59596, 1068.1722;
 -127.70752, 123.98544, 1045.0596;
 -127.41212, 175.24713, 1054.6296;
 -140.04201, 133.05432, 1031.692;
 -152.03352, 20.786375, 1027.1062;
 -155.22827, -27.457668, 1016.4642;
 -161.57224, -134.13493, 992.44635]3D [-113.23393, 152.60115, 1068.1891;
 -127.71208, 123.99212, 1045.0583;
 -127.42299, 175.25542, 1054.6626;
 -140.04117, 133.05507, 1031.6832;
 -152.037, 20.789326, 1027.1168;
 -155.22478, -27.457354, 1016.4482;
 -161.57571, -134.12843, 992.44757]3D [-113.22401, 152.58748, 1068.1165;
 -127.71545, 123.98212, 1045.0452;
 -127.41582, 175.2379, 1054.5967;
 -140.03099, 133.04549, 1031.6132;
 -152.04001, 20.787075, 1027.0748;
 -155.22943, -27.457159, 1016.4286;
 -161.57391, -134.12637, 992.41663]3D [-113.22794, 152.59286, 1068.1884;
 -127.72243, 123.98619, 1045.1252;
 -127.41414, 175.23788, 1054.6248;
 -140.05696, 133.04865, 1031.7257;
 -152.0347, 20.779968, 1027.0999;
 -155.23734, -27.464315, 1016.479;
 -161.5862, -134.13489, 992.45367]3D [-113.24137, 152.59921, 1068.2209;
 -127.71806, 123.99318, 1045.0975;
 -127.42323, 175.25209, 1054.6707;
 -140.04349, 133.05855, 1031.6841;
 -152.04308, 20.789057, 1027.1447;
 -155.22992, -27.457256, 1016.4703;
 -161.58008, -134.13127, 992.45898]3D [-113.23141, 152.5986, 1068.209;
 -127.71805, 123.99422, 1045.0894;
 -127.42262, 175.25865, 1054.6824;
 -140.05229, 133.05708, 1031.714;
 -152.05016, 20.789867, 1027.1545;
 -155.23856, -27.453005, 1016.4736;
 -161.58836, -134.13228, 992.46893]3D [-113.24083, 152.6012, 1068.2062;
 -127.72852, 123.9942, 1045.1373;
 -127.42657, 175.24721, 1054.6405;
 -140.07483, 133.06555, 1031.76;
 -152.04539, 20.791367, 1027.1248;
 -155.23891, -27.4582, 1016.453;
 -161.59427, -134.13141, 992.48358]3D [-113.25196, 152.61369, 1068.2462;
 -127.71149, 123.994, 1045.0521;
 -127.43624, 175.26152, 1054.6906;
 -140.05931, 133.06624, 1031.7255;
 -152.04391, 20.790197, 1027.1257;
 -155.23979, -27.452206, 1016.472;
 -161.58723, -134.12801, 992.45819]3D [-113.24074, 152.61449, 1068.236;
 -127.72823, 123.99886, 1045.1304;
 -127.43021, 175.26265, 1054.6708;
 -140.06493, 133.0649, 1031.7355;
 -152.05498, 20.796974, 1027.1473;
 -155.24103, -27.448654, 1016.4686;
 -161.59416, -134.12601, 992.46558]3D [-113.24428, 152.60825, 1068.2191;
 -127.72804, 124.00687, 1045.1368;
 -127.42813, 175.25932, 1054.6799;
 -140.06151, 133.0668, 1031.7284;
 -152.05225, 20.793579, 1027.1355;
 -155.24138, -27.451729, 1016.4828;
 -161.58864, -134.12704, 992.46027]3D [-113.23214, 152.59785, 1068.2144;
 -127.70087, 123.98274, 1045.0571;
 -127.42413, 175.25514, 1054.6918;
 -140.03456, 133.04868, 1031.6611;
 -152.02946, 20.779053, 1027.1008;
 -155.22609, -27.463438, 1016.4363;
 -161.57491, -134.13713, 992.43567]3D [-113.24726, 152.59921, 1068.2526;
 -127.71743, 123.98221, 1045.0947;
 -127.43102, 175.24252, 1054.6715;
 -140.05673, 133.05035, 1031.7224;
 -152.01993, 20.778608, 1027.068;
 -155.22977, -27.467754, 1016.4476;
 -161.57684, -134.14015, 992.46191]3D [-113.24552, 152.59633, 1068.2408;
 -127.72701, 123.99177, 1045.1328;
 -127.42009, 175.24414, 1054.6442;
 -140.05788, 133.04951, 1031.7281;
 -152.04539, 20.780886, 1027.1285;
 -155.2347, -27.465179, 1016.4661;
 -161.58076, -134.14076, 992.4483]3D [-113.23002, 152.60573, 1068.1924;
 -127.72138, 123.99782, 1045.1027;
 -127.41827, 175.25523, 1054.6461;
 -140.04544, 133.05917, 1031.6857;
 -152.01672, 20.792418, 1027.0616;
 -155.23427, -27.450188, 1016.464;
 -161.57478, -134.12546, 992.43732]3D [-113.23289, 152.60301, 1068.1925;
 -127.71032, 123.99318, 1045.05;
 -127.41785, 175.25603, 1054.6399;
 -140.05939, 133.06969, 1031.7356;
 -152.0408, 20.79587, 1027.1091;
 -155.22693, -27.448368, 1016.4305;
 -161.58391, -134.12735, 992.46204]3D [-113.22055, 152.59492, 1068.1687;
 -127.72202, 123.99509, 1045.1064;
 -127.43192, 175.25746, 1054.7029;
 -140.05031, 133.06425, 1031.7142;
 -152.00481, 20.788563, 1027.0167;
 -155.23978, -27.453642, 1016.4763;
 -161.58569, -134.127, 992.44946]3D [-113.2468, 152.60568, 1068.2451;
 -127.73726, 124.0042, 1045.1545;
 -127.43381, 175.2634, 1054.707;
 -140.06059, 133.06091, 1031.7363;
 -152.03966, 20.791637, 1027.1235;
 -155.23878, -27.453466, 1016.4926;
 -161.57874, -134.12938, 992.4585]3D [-113.22363, 152.59026, 1068.1642;
 -127.71784, 123.98798, 1045.0881;
 -127.41697, 175.25066, 1054.6555;
 -140.04494, 133.04747, 1031.6948;
 -152.03796, 20.779955, 1027.1204;
 -155.22342, -27.461647, 1016.459;
 -161.57745, -134.13626, 992.47858]3D [-113.22858, 152.5799, 1068.1869;
 -127.71901, 123.97398, 1045.0902;
 -127.427, 175.23874, 1054.6622;
 -140.04863, 133.03635, 1031.6692;
 -152.04364, 20.772318, 1027.1062;
 -155.23862, -27.467937, 1016.4727;
 -161.58473, -134.14317, 992.43396]3D [-113.22578, 152.58641, 1068.1736;
 -127.71095, 123.98174, 1045.0714;
 -127.41898, 175.24199, 1054.6565;
 -140.0486, 133.04314, 1031.6902;
 -152.01161, 20.774738, 1027.0553;
 -155.22781, -27.464113, 1016.454;
 -161.56802, -134.13644, 992.41699]3D [-113.23959, 152.60201, 1068.235;
 -127.71569, 123.98339, 1045.0786;
 -127.42921, 175.25302, 1054.6986;
 -140.04694, 133.05345, 1031.683;
 -152.01466, 20.781675, 1027.0631;
 -155.2272, -27.463812, 1016.4519;
 -161.57057, -134.13997, 992.43842]3D [-113.23991, 152.59657, 1068.2057;
 -127.72501, 123.9874, 1045.0891;
 -127.42681, 175.24719, 1054.6606;
 -140.06766, 133.05508, 1031.7537;
 -152.01297, 20.782913, 1027.0255;
 -155.24086, -27.457928, 1016.4642;
 -161.58492, -134.13445, 992.46118]3D [-113.25359, 152.60414, 1068.1729;
 -127.74789, 124.00168, 1045.1045;
 -127.45108, 175.26335, 1054.6433;
 -140.07657, 133.06824, 1031.6963;
 -152.06602, 20.800581, 1027.1053;
 -155.25124, -27.443527, 1016.4199;
 -161.60411, -134.12488, 992.44855]3D [-113.28179, 152.60661, 1068.2679;
 -127.75902, 124.00438, 1045.168;
 -127.4539, 175.25728, 1054.6855;
 -140.08539, 133.0639, 1031.7213;
 -152.07072, 20.787264, 1027.1061;
 -155.26588, -27.44977, 1016.4249;
 -161.63696, -134.13625, 992.49408]3D [-113.28697, 152.5994, 1068.2489;
 -127.76481, 123.99941, 1045.1317;
 -127.46388, 175.25418, 1054.6832;
 -140.10188, 133.06253, 1031.746;
 -152.08339, 20.787729, 1027.0728;
 -155.26047, -27.454218, 1016.3732;
 -161.63461, -134.12422, 992.4483]3D [-113.2645, 152.59764, 1068.196;
 -127.75165, 123.99522, 1045.1134;
 -127.45399, 175.25514, 1054.6809;
 -140.09004, 133.06731, 1031.7502;
 -152.06206, 20.789932, 1027.0731;
 -155.24753, -27.447853, 1016.3858;
 -161.61397, -134.12962, 992.46997]3D [-113.23114, 152.5968, 1068.2113;
 -127.72451, 123.993, 1045.1187;
 -127.42134, 175.25264, 1054.6823;
 -140.05795, 133.05664, 1031.7218;
 -152.03305, 20.780228, 1027.0557;
 -155.22754, -27.457087, 1016.3994;
 -161.58417, -134.13329, 992.42816]3D [-113.258, 152.60616, 1068.2311;
 -127.75767, 124.00156, 1045.1879;
 -127.4419, 175.25319, 1054.6726;
 -140.07285, 133.05956, 1031.7377;
 -152.04836, 20.786533, 1027.0891;
 -155.23343, -27.456636, 1016.4301;
 -161.56874, -134.1297, 992.44421]3D [-113.25253, 152.58955, 1068.1979;
 -127.73859, 123.98535, 1045.104;
 -127.44716, 175.24797, 1054.6775;
 -140.07547, 133.0567, 1031.752;
 -152.04608, 20.783588, 1027.0428;
 -155.23906, -27.456808, 1016.3947;
 -161.59669, -134.13068, 992.42499]3D [-113.27073, 152.60382, 1068.3014;
 -127.74872, 123.99206, 1045.1403;
 -127.44168, 175.25391, 1054.6914;
 -140.08574, 133.06233, 1031.77;
 -152.06541, 20.778126, 1027.1272;
 -155.25931, -27.463129, 1016.4919;
 -161.60709, -134.14174, 992.49731]3D [-113.25981, 152.60155, 1068.2479;
 -127.73873, 123.99406, 1045.1139;
 -127.42973, 175.24763, 1054.63;
 -140.0728, 133.05522, 1031.7257;
 -152.04747, 20.782146, 1027.0657;
 -155.24451, -27.455614, 1016.4197;
 -161.60909, -134.13591, 992.47485]3D [-113.23772, 152.58224, 1068.1705;
 -127.71473, 123.97697, 1045.0596;
 -127.43146, 175.24586, 1054.6676;
 -140.05183, 133.04259, 1031.693;
 -152.0295, 20.775459, 1027.0375;
 -155.23499, -27.470417, 1016.4355;
 -161.59151, -134.14375, 992.47235]3D [-113.28175, 152.60226, 1068.2939;
 -127.74333, 123.98569, 1045.0896;
 -127.45853, 175.25475, 1054.7118;
 -140.09648, 133.05986, 1031.7616;
 -152.06697, 20.783649, 1027.0867;
 -155.25795, -27.456606, 1016.4155;
 -161.63017, -134.13802, 992.48413]3D [-113.25572, 152.59996, 1068.2251;
 -127.74074, 123.99104, 1045.1218;
 -127.4499, 175.25708, 1054.699;
 -140.07437, 133.05261, 1031.7339;
 -152.05298, 20.781876, 1027.0763;
 -155.2464, -27.451752, 1016.4276;
 -161.6125, -134.13716, 992.49628]3D [-113.26144, 152.60602, 1068.238;
 -127.73578, 123.99094, 1045.0825;
 -127.44764, 175.25687, 1054.6938;
 -140.07207, 133.05563, 1031.708;
 -152.06035, 20.791004, 1027.0995;
 -155.24423, -27.450497, 1016.4161;
 -161.59914, -134.12445, 992.42554]3D [-113.24485, 152.60008, 1068.2111;
 -127.72313, 123.99253, 1045.0603;
 -127.43069, 175.25427, 1054.6663;
 -140.05611, 133.05583, 1031.6979;
 -152.04567, 20.791801, 1027.0797;
 -155.23827, -27.452856, 1016.4338;
 -161.59402, -134.12814, 992.47388]3D [-113.26022, 152.60182, 1068.2292;
 -127.73386, 123.99403, 1045.111;
 -127.44578, 175.25638, 1054.6946;
 -140.06848, 133.05266, 1031.7103;
 -152.05963, 20.784777, 1027.1133;
 -155.25581, -27.455999, 1016.4693;
 -161.61124, -134.13531, 992.48529]3D [-113.26592, 152.60196, 1068.2689;
 -127.74955, 123.98989, 1045.1591;
 -127.45376, 175.24689, 1054.7085;
 -140.07867, 133.05301, 1031.7358;
 -152.05931, 20.781273, 1027.0746;
 -155.26161, -27.46328, 1016.4601;
 -161.61415, -134.13655, 992.45605]3D [-113.28459, 152.60657, 1068.2894;
 -127.75217, 123.99329, 1045.1594;
 -127.45888, 175.26228, 1054.7126;
 -140.0912, 133.05629, 1031.7487;
 -152.05869, 20.782518, 1027.083;
 -155.25656, -27.463217, 1016.4432;
 -161.61929, -134.13684, 992.46222]3D [-113.26432, 152.60834, 1068.2871;
 -127.73741, 123.98806, 1045.1282;
 -127.43687, 175.25058, 1054.6799;
 -140.078, 133.06006, 1031.7612;
 -152.05885, 20.785019, 1027.1271;
 -155.24698, -27.460428, 1016.4585;
 -161.5988, -134.13275, 992.46228]3D [-113.24532, 152.59312, 1068.2032;
 -127.72741, 123.98726, 1045.073;
 -127.43902, 175.25352, 1054.668;
 -140.07391, 133.05562, 1031.7253;
 -152.05475, 20.783312, 1027.0881;
 -155.25237, -27.457766, 1016.4577;
 -161.60155, -134.13084, 992.44891]3D [-113.248, 152.59074, 1068.1729;
 -127.73799, 123.98853, 1045.0956;
 -127.44825, 175.25281, 1054.6876;
 -140.07907, 133.06218, 1031.7479;
 -152.0536, 20.783134, 1027.0754;
 -155.25453, -27.464071, 1016.4648;
 -161.60873, -134.13412, 992.47498]3D [-113.24584, 152.58888, 1068.1663;
 -127.74121, 123.99017, 1045.1112;
 -127.44682, 175.2522, 1054.6754;
 -140.07919, 133.05292, 1031.7192;
 -152.06964, 20.784317, 1027.0983;
 -155.26218, -27.461473, 1016.4631;
 -161.61594, -134.12878, 992.44324]3D [-113.24261, 152.5903, 1068.1836;
 -127.72979, 123.98611, 1045.0928;
 -127.45042, 175.2534, 1054.7059;
 -140.06702, 133.05161, 1031.7133;
 -152.04483, 20.784389, 1027.0626;
 -155.25046, -27.461491, 1016.4684;
 -161.60506, -134.13391, 992.47205]3D [-113.26894, 152.60153, 1068.2668;
 -127.74937, 123.99549, 1045.1356;
 -127.4345, 175.24652, 1054.6451;
 -140.08595, 133.05748, 1031.7578;
 -152.05338, 20.785721, 1027.0677;
 -155.25595, -27.462433, 1016.4562;
 -161.60472, -134.1312, 992.4433]3D [-113.2522, 152.59676, 1068.2122;
 -127.74489, 123.99714, 1045.1283;
 -127.44003, 175.24292, 1054.6506;
 -140.07466, 133.05922, 1031.7396;
 -152.05919, 20.787277, 1027.1008;
 -155.24933, -27.461842, 1016.4607;
 -161.60886, -134.13083, 992.48291]3D [-113.25522, 152.59258, 1068.2085;
 -127.73554, 123.98241, 1045.0801;
 -127.44955, 175.24718, 1054.6901;
 -140.07375, 133.05092, 1031.723;
 -152.05313, 20.784246, 1027.0479;
 -155.24846, -27.463873, 1016.4308;
 -161.61417, -134.1338, 992.47266]3D [-113.27616, 152.59938, 1068.2819;
 -127.7384, 123.98653, 1045.0941;
 -127.45048, 175.25082, 1054.6815;
 -140.08247, 133.05106, 1031.723;
 -152.05684, 20.783842, 1027.0525;
 -155.25581, -27.461414, 1016.4318;
 -161.62253, -134.13649, 992.48419]3D [-113.25256, 152.58852, 1068.2;
 -127.75209, 123.99594, 1045.1649;
 -127.45358, 175.24992, 1054.6932;
 -140.0899, 133.0591, 1031.7704;
 -152.06464, 20.778418, 1027.1045;
 -155.25667, -27.466293, 1016.4594;
 -161.6133, -134.13724, 992.46967]3D [-113.27544, 152.6059, 1068.2813;
 -127.73503, 123.99624, 1045.1091;
 -127.44701, 175.25737, 1054.6967;
 -140.07518, 133.06236, 1031.738;
 -152.05476, 20.78952, 1027.0823;
 -155.25946, -27.460403, 1016.4745;
 -161.61047, -134.13112, 992.46863]3D [-113.2598, 152.59312, 1068.2012;
 -127.74745, 123.99025, 1045.1058;
 -127.45127, 175.25366, 1054.681;
 -140.08272, 133.0509, 1031.7102;
 -152.06339, 20.785166, 1027.0602;
 -155.25929, -27.462831, 1016.431;
 -161.62328, -134.12932, 992.4621]3D [-113.27641, 152.60278, 1068.2811;
 -127.75365, 123.99883, 1045.1414;
 -127.45399, 175.24742, 1054.6982;
 -140.07988, 133.05357, 1031.7402;
 -152.0659, 20.782152, 1027.0864;
 -155.2639, -27.464872, 1016.4706;
 -161.62601, -134.13794, 992.487]3D [-113.26198, 152.60229, 1068.2386;
 -127.74573, 123.99664, 1045.1289;
 -127.44139, 175.25601, 1054.6798;
 -140.06731, 133.05061, 1031.6804;
 -152.05499, 20.783707, 1027.0765;
 -155.24973, -27.459846, 1016.4377;
 -161.61279, -134.13869, 992.4845]