objeto:FEMUR
[-297.7655334472656, -285.456787109375, -308.617919921875, -298.5494384765625;
 -86.63539886474609, -69.96117401123047, -72.18212890625, -29.04530334472656;
 1359.943603515625, 1389.392944335938, 1343.173706054688, 1374.156982421875]objeto:BROCA
[-391.5567321777344, -409.3472900390625, -383.20947265625;
 -169.1104736328125, -276.4010314941406, -120.1962051391602;
 1212.38427734375, 1197.32861328125, 1219.601928710938]objeto:FEMUR
[-297.7655334472656, -285.456787109375, -308.617919921875, -298.5494384765625;
 -86.63539886474609, -69.96117401123047, -72.18212890625, -29.04530334472656;
 1359.943603515625, 1389.392944335938, 1343.173706054688, 1374.156982421875]objeto:BROCA
[-391.5567321777344, -409.3472900390625, -383.20947265625;
 -169.1104736328125, -276.4010314941406, -120.1962051391602;
 1212.38427734375, 1197.32861328125, 1219.601928710938]objeto:FEMUR
[-297.7658081054688, -285.4510498046875, -308.6127014160156, -298.5818176269531;
 -86.64868927001953, -69.97338104248047, -72.20592498779297, -29.05926513671875;
 1359.911254882813, 1389.350341796875, 1343.159912109375, 1374.213989257813]objeto:BROCA
[-392.3290100097656, -410.2837524414063, -383.824951171875;
 -168.9633331298828, -276.1433715820313, -120.0709457397461;
 1212.426025390625, 1196.958862304688, 1219.612915039063]objeto:FEMUR
[-297.7904357910156, -285.4465026855469, -308.6279296875, -298.5735473632813;
 -86.64983367919922, -69.96192169189453, -72.2064208984375, -29.05401420593262;
 1359.98583984375, 1389.317016601563, 1343.167846679688, 1374.204467773438]objeto:BROCA
[-390.6556091308594, -408.0084228515625, -382.5856323242188;
 -169.0945892333984, -276.3916625976563, -120.199592590332;
 1211.899291992188, 1196.514404296875, 1219.427612304688]objeto:FEMUR
[-297.766357421875, -285.4288330078125, -308.6321411132813, -298.5538635253906;
 -86.64035034179688, -69.95211791992188, -72.2012939453125, -29.0453929901123;
 1359.943481445313, 1389.298095703125, 1343.228393554688, 1374.153198242188]objeto:BROCA
[-390.2956237792969, -407.5875854492188, -382.3013305664063;
 -169.0593566894531, -276.3579711914063, -120.1850509643555;
 1211.3359375, 1195.886962890625, 1218.998901367188]objeto:FEMUR
[-297.7876586914063, -285.4642333984375, -308.6594848632813, -298.5680847167969;
 -86.63734436035156, -69.96002960205078, -72.19061279296875, -29.04890823364258;
 1359.93359375, 1389.3525390625, 1343.258422851563, 1374.148559570313]objeto:BROCA
[-390.7555541992188, -407.9910278320313, -382.583251953125;
 -168.8879547119141, -276.0806274414063, -119.9850158691406;
 1211.43408203125, 1195.43408203125, 1218.846923828125]objeto:FEMUR
[-297.7990112304688, -285.4766845703125, -308.6459045410156, -298.5580444335938;
 -86.6439208984375, -69.96369171142578, -72.19477844238281, -29.04593276977539;
 1360.001220703125, 1389.405883789063, 1343.27197265625, 1374.138793945313]objeto:BROCA
[-390.9814147949219, -408.4514770507813, -382.732421875;
 -168.8840942382813, -276.1033935546875, -120.0020065307617;
 1211.180786132813, 1195.436645507813, 1218.634887695313]objeto:FEMUR
[-297.8072509765625, -285.4328002929688, -308.635009765625, -298.5420837402344;
 -86.64474487304688, -69.95690155029297, -72.18849945068359, -29.04689025878906;
 1360.056640625, 1389.283447265625, 1343.214965820313, 1374.095825195313]objeto:BROCA
[-391.169189453125, -408.8445739746094, -382.9248962402344;
 -168.9005737304688, -276.1426696777344, -120.0425186157227;
 1211.092895507813, 1195.608154296875, 1218.646362304688]objeto:FEMUR
[-297.7439270019531, -285.4547729492188, -308.6282348632813, -298.5473327636719;
 -86.64848327636719, -69.96904754638672, -72.20400238037109, -29.05703163146973;
 1359.874267578125, 1389.385009765625, 1343.235107421875, 1374.132202148438]objeto:BROCA
[-391.4674377441406, -409.1717834472656, -383.1790161132813;
 -168.9214324951172, -276.1027526855469, -120.0727386474609;
 1211.28759765625, 1195.640380859375, 1218.858032226563]objeto:FEMUR
[-297.7632141113281, -285.4635314941406, -308.6168823242188, -298.5451049804688;
 -86.64826202392578, -69.96734619140625, -72.2010498046875, -29.05124282836914;
 1359.912475585938, 1389.386962890625, 1343.176025390625, 1374.129272460938]objeto:BROCA
[-391.6807250976563, -409.3581848144531, -383.3174438476563;
 -168.9010925292969, -276.0403747558594, -120.0355453491211;
 1211.408203125, 1195.500366210938, 1218.861572265625]objeto:FEMUR
[-297.750732421875, -285.43310546875, -308.635986328125, -298.5617370605469;
 -86.64078521728516, -69.95362091064453, -72.19122314453125, -29.0496826171875;
 1359.866455078125, 1389.307739257813, 1343.223999023438, 1374.159790039063]objeto:BROCA
[-391.6118469238281, -409.3150634765625, -383.2669677734375;
 -168.9125366210938, -276.0736389160156, -120.0539474487305;
 1211.373168945313, 1195.579833984375, 1218.809326171875]objeto:FEMUR
[-297.7472229003906, -285.4205627441406, -308.642333984375, -298.5384521484375;
 -86.64189910888672, -69.96178436279297, -72.20445251464844, -29.05093955993652;
 1359.915405273438, 1389.297485351563, 1343.299682617188, 1374.133178710938]objeto:BROCA
[-391.1395263671875, -408.785400390625, -382.8853759765625;
 -168.9390563964844, -276.16796875, -120.0786437988281;
 1211.078857421875, 1195.54296875, 1218.609130859375]objeto:FEMUR
[-297.773193359375, -285.4614868164063, -308.6273803710938, -298.5600891113281;
 -86.65666961669922, -69.97096252441406, -72.20457458496094, -29.05652618408203;
 1359.961791992188, 1389.418823242188, 1343.208618164063, 1374.173950195313]objeto:BROCA
[-390.5353088378906, -407.7496337890625, -382.44677734375;
 -169.0407867431641, -276.2467041015625, -120.1479034423828;
 1211.137451171875, 1195.186279296875, 1218.685913085938]objeto:FEMUR
[-297.7900695800781, -285.4204406738281, -308.617431640625, -298.5506591796875;
 -86.65151977539063, -69.96036529541016, -72.20938110351563, -29.0560245513916;
 1359.982666015625, 1389.246948242188, 1343.180541992188, 1374.141967773438]objeto:BROCA
[-390.3284606933594, -407.5548706054688, -382.2883911132813;
 -169.0798950195313, -276.33740234375, -120.1855773925781;
 1211.071655273438, 1195.353881835938, 1218.672729492188]objeto:FEMUR
[-297.7989807128906, -285.4273376464844, -308.6515808105469, -298.5668029785156;
 -86.64225769042969, -69.95723724365234, -72.20651245117188, -29.06054306030273;
 1360.001342773438, 1389.300903320313, 1343.271606445313, 1374.150512695313]objeto:BROCA
[-390.0137939453125, -407.109375, -382.0603942871094;
 -169.0729522705078, -276.3112487792969, -120.191276550293;
 1210.816040039063, 1195.028198242188, 1218.564208984375]objeto:FEMUR
[-297.7654113769531, -285.4478759765625, -308.6440734863281, -298.5440673828125;
 -86.64652252197266, -69.96894073486328, -72.20414733886719, -29.06115913391113;
 1359.891235351563, 1389.30419921875, 1343.241333007813, 1374.102172851563]objeto:BROCA
[-389.7448120117188, -406.66162109375, -381.7776489257813;
 -169.0857086181641, -276.3152160644531, -120.1826477050781;
 1210.7333984375, 1194.826049804688, 1218.355346679688]objeto:FEMUR
[-297.7991027832031, -285.4871215820313, -308.6544799804688, -298.5821228027344;
 -86.64564514160156, -69.96609497070313, -72.20005798339844, -29.05162811279297;
 1359.981079101563, 1389.419189453125, 1343.244506835938, 1374.181030273438]objeto:BROCA
[-389.4648742675781, -406.2426452636719, -381.5513000488281;
 -169.0855255126953, -276.3407897949219, -120.1705703735352;
 1210.7666015625, 1194.785400390625, 1218.323852539063]objeto:FEMUR
[-297.7644958496094, -285.4653930664063, -308.6398620605469, -298.5410461425781;
 -86.63880157470703, -69.96192932128906, -72.19898223876953, -29.05314254760742;
 1359.890625, 1389.391235351563, 1343.224487304688, 1374.098510742188]objeto:BROCA
[-389.1255493164063, -405.6977844238281, -381.3175964355469;
 -169.1457672119141, -276.392822265625, -120.2303237915039;
 1210.62548828125, 1194.425048828125, 1218.251708984375]objeto:FEMUR
[-297.7776184082031, -285.4454956054688, -308.6404113769531, -298.5742797851563;
 -86.64046478271484, -69.95635986328125, -72.19492340087891, -29.03826713562012;
 1359.9501953125, 1389.322143554688, 1343.256225585938, 1374.226806640625]objeto:BROCA
[-389.2781677246094, -405.9389038085938, -381.4190063476563;
 -169.1417083740234, -276.3844909667969, -120.2123641967773;
 1210.661743164063, 1194.525634765625, 1218.249267578125]objeto:FEMUR
[-297.7699584960938, -285.4525146484375, -308.6209411621094, -298.5573425292969;
 -86.64714050292969, -69.96708679199219, -72.20380401611328, -29.05747604370117;
 1359.954956054688, 1389.362915039063, 1343.213256835938, 1374.167114257813]objeto:BROCA
[-389.552978515625, -406.4082946777344, -381.6511535644531;
 -169.1266479492188, -276.3566284179688, -120.2288665771484;
 1210.360595703125, 1194.33984375, 1218.12060546875]objeto:FEMUR
[-297.7874755859375, -285.4740600585938, -308.6292114257813, -298.5604248046875;
 -86.65972137451172, -69.97529602050781, -72.20822143554688, -29.0622673034668;
 1359.965698242188, 1389.405151367188, 1343.195556640625, 1374.1484375]objeto:BROCA
[-390.0987243652344, -407.2283630371094, -382.0937805175781;
 -168.9909057617188, -276.2058410644531, -120.115478515625;
 1210.4833984375, 1194.478759765625, 1218.1513671875]objeto:FEMUR
[-297.7582397460938, -285.4585571289063, -308.6295776367188, -298.5542907714844;
 -86.65081024169922, -69.96792602539063, -72.21429443359375, -29.0601692199707;
 1359.885620117188, 1389.343872070313, 1343.216796875, 1374.1220703125]objeto:BROCA
[-390.7437438964844, -408.1298828125, -382.5700378417969;
 -168.9440460205078, -276.121826171875, -120.0767288208008;
 1210.603759765625, 1194.702758789063, 1218.216552734375]objeto:FEMUR
[-297.7491760253906, -285.4659118652344, -308.6286315917969, -298.5631713867188;
 -86.6507568359375, -69.97508239746094, -72.21595001220703, -29.06827735900879;
 1359.875, 1389.405029296875, 1343.2177734375, 1374.143188476563]objeto:BROCA
[-391.0541687011719, -408.6557922363281, -382.8337707519531;
 -168.9803009033203, -276.1916198730469, -120.1272125244141;
 1210.850830078125, 1195.23974609375, 1218.444580078125]objeto:FEMUR
[-297.7779846191406, -285.4529113769531, -308.6426086425781, -298.54150390625;
 -86.66184997558594, -69.97197723388672, -72.21331787109375, -29.06166076660156;
 1359.966186523438, 1389.390625, 1343.26025390625, 1374.099487304688]objeto:BROCA
[-390.9707641601563, -408.4990539550781, -382.7237548828125;
 -169.0293884277344, -276.2393493652344, -120.1480255126953;
 1210.922729492188, 1195.231567382813, 1218.39892578125]objeto:FEMUR
[-297.7637634277344, -285.4381103515625, -308.618408203125, -298.560546875;
 -86.6505126953125, -69.97079467773438, -72.2138671875, -29.06355857849121;
 1359.9560546875, 1389.342651367188, 1343.22509765625, 1374.184204101563]objeto:BROCA
[-390.9834594726563, -408.5249328613281, -382.739013671875;
 -169.0303039550781, -276.2481689453125, -120.151725769043;
 1210.963500976563, 1195.319946289063, 1218.450561523438]objeto:FEMUR
[-297.7630004882813, -285.4527587890625, -308.6066589355469, -298.5426940917969;
 -86.66352081298828, -69.97946929931641, -72.20857238769531, -29.06517219543457;
 1359.945678710938, 1389.3798828125, 1343.172729492188, 1374.100341796875]objeto:BROCA
[-391.0589294433594, -408.6467590332031, -382.8121337890625;
 -169.0137023925781, -276.2398376464844, -120.1440963745117;
 1211.108520507813, 1195.535400390625, 1218.581787109375]objeto:FEMUR
[-297.7700805664063, -285.453125, -308.6197204589844, -298.54541015625;
 -86.64711761474609, -69.96924591064453, -72.20835113525391, -29.05720520019531;
 1359.933471679688, 1389.376220703125, 1343.173583984375, 1374.083251953125]objeto:BROCA
[-390.9649353027344, -408.3710327148438, -382.7189025878906;
 -169.0830993652344, -276.2693481445313, -120.19091796875;
 1211.312622070313, 1195.510009765625, 1218.699584960938]objeto:FEMUR
[-297.7473449707031, -285.4631958007813, -308.6378479003906, -298.5586853027344;
 -86.64501953125, -69.97141265869141, -72.21047973632813, -29.06753349304199;
 1359.8623046875, 1389.373291015625, 1343.235229492188, 1374.144775390625]objeto:BROCA
[-390.4876403808594, -407.7930908203125, -382.419189453125;
 -169.1464996337891, -276.4071960449219, -120.2449188232422;
 1211.307006835938, 1195.735595703125, 1218.828369140625]objeto:FEMUR
[-297.7856750488281, -285.4577331542969, -308.6075439453125, -298.5480041503906;
 -86.65138244628906, -69.96861267089844, -72.20738983154297, -29.05220985412598;
 1359.974853515625, 1389.360229492188, 1343.166259765625, 1374.11181640625]objeto:BROCA
[-389.8499450683594, -406.8611450195313, -381.8626708984375;
 -169.1938934326172, -276.4615783691406, -120.2733459472656;
 1211.06591796875, 1195.42626953125, 1218.620361328125]objeto:FEMUR
[-297.7613525390625, -285.4267578125, -308.6271057128906, -298.5451965332031;
 -86.64739227294922, -69.96890258789063, -72.20343780517578, -29.05974006652832;
 1359.917602539063, 1389.3046875, 1343.239990234375, 1374.13427734375]objeto:BROCA
[-389.5171508789063, -406.2871398925781, -381.5912170410156;
 -169.2920684814453, -276.5700378417969, -120.3429946899414;
 1211.238891601563, 1195.390991210938, 1218.665771484375]objeto:FEMUR
[-297.7640380859375, -285.4285583496094, -308.6149597167969, -298.5582580566406;
 -86.65146636962891, -69.96661376953125, -72.20340728759766, -29.05957221984863;
 1359.92529296875, 1389.308471679688, 1343.174682617188, 1374.1591796875]objeto:BROCA
[-389.3711547851563, -406.0238342285156, -381.4892578125;
 -169.3042144775391, -276.5652465820313, -120.348747253418;
 1211.2734375, 1195.309936523438, 1218.707397460938]objeto:FEMUR
[-297.7843322753906, -285.4504699707031, -308.6236572265625, -298.5692443847656;
 -86.65972137451172, -69.96989440917969, -72.2047119140625, -29.0700569152832;
 1359.95166015625, 1389.327758789063, 1343.172119140625, 1374.168334960938]objeto:BROCA
[-389.3515625, -405.9645385742188, -381.4722595214844;
 -169.3009338378906, -276.5610046386719, -120.3432083129883;
 1211.33642578125, 1195.3330078125, 1218.756591796875]objeto:FEMUR
[-297.7879638671875, -285.45361328125, -308.6366577148438, -298.5772094726563;
 -86.65821075439453, -69.96576690673828, -72.20044708251953, -29.0608024597168;
 1359.956787109375, 1389.3291015625, 1343.184326171875, 1374.17529296875]objeto:BROCA
[-389.6536254882813, -406.4967346191406, -381.6729431152344;
 -169.2240447998047, -276.5029602050781, -120.2759323120117;
 1211.340454101563, 1195.586303710938, 1218.69970703125]objeto:FEMUR
[-297.7742614746094, -285.4418334960938, -308.6270751953125, -298.5458679199219;
 -86.64952087402344, -69.97052001953125, -72.2039794921875, -29.06032180786133;
 1359.930053710938, 1389.328979492188, 1343.19140625, 1374.106689453125]objeto:BROCA
[-390.0339050292969, -407.0896911621094, -382.0810852050781;
 -169.1431427001953, -276.3810119628906, -120.2527618408203;
 1211.081787109375, 1195.358276367188, 1218.807006835938]objeto:FEMUR
[-297.7894287109375, -285.46337890625, -308.6289978027344, -298.5682983398438;
 -86.65912628173828, -69.97579193115234, -72.21253204345703, -29.06592559814453;
 1360.000244140625, 1389.387939453125, 1343.212036132813, 1374.196899414063]objeto:BROCA
[-390.6373596191406, -407.8230895996094, -382.5225524902344;
 -169.0652618408203, -276.2292785644531, -120.1689300537109;
 1211.1884765625, 1195.11865234375, 1218.716674804688]objeto:FEMUR
[-297.789794921875, -285.4636535644531, -308.6295471191406, -298.5699462890625;
 -86.65023040771484, -69.97728729248047, -72.20938873291016, -29.06158256530762;
 1359.9921875, 1389.38037109375, 1343.188110351563, 1374.18896484375]objeto:BROCA
[-390.9296264648438, -408.4958801269531, -382.7366943359375;
 -168.8937835693359, -276.1181335449219, -120.037109375;
 1210.719360351563, 1195.06494140625, 1218.378173828125]objeto:FEMUR
[-297.7637329101563, -285.4368591308594, -308.6063842773438, -298.552734375;
 -86.65987396240234, -69.9693603515625, -72.21627807617188, -29.05722999572754;
 1359.9228515625, 1389.303344726563, 1343.145263671875, 1374.137939453125]objeto:BROCA
[-391.6057739257813, -409.2560424804688, -383.2569274902344;
 -168.8893890380859, -276.0039367675781, -120.0293273925781;
 1210.963623046875, 1194.827758789063, 1218.474487304688]objeto:FEMUR
[-297.7550964355469, -285.4486083984375, -308.6348571777344, -298.5624694824219;
 -86.65185546875, -69.97565460205078, -72.21074676513672, -29.0599193572998;
 1359.900146484375, 1389.3671875, 1343.223999023438, 1374.170288085938]objeto:BROCA
[-391.765625, -409.5014953613281, -383.4089965820313;
 -168.78564453125, -275.8583984375, -119.9480133056641;
 1210.50048828125, 1194.290771484375, 1218.178588867188]objeto:FEMUR
[-297.78515625, -285.4487915039063, -308.6146850585938, -298.5447387695313;
 -86.66193389892578, -69.97644805908203, -72.20698547363281, -29.0583438873291;
 1359.983764648438, 1389.316040039063, 1343.154418945313, 1374.080200195313]objeto:BROCA
[-391.6476135253906, -409.3965759277344, -383.3460998535156;
 -168.6764984130859, -275.7526245117188, -119.8779983520508;
 1210.088989257813, 1193.855346679688, 1217.950317382813]objeto:FEMUR
[-297.788818359375, -285.4647216796875, -308.6426086425781, -298.5609741210938;
 -86.652099609375, -69.97752380371094, -72.20954132080078, -29.05712890625;
 1359.983276367188, 1389.365356445313, 1343.2265625, 1374.128784179688]objeto:BROCA
[-391.648193359375, -409.4218139648438, -383.3503723144531;
 -168.5900726318359, -275.615966796875, -119.7975006103516;
 1209.685546875, 1193.316650390625, 1217.628784179688]objeto:FEMUR
[-297.7586364746094, -285.4675598144531, -308.6915588378906, -298.5406494140625;
 -86.65032196044922, -69.96799468994141, -72.21361541748047, -29.05437088012695;
 1359.873657226563, 1389.38671875, 1343.381713867188, 1374.087036132813]objeto:BROCA
[-391.9136047363281, -409.8660278320313, -383.5165100097656;
 -168.5363922119141, -275.594482421875, -119.7389068603516;
 1209.746704101563, 1193.480102539063, 1217.574096679688]objeto:FEMUR
[-297.7857055664063, -285.4535827636719, -308.640869140625, -298.5391540527344;
 -86.64945220947266, -69.95862579345703, -72.21085357666016, -29.05745887756348;
 1359.955200195313, 1389.332397460938, 1343.203491210938, 1374.05029296875]objeto:BROCA
[-392.2041931152344, -410.2326049804688, -383.7142028808594;
 -168.5940856933594, -275.6461791992188, -119.7821502685547;
 1210.093017578125, 1193.86279296875, 1217.770874023438]objeto:FEMUR
[-297.7620239257813, -285.4486083984375, -308.6744384765625, -298.5690612792969;
 -86.64461517333984, -69.96997833251953, -72.21566772460938, -29.06367301940918;
 1359.884521484375, 1389.322265625, 1343.316650390625, 1374.174926757813]objeto:BROCA
[-391.9179992675781, -409.8902282714844, -383.5172729492188;
 -168.6069946289063, -275.6699829101563, -119.8028106689453;
 1209.87158203125, 1193.702758789063, 1217.649658203125]objeto:FEMUR
[-297.8040771484375, -285.47314453125, -308.6281127929688, -298.5552673339844;
 -86.65286254882813, -69.98381042480469, -72.20864105224609, -29.05947113037109;
 1359.971557617188, 1389.403686523438, 1343.150268554688, 1374.078247070313]objeto:BROCA
[-391.54248046875, -409.2616882324219, -383.2942504882813;
 -168.6300964355469, -275.7053833007813, -119.8340454101563;
 1209.957763671875, 1193.690673828125, 1217.908081054688]objeto:FEMUR
[-297.7659912109375, -285.4684753417969, -308.63134765625, -298.5706481933594;
 -86.64908599853516, -69.96760559082031, -72.20550537109375, -29.05833053588867;
 1359.866577148438, 1389.3515625, 1343.173217773438, 1374.129028320313]objeto:BROCA
[-391.5075073242188, -409.1265258789063, -383.1684875488281;
 -168.6729736328125, -275.7577209472656, -119.8375625610352;
 1210.367919921875, 1193.98583984375, 1217.989501953125]objeto:FEMUR
[-297.7589416503906, -285.4337158203125, -308.6078491210938, -298.5408935546875;
 -86.64045715332031, -69.94815063476563, -72.19558715820313, -29.04517364501953;
 1359.838134765625, 1389.262573242188, 1343.101928710938, 1374.048217773438]objeto:BROCA
[-391.4881591796875, -409.11279296875, -383.1371459960938;
 -168.6835632324219, -275.7812194824219, -119.831672668457;
 1210.45654296875, 1194.138671875, 1218.006713867188]objeto:FEMUR
[-297.7793884277344, -285.4403686523438, -308.6385498046875, -298.5478820800781;
 -86.64657592773438, -69.97004699707031, -72.19629669189453, -29.05890464782715;
 1359.862426757813, 1389.220947265625, 1343.175415039063, 1374.069091796875]objeto:BROCA
[-391.6700744628906, -409.3449096679688, -383.2685546875;
 -168.7175903320313, -275.830810546875, -119.8599395751953;
 1210.768310546875, 1194.522827148438, 1218.22705078125]objeto:FEMUR
[-297.764892578125, -285.4549560546875, -308.6776733398438, -298.5968933105469;
 -86.64230346679688, -69.97233581542969, -72.21754455566406, -29.05892372131348;
 1359.8642578125, 1389.322509765625, 1343.303833007813, 1374.224853515625]objeto:BROCA
[-391.1875, -408.7010192871094, -382.9544372558594;
 -168.6923065185547, -275.7801513671875, -119.8558197021484;
 1210.385986328125, 1194.080200195313, 1218.1123046875]objeto:FEMUR
[-297.7514953613281, -285.4848937988281, -308.6510620117188, -298.5718078613281;
 -86.64930725097656, -69.97882080078125, -72.21014404296875, -29.0582447052002;
 1359.86279296875, 1389.443481445313, 1343.248779296875, 1374.19921875]objeto:BROCA
[-391.2890625, -408.8483276367188, -383.0095520019531;
 -168.7311096191406, -275.821533203125, -119.8810882568359;
 1210.4814453125, 1194.21484375, 1218.11767578125]objeto:FEMUR
[-297.7833862304688, -285.4512939453125, -308.6244506835938, -298.5682067871094;
 -86.64995574951172, -69.97336578369141, -72.20983123779297, -29.0645923614502;
 1359.924560546875, 1389.321655273438, 1343.140869140625, 1374.158569335938]objeto:BROCA
[-391.5075378417969, -409.1382141113281, -383.15283203125;
 -168.7060089111328, -275.8174743652344, -119.8488159179688;
 1210.618530273438, 1194.3408203125, 1218.135009765625]objeto:FEMUR
[-297.7590942382813, -285.4445495605469, -308.6454162597656, -298.5640258789063;
 -86.6534423828125, -69.97411346435547, -72.21355438232422, -29.06669235229492;
 1359.895385742188, 1389.32470703125, 1343.233154296875, 1374.154907226563]objeto:BROCA
[-391.6304931640625, -409.3377380371094, -383.2923583984375;
 -168.6807708740234, -275.7823486328125, -119.8438110351563;
 1210.479125976563, 1194.246826171875, 1218.145263671875]objeto:FEMUR
[-297.7405090332031, -285.4566345214844, -308.6366271972656, -298.5719604492188;
 -86.64447784423828, -69.96673583984375, -72.20162963867188, -29.05744743347168;
 1359.839599609375, 1389.357421875, 1343.21923828125, 1374.192504882813]objeto:BROCA
[-391.8148803710938, -409.6910095214844, -383.480712890625;
 -168.5678100585938, -275.6184997558594, -119.7690200805664;
 1210.144409179688, 1194.018188476563, 1218.022094726563]objeto:FEMUR
[-297.7966918945313, -285.4639892578125, -308.6526489257813, -298.5626525878906;
 -86.64177703857422, -69.96321868896484, -72.20442962646484, -29.05581283569336;
 1359.983520507813, 1389.35791015625, 1343.260498046875, 1374.130737304688]objeto:BROCA
[-392.1629638671875, -410.2060852050781, -383.682373046875;
 -168.5264587402344, -275.5848083496094, -119.7042388916016;
 1210.260620117188, 1194.159545898438, 1217.926513671875]objeto:FEMUR
[-297.7691955566406, -285.4717407226563, -308.6342163085938, -298.5672607421875;
 -86.64191436767578, -69.96904754638672, -72.19921112060547, -29.04662132263184;
 1359.890258789063, 1389.399780273438, 1343.193481445313, 1374.153564453125]objeto:BROCA
[-392.49462890625, -410.4773254394531, -383.8970336914063;
 -168.5110473632813, -275.4655456542969, -119.6599578857422;
 1210.468505859375, 1193.975219726563, 1217.98046875]objeto:FEMUR
[-297.7742309570313, -285.4684753417969, -308.6662902832031, -298.5529174804688;
 -86.64320373535156, -69.96635437011719, -72.20589447021484, -29.06306838989258;
 1359.908447265625, 1389.402221679688, 1343.29052734375, 1374.12255859375]objeto:BROCA
[-392.5338745117188, -410.4898681640625, -383.9291381835938;
 -168.4954833984375, -275.4275207519531, -119.6506118774414;
 1210.436279296875, 1193.800537109375, 1217.96337890625]objeto:FEMUR
[-297.7695617675781, -285.4408874511719, -308.6476135253906, -298.5826416015625;
 -86.64713287353516, -69.96517181396484, -72.20248413085938, -29.05724716186523;
 1359.876953125, 1389.271118164063, 1343.228637695313, 1374.195922851563]objeto:BROCA
[-392.3784790039063, -410.3504638671875, -383.8186645507813;
 -168.4680480957031, -275.4163208007813, -119.6247329711914;
 1210.276123046875, 1193.746826171875, 1217.858520507813]objeto:FEMUR
[-297.7947082519531, -285.4818725585938, -308.6767272949219, -298.56640625;
 -86.646240234375, -69.97447967529297, -72.21059417724609, -29.05773162841797;
 1359.939086914063, 1389.428833007813, 1343.308471679688, 1374.135864257813]objeto:BROCA
[-391.9515075683594, -409.9324340820313, -383.5250854492188;
 -168.4148559570313, -275.4461975097656, -119.6043930053711;
 1209.701049804688, 1193.388305664063, 1217.507446289063]objeto:FEMUR
[-297.7891235351563, -285.4494934082031, -308.6664733886719, -298.5609436035156;
 -86.64847564697266, -69.96453094482422, -72.20623779296875, -29.05764389038086;
 1359.958618164063, 1389.292846679688, 1343.293090820313, 1374.128662109375]objeto:BROCA
[-391.9057006835938, -409.8401794433594, -383.497314453125;
 -168.4087677001953, -275.4371032714844, -119.5916900634766;
 1209.621826171875, 1193.205078125, 1217.467895507813]objeto:FEMUR
[-297.7782592773438, -285.4737243652344, -308.6224060058594, -298.5444641113281;
 -86.64978790283203, -69.97111511230469, -72.20560455322266, -29.05682945251465;
 1359.963989257813, 1389.432373046875, 1343.198364257813, 1374.134033203125]objeto:BROCA
[-391.8166198730469, -409.740234375, -383.4333190917969;
 -168.4604797363281, -275.5010070800781, -119.6636047363281;
 1209.4765625, 1193.07275390625, 1217.367431640625]objeto:FEMUR
[-297.8013305664063, -285.4720153808594, -308.6640014648438, -298.5862121582031;
 -86.64354705810547, -69.96311950683594, -72.19411468505859, -29.04985809326172;
 1359.951293945313, 1389.323486328125, 1343.222412109375, 1374.213012695313]objeto:BROCA
[-391.8941650390625, -409.8724670410156, -383.4990234375;
 -168.3957061767578, -275.4277954101563, -119.5876922607422;
 1209.59130859375, 1193.272583007813, 1217.4638671875]objeto:FEMUR
[-297.7795715332031, -285.4724426269531, -308.6651916503906, -298.5462036132813;
 -86.64572906494141, -69.96718597412109, -72.202880859375, -29.05572700500488;
 1359.915161132813, 1389.398803710938, 1343.269287109375, 1374.0830078125]objeto:BROCA
[-392.4908752441406, -410.4120483398438, -383.8934631347656;
 -168.4976501464844, -275.4203796386719, -119.6431655883789;
 1210.346801757813, 1193.637329101563, 1217.885009765625]objeto:FEMUR
[-297.7694396972656, -285.4658508300781, -308.6791381835938, -298.5497436523438;
 -86.64594268798828, -69.97039031982422, -72.21107482910156, -29.04996681213379;
 1359.901977539063, 1389.382080078125, 1343.357788085938, 1374.1083984375]objeto:BROCA
[-392.65771484375, -410.7189025878906, -384.0999145507813;
 -168.4615020751953, -275.3867492675781, -119.6334762573242;
 1210.372680664063, 1193.820434570313, 1218.072875976563]objeto:FEMUR
[-297.77978515625, -285.4326171875, -308.62451171875, -298.5532836914063;
 -86.64453125, -69.95427703857422, -72.19471740722656, -29.05525970458984;
 1359.946166992188, 1389.250366210938, 1343.198852539063, 1374.135620117188]objeto:BROCA
[-392.7701721191406, -411.1203918457031, -384.2816162109375;
 -168.4441223144531, -275.4328308105469, -119.6694641113281;
 1210.2373046875, 1194.193359375, 1218.154418945313]objeto:FEMUR
[-297.7843933105469, -285.4501342773438, -308.6797180175781, -298.578125;
 -86.62989807128906, -69.96263885498047, -72.19757080078125, -29.04520416259766;
 1359.931884765625, 1389.296875, 1343.2978515625, 1374.18603515625]objeto:BROCA
[-392.7661743164063, -410.9613342285156, -384.2269897460938;
 -168.4535675048828, -275.4072875976563, -119.6381378173828;
 1210.524658203125, 1194.21435546875, 1218.288696289063]objeto:FEMUR
[-297.7654724121094, -285.4641418457031, -308.6387939453125, -298.5526123046875;
 -86.64080047607422, -69.95467376708984, -72.18875885009766, -29.04735565185547;
 1359.917724609375, 1389.39501953125, 1343.236694335938, 1374.111328125]objeto:BROCA
[-392.7245483398438, -410.7828369140625, -384.1362915039063;
 -168.5036926269531, -275.4337463378906, -119.6573791503906;
 1210.748779296875, 1194.27099609375, 1218.332397460938]objeto:FEMUR
[-297.7893676757813, -285.4813537597656, -308.6537475585938, -298.5754089355469;
 -86.65015411376953, -69.9659423828125, -72.19895935058594, -29.05845642089844;
 1359.971313476563, 1389.42529296875, 1343.264892578125, 1374.19970703125]objeto:BROCA
[-392.5342102050781, -410.6480102539063, -383.9480285644531;
 -168.5283966064453, -275.5303955078125, -119.668571472168;
 1210.788818359375, 1194.717163085938, 1218.296264648438]objeto:FEMUR
[-297.79248046875, -285.4385375976563, -308.652099609375, -298.542724609375;
 -86.64386749267578, -69.95659637451172, -72.19979095458984, -29.05730628967285;
 1359.986083984375, 1389.325073242188, 1343.279541015625, 1374.096313476563]objeto:BROCA
[-391.8898315429688, -409.8074340820313, -383.5476989746094;
 -168.6107940673828, -275.6672973632813, -119.7957305908203;
 1210.343017578125, 1194.299194335938, 1218.18896484375]