3D [-298.54944, -29.045303, 1374.157;
 -297.76553, -86.635399, 1359.9436;
 -285.45679, -69.961174, 1389.3929;
 -308.61792, -72.182129, 1343.1737;
 -383.20947, -120.19621, 1219.6019;
 -391.55673, -169.11047, 1212.3843;
 -409.34729, -276.40103, 1197.3286]3D [-298.54944, -29.045303, 1374.157;
 -297.76553, -86.635399, 1359.9436;
 -285.45679, -69.961174, 1389.3929;
 -308.61792, -72.182129, 1343.1737;
 -383.20947, -120.19621, 1219.6019;
 -391.55673, -169.11047, 1212.3843;
 -409.34729, -276.40103, 1197.3286]3D [-298.58182, -29.059265, 1374.214;
 -297.76581, -86.648689, 1359.9113;
 -285.45105, -69.973381, 1389.3503;
 -308.6127, -72.205925, 1343.1599;
 -383.82495, -120.07095, 1219.6129;
 -392.32901, -168.96333, 1212.426;
 -410.28375, -276.14337, 1196.9589]3D [-298.57355, -29.054014, 1374.2045;
 -297.79044, -86.649834, 1359.9858;
 -285.4465, -69.961922, 1389.317;
 -308.62793, -72.206421, 1343.1678;
 -382.58563, -120.19959, 1219.4276;
 -390.65561, -169.09459, 1211.8993;
 -408.00842, -276.39166, 1196.5144]3D [-298.55386, -29.045393, 1374.1532;
 -297.76636, -86.64035, 1359.9435;
 -285.42883, -69.952118, 1389.2981;
 -308.63214, -72.201294, 1343.2284;
 -382.30133, -120.18505, 1218.9989;
 -390.29562, -169.05936, 1211.3359;
 -407.58759, -276.35797, 1195.887]3D [-298.56808, -29.048908, 1374.1486;
 -297.78766, -86.637344, 1359.9336;
 -285.46423, -69.96003, 1389.3525;
 -308.65948, -72.190613, 1343.2584;
 -382.58325, -119.98502, 1218.8469;
 -390.75555, -168.88795, 1211.4341;
 -407.99103, -276.08063, 1195.4341]3D [-298.55804, -29.045933, 1374.1388;
 -297.79901, -86.643921, 1360.0012;
 -285.47668, -69.963692, 1389.4059;
 -308.6459, -72.194778, 1343.272;
 -382.73242, -120.00201, 1218.6349;
 -390.98141, -168.88409, 1211.1808;
 -408.45148, -276.10339, 1195.4366]3D [-298.54208, -29.04689, 1374.0958;
 -297.80725, -86.644745, 1360.0566;
 -285.4328, -69.956902, 1389.2834;
 -308.63501, -72.188499, 1343.215;
 -382.9249, -120.04252, 1218.6464;
 -391.16919, -168.90057, 1211.0929;
 -408.84457, -276.14267, 1195.6082]3D [-298.54733, -29.057032, 1374.1322;
 -297.74393, -86.648483, 1359.8743;
 -285.45477, -69.969048, 1389.385;
 -308.62823, -72.204002, 1343.2351;
 -383.17902, -120.07274, 1218.858;
 -391.46744, -168.92143, 1211.2876;
 -409.17178, -276.10275, 1195.6404]3D [-298.5451, -29.051243, 1374.1293;
 -297.76321, -86.648262, 1359.9125;
 -285.46353, -69.967346, 1389.387;
 -308.61688, -72.20105, 1343.176;
 -383.31744, -120.03555, 1218.8616;
 -391.68073, -168.90109, 1211.4082;
 -409.35818, -276.04037, 1195.5004]3D [-298.56174, -29.049683, 1374.1598;
 -297.75073, -86.640785, 1359.8665;
 -285.43311, -69.953621, 1389.3077;
 -308.63599, -72.191223, 1343.224;
 -383.26697, -120.05395, 1218.8093;
 -391.61185, -168.91254, 1211.3732;
 -409.31506, -276.07364, 1195.5798]3D [-298.53845, -29.05094, 1374.1332;
 -297.74722, -86.641899, 1359.9154;
 -285.42056, -69.961784, 1389.2975;
 -308.64233, -72.204453, 1343.2997;
 -382.88538, -120.07864, 1218.6091;
 -391.13953, -168.93906, 1211.0789;
 -408.7854, -276.16797, 1195.543]3D [-298.56009, -29.056526, 1374.174;
 -297.77319, -86.65667, 1359.9618;
 -285.46149, -69.970963, 1389.4188;
 -308.62738, -72.204575, 1343.2086;
 -382.44678, -120.1479, 1218.6859;
 -390.53531, -169.04079, 1211.1375;
 -407.74963, -276.2467, 1195.1863]3D [-298.55066, -29.056025, 1374.142;
 -297.79007, -86.65152, 1359.9827;
 -285.42044, -69.960365, 1389.2469;
 -308.61743, -72.209381, 1343.1805;
 -382.28839, -120.18558, 1218.6727;
 -390.32846, -169.0799, 1211.0717;
 -407.55487, -276.3374, 1195.3539]3D [-298.5668, -29.060543, 1374.1505;
 -297.79898, -86.642258, 1360.0013;
 -285.42734, -69.957237, 1389.3009;
 -308.65158, -72.206512, 1343.2716;
 -382.06039, -120.19128, 1218.5642;
 -390.01379, -169.07295, 1210.816;
 -407.10938, -276.31125, 1195.0282]3D [-298.54407, -29.061159, 1374.1022;
 -297.76541, -86.646523, 1359.8912;
 -285.44788, -69.968941, 1389.3042;
 -308.64407, -72.204147, 1343.2413;
 -381.77765, -120.18265, 1218.3553;
 -389.74481, -169.08571, 1210.7334;
 -406.66162, -276.31522, 1194.826]3D [-298.58212, -29.051628, 1374.181;
 -297.7991, -86.645645, 1359.9811;
 -285.48712, -69.966095, 1389.4192;
 -308.65448, -72.200058, 1343.2445;
 -381.5513, -120.17057, 1218.3239;
 -389.46487, -169.08553, 1210.7666;
 -406.24265, -276.34079, 1194.7854]3D [-298.54105, -29.053143, 1374.0985;
 -297.7645, -86.638802, 1359.8906;
 -285.46539, -69.961929, 1389.3912;
 -308.63986, -72.198982, 1343.2245;
 -381.3176, -120.23032, 1218.2517;
 -389.12555, -169.14577, 1210.6255;
 -405.69778, -276.39282, 1194.425]3D [-298.57428, -29.038267, 1374.2268;
 -297.77762, -86.640465, 1359.9502;
 -285.4455, -69.95636, 1389.3221;
 -308.64041, -72.194923, 1343.2562;
 -381.41901, -120.21236, 1218.2493;
 -389.27817, -169.14171, 1210.6617;
 -405.9389, -276.38449, 1194.5256]3D [-298.55734, -29.057476, 1374.1671;
 -297.76996, -86.647141, 1359.955;
 -285.45251, -69.967087, 1389.3629;
 -308.62094, -72.203804, 1343.2133;
 -381.65115, -120.22887, 1218.1206;
 -389.55298, -169.12665, 1210.3606;
 -406.40829, -276.35663, 1194.3398]3D [-298.56042, -29.062267, 1374.1484;
 -297.78748, -86.659721, 1359.9657;
 -285.47406, -69.975296, 1389.4052;
 -308.62921, -72.208221, 1343.1956;
 -382.09378, -120.11548, 1218.1514;
 -390.09872, -168.99091, 1210.4834;
 -407.22836, -276.20584, 1194.4788]3D [-298.55429, -29.060169, 1374.1221;
 -297.75824, -86.65081, 1359.8856;
 -285.45856, -69.967926, 1389.3439;
 -308.62958, -72.214294, 1343.2168;
 -382.57004, -120.07673, 1218.2166;
 -390.74374, -168.94405, 1210.6038;
 -408.12988, -276.12183, 1194.7028]3D [-298.56317, -29.068277, 1374.1432;
 -297.74918, -86.650757, 1359.875;
 -285.46591, -69.975082, 1389.405;
 -308.62863, -72.21595, 1343.2178;
 -382.83377, -120.12721, 1218.4446;
 -391.05417, -168.9803, 1210.8508;
 -408.65579, -276.19162, 1195.2397]3D [-298.5415, -29.061661, 1374.0995;
 -297.77798, -86.66185, 1359.9662;
 -285.45291, -69.971977, 1389.3906;
 -308.64261, -72.213318, 1343.2603;
 -382.72375, -120.14803, 1218.3989;
 -390.97076, -169.02939, 1210.9227;
 -408.49905, -276.23935, 1195.2316]3D [-298.56055, -29.063559, 1374.1842;
 -297.76376, -86.650513, 1359.9561;
 -285.43811, -69.970795, 1389.3427;
 -308.61841, -72.213867, 1343.2251;
 -382.73901, -120.15173, 1218.4506;
 -390.98346, -169.0303, 1210.9635;
 -408.52493, -276.24817, 1195.3199]3D [-298.54269, -29.065172, 1374.1003;
 -297.763, -86.663521, 1359.9457;
 -285.45276, -69.979469, 1389.3799;
 -308.60666, -72.208572, 1343.1727;
 -382.81213, -120.1441, 1218.5818;
 -391.05893, -169.0137, 1211.1085;
 -408.64676, -276.23984, 1195.5354]3D [-298.54541, -29.057205, 1374.0833;
 -297.77008, -86.647118, 1359.9335;
 -285.45313, -69.969246, 1389.3762;
 -308.61972, -72.208351, 1343.1736;
 -382.7189, -120.19092, 1218.6996;
 -390.96494, -169.0831, 1211.3126;
 -408.37103, -276.26935, 1195.51]3D [-298.55869, -29.067533, 1374.1448;
 -297.74734, -86.64502, 1359.8623;
 -285.4632, -69.971413, 1389.3733;
 -308.63785, -72.21048, 1343.2352;
 -382.41919, -120.24492, 1218.8284;
 -390.48764, -169.1465, 1211.307;
 -407.79309, -276.4072, 1195.7356]3D [-298.548, -29.05221, 1374.1118;
 -297.78568, -86.651382, 1359.9749;
 -285.45773, -69.968613, 1389.3602;
 -308.60754, -72.20739, 1343.1663;
 -381.86267, -120.27335, 1218.6204;
 -389.84995, -169.19389, 1211.0659;
 -406.86115, -276.46158, 1195.4263]3D [-298.5452, -29.05974, 1374.1343;
 -297.76135, -86.647392, 1359.9176;
 -285.42676, -69.968903, 1389.3047;
 -308.62711, -72.203438, 1343.24;
 -381.59122, -120.34299, 1218.6658;
 -389.51715, -169.29207, 1211.2389;
 -406.28714, -276.57004, 1195.391]3D [-298.55826, -29.059572, 1374.1592;
 -297.76404, -86.651466, 1359.9253;
 -285.42856, -69.966614, 1389.3085;
 -308.61496, -72.203407, 1343.1747;
 -381.48926, -120.34875, 1218.7074;
 -389.37115, -169.30421, 1211.2734;
 -406.02383, -276.56525, 1195.3099]3D [-298.56924, -29.070057, 1374.1683;
 -297.78433, -86.659721, 1359.9517;
 -285.45047, -69.969894, 1389.3278;
 -308.62366, -72.204712, 1343.1721;
 -381.47226, -120.34321, 1218.7566;
 -389.35156, -169.30093, 1211.3364;
 -405.96454, -276.561, 1195.333]3D [-298.57721, -29.060802, 1374.1753;
 -297.78796, -86.658211, 1359.9568;
 -285.45361, -69.965767, 1389.3291;
 -308.63666, -72.200447, 1343.1843;
 -381.67294, -120.27593, 1218.6997;
 -389.65363, -169.22404, 1211.3405;
 -406.49673, -276.50296, 1195.5863]3D [-298.54587, -29.060322, 1374.1067;
 -297.77426, -86.649521, 1359.9301;
 -285.44183, -69.97052, 1389.329;
 -308.62708, -72.203979, 1343.1914;
 -382.08109, -120.25276, 1218.807;
 -390.03391, -169.14314, 1211.0818;
 -407.08969, -276.38101, 1195.3583]3D [-298.5683, -29.065926, 1374.1969;
 -297.78943, -86.659126, 1360.0002;
 -285.46338, -69.975792, 1389.3879;
 -308.629, -72.212532, 1343.212;
 -382.52255, -120.16893, 1218.7167;
 -390.63736, -169.06526, 1211.1885;
 -407.82309, -276.22928, 1195.1187]3D [-298.56995, -29.061583, 1374.189;
 -297.78979, -86.65023, 1359.9922;
 -285.46365, -69.977287, 1389.3804;
 -308.62955, -72.209389, 1343.1881;
 -382.73669, -120.03711, 1218.3782;
 -390.92963, -168.89378, 1210.7194;
 -408.49588, -276.11813, 1195.0649]3D [-298.55273, -29.05723, 1374.1379;
 -297.76373, -86.659874, 1359.9229;
 -285.43686, -69.96936, 1389.3033;
 -308.60638, -72.216278, 1343.1453;
 -383.25693, -120.02933, 1218.4745;
 -391.60577, -168.88939, 1210.9636;
 -409.25604, -276.00394, 1194.8278]3D [-298.56247, -29.059919, 1374.1703;
 -297.7551, -86.651855, 1359.9001;
 -285.44861, -69.975655, 1389.3672;
 -308.63486, -72.210747, 1343.224;
 -383.409, -119.94801, 1218.1786;
 -391.76563, -168.78564, 1210.5005;
 -409.5015, -275.8584, 1194.2908]3D [-298.54474, -29.058344, 1374.0802;
 -297.78516, -86.661934, 1359.9838;
 -285.44879, -69.976448, 1389.316;
 -308.61469, -72.206985, 1343.1544;
 -383.3461, -119.878, 1217.9503;
 -391.64761, -168.6765, 1210.089;
 -409.39658, -275.75262, 1193.8553]3D [-298.56097, -29.057129, 1374.1288;
 -297.78882, -86.6521, 1359.9833;
 -285.46472, -69.977524, 1389.3654;
 -308.64261, -72.209541, 1343.2266;
 -383.35037, -119.7975, 1217.6288;
 -391.64819, -168.59007, 1209.6855;
 -409.42181, -275.61597, 1193.3167]3D [-298.54065, -29.054371, 1374.087;
 -297.75864, -86.650322, 1359.8737;
 -285.46756, -69.967995, 1389.3867;
 -308.69156, -72.213615, 1343.3817;
 -383.51651, -119.73891, 1217.5741;
 -391.9136, -168.53639, 1209.7467;
 -409.86603, -275.59448, 1193.4801]3D [-298.53915, -29.057459, 1374.0503;
 -297.78571, -86.649452, 1359.9552;
 -285.45358, -69.958626, 1389.3324;
 -308.64087, -72.210854, 1343.2035;
 -383.7142, -119.78215, 1217.7709;
 -392.20419, -168.59409, 1210.093;
 -410.2326, -275.64618, 1193.8628]3D [-298.56906, -29.063673, 1374.1749;
 -297.76202, -86.644615, 1359.8845;
 -285.44861, -69.969978, 1389.3223;
 -308.67444, -72.215668, 1343.3167;
 -383.51727, -119.80281, 1217.6497;
 -391.918, -168.60699, 1209.8716;
 -409.89023, -275.66998, 1193.7028]3D [-298.55527, -29.059471, 1374.0782;
 -297.80408, -86.652863, 1359.9716;
 -285.47314, -69.98381, 1389.4037;
 -308.62811, -72.208641, 1343.1503;
 -383.29425, -119.83405, 1217.9081;
 -391.54248, -168.6301, 1209.9578;
 -409.26169, -275.70538, 1193.6907]3D [-298.57065, -29.058331, 1374.129;
 -297.76599, -86.649086, 1359.8666;
 -285.46848, -69.967606, 1389.3516;
 -308.63135, -72.205505, 1343.1732;
 -383.16849, -119.83756, 1217.9895;
 -391.50751, -168.67297, 1210.3679;
 -409.12653, -275.75772, 1193.9858]3D [-298.54089, -29.045174, 1374.0482;
 -297.75894, -86.640457, 1359.8381;
 -285.43372, -69.948151, 1389.2626;
 -308.60785, -72.195587, 1343.1019;
 -383.13715, -119.83167, 1218.0067;
 -391.48816, -168.68356, 1210.4565;
 -409.11279, -275.78122, 1194.1387]3D [-298.54788, -29.058905, 1374.0691;
 -297.77939, -86.646576, 1359.8624;
 -285.44037, -69.970047, 1389.2209;
 -308.63855, -72.196297, 1343.1754;
 -383.26855, -119.85994, 1218.2271;
 -391.67007, -168.71759, 1210.7683;
 -409.34491, -275.83081, 1194.5228]3D [-298.59689, -29.058924, 1374.2249;
 -297.76489, -86.642303, 1359.8643;
 -285.45496, -69.972336, 1389.3225;
 -308.67767, -72.217545, 1343.3038;
 -382.95444, -119.85582, 1218.1123;
 -391.1875, -168.69231, 1210.386;
 -408.70102, -275.78015, 1194.0802]3D [-298.57181, -29.058245, 1374.1992;
 -297.7515, -86.649307, 1359.8628;
 -285.48489, -69.978821, 1389.4435;
 -308.65106, -72.210144, 1343.2488;
 -383.00955, -119.88109, 1218.1177;
 -391.28906, -168.73111, 1210.4814;
 -408.84833, -275.82153, 1194.2148]3D [-298.56821, -29.064592, 1374.1586;
 -297.78339, -86.649956, 1359.9246;
 -285.45129, -69.973366, 1389.3217;
 -308.62445, -72.209831, 1343.1409;
 -383.15283, -119.84882, 1218.135;
 -391.50754, -168.70601, 1210.6185;
 -409.13821, -275.81747, 1194.3408]3D [-298.56403, -29.066692, 1374.1549;
 -297.75909, -86.653442, 1359.8954;
 -285.44455, -69.974113, 1389.3247;
 -308.64542, -72.213554, 1343.2332;
 -383.29236, -119.84381, 1218.1453;
 -391.63049, -168.68077, 1210.4791;
 -409.33774, -275.78235, 1194.2468]3D [-298.57196, -29.057447, 1374.1925;
 -297.74051, -86.644478, 1359.8396;
 -285.45663, -69.966736, 1389.3574;
 -308.63663, -72.20163, 1343.2192;
 -383.48071, -119.76902, 1218.0221;
 -391.81488, -168.56781, 1210.1444;
 -409.69101, -275.6185, 1194.0182]3D [-298.56265, -29.055813, 1374.1307;
 -297.79669, -86.641777, 1359.9835;
 -285.46399, -69.963219, 1389.3579;
 -308.65265, -72.20443, 1343.2605;
 -383.68237, -119.70424, 1217.9265;
 -392.16296, -168.52646, 1210.2606;
 -410.20609, -275.58481, 1194.1595]3D [-298.56726, -29.046621, 1374.1536;
 -297.7692, -86.641914, 1359.8903;
 -285.47174, -69.969048, 1389.3998;
 -308.63422, -72.199211, 1343.1935;
 -383.89703, -119.65996, 1217.9805;
 -392.49463, -168.51105, 1210.4685;
 -410.47733, -275.46555, 1193.9752]3D [-298.55292, -29.063068, 1374.1226;
 -297.77423, -86.643204, 1359.9084;
 -285.46848, -69.966354, 1389.4022;
 -308.66629, -72.205894, 1343.2905;
 -383.92914, -119.65061, 1217.9634;
 -392.53387, -168.49548, 1210.4363;
 -410.48987, -275.42752, 1193.8005]3D [-298.58264, -29.057247, 1374.1959;
 -297.76956, -86.647133, 1359.877;
 -285.44089, -69.965172, 1389.2711;
 -308.64761, -72.202484, 1343.2286;
 -383.81866, -119.62473, 1217.8585;
 -392.37848, -168.46805, 1210.2761;
 -410.35046, -275.41632, 1193.7468]3D [-298.56641, -29.057732, 1374.1359;
 -297.79471, -86.64624, 1359.9391;
 -285.48187, -69.97448, 1389.4288;
 -308.67673, -72.210594, 1343.3085;
 -383.52509, -119.60439, 1217.5074;
 -391.95151, -168.41486, 1209.701;
 -409.93243, -275.4462, 1193.3883]3D [-298.56094, -29.057644, 1374.1287;
 -297.78912, -86.648476, 1359.9586;
 -285.44949, -69.964531, 1389.2928;
 -308.66647, -72.206238, 1343.2931;
 -383.49731, -119.59169, 1217.4679;
 -391.9057, -168.40877, 1209.6218;
 -409.84018, -275.4371, 1193.2051]3D [-298.54446, -29.056829, 1374.134;
 -297.77826, -86.649788, 1359.964;
 -285.47372, -69.971115, 1389.4324;
 -308.62241, -72.205605, 1343.1984;
 -383.43332, -119.6636, 1217.3674;
 -391.81662, -168.46048, 1209.4766;
 -409.74023, -275.50101, 1193.0728]3D [-298.58621, -29.049858, 1374.213;
 -297.80133, -86.643547, 1359.9513;
 -285.47202, -69.96312, 1389.3235;
 -308.664, -72.194115, 1343.2224;
 -383.49902, -119.58769, 1217.4639;
 -391.89417, -168.39571, 1209.5913;
 -409.87247, -275.4278, 1193.2726]3D [-298.5462, -29.055727, 1374.083;
 -297.77957, -86.645729, 1359.9152;
 -285.47244, -69.967186, 1389.3988;
 -308.66519, -72.202881, 1343.2693;
 -383.89346, -119.64317, 1217.885;
 -392.49088, -168.49765, 1210.3468;
 -410.41205, -275.42038, 1193.6373]3D [-298.54974, -29.049967, 1374.1084;
 -297.76944, -86.645943, 1359.902;
 -285.46585, -69.97039, 1389.3821;
 -308.67914, -72.211075, 1343.3578;
 -384.09991, -119.63348, 1218.0729;
 -392.65771, -168.4615, 1210.3727;
 -410.7189, -275.38675, 1193.8204]3D [-298.55328, -29.05526, 1374.1356;
 -297.77979, -86.644531, 1359.9462;
 -285.43262, -69.954277, 1389.2504;
 -308.62451, -72.194717, 1343.1989;
 -384.28162, -119.66946, 1218.1544;
 -392.77017, -168.44412, 1210.2373;
 -411.12039, -275.43283, 1194.1934]3D [-298.57813, -29.045204, 1374.186;
 -297.78439, -86.629898, 1359.9319;
 -285.45013, -69.962639, 1389.2969;
 -308.67972, -72.197571, 1343.2979;
 -384.22699, -119.63814, 1218.2887;
 -392.76617, -168.45357, 1210.5247;
 -410.96133, -275.40729, 1194.2144]3D [-298.55261, -29.047356, 1374.1113;
 -297.76547, -86.6408, 1359.9177;
 -285.46414, -69.954674, 1389.395;
 -308.63879, -72.188759, 1343.2367;
 -384.13629, -119.65738, 1218.3324;
 -392.72455, -168.50369, 1210.7488;
 -410.78284, -275.43375, 1194.271]3D [-298.57541, -29.058456, 1374.1997;
 -297.78937, -86.650154, 1359.9713;
 -285.48135, -69.965942, 1389.4253;
 -308.65375, -72.198959, 1343.2649;
 -383.94803, -119.66857, 1218.2963;
 -392.53421, -168.5284, 1210.7888;
 -410.64801, -275.5304, 1194.7172]3D [-298.54272, -29.057306, 1374.0963;
 -297.79248, -86.643867, 1359.9861;
 -285.43854, -69.956596, 1389.3251;
 -308.6521, -72.199791, 1343.2795;
 -383.5477, -119.79573, 1218.189;
 -391.88983, -168.61079, 1210.343;
 -409.80743, -275.6673, 1194.2992]