-130.4841404293861	249.8398425768618	854.5671850101693
-130.4841404293861	249.8398425768618	854.5671850101693
-130.3144934025978	249.8028450668555	854.8328504776083
-130.2003202022233	249.813893996689	854.8528640719727
-130.6055932828434	249.9517160325596	854.1328012446828
-130.3575679174411	249.9783906334636	854.2378606671753
-130.4996863600342	249.871025419014	854.5139655450785
-130.2415984237345	249.7792108018238	854.9177697413127
-130.1698940231232	249.8778729989349	854.6795904409373
-130.3021433888294	249.9101947339947	854.4689497018708
-130.333846224323	249.9455719738174	854.3726750467473
-130.2049241567834	249.9118673648526	854.5296979297376
-130.4228147969867	249.805189886028	854.7603327504365
-130.2348774016611	249.8211845776483	854.8400257880108
-130.3820952285014	249.9562376470365	854.306581768595
-130.4063430102427	249.8928132736197	854.4581599617402
-130.2821720832554	249.9177561960121	854.4774921658246
-130.3783626861787	249.8111755122581	854.7493126492126
-130.296710841549	249.9911876897665	854.2438780331465
-130.1225375272363	249.9215927139494	854.5466491146548
-130.4336153417328	249.8651790396443	854.55439077935
-130.056576294335	250.0214707215047	854.2588683611777
-130.1838298446589	249.8735591313368	854.6717331346679
-130.056576294335	250.0214707215047	854.2588683611777
-130.2227911225146	250.0203372051176	854.1355541163555
-130.0506381383607	250.0246890706017	854.2594595390993
-130.1916054698585	249.8719166340997	854.6659190438692
-130.2239551540025	249.8785502457577	854.5705277487727
-130.2562838461248	249.8161808549697	854.8248352895391
-130.0226617407113	250.0432490300204	854.1996133203695
-130.2633859887709	249.846542264553	854.7046841287518
-130.1912508927693	249.9039288114093	854.5510199306078
-130.2384457773403	249.8908518515585	854.6034694649777
-130.2764419151605	249.8086456155311	854.8161672356852
-130.3745448908304	249.8529216656571	854.6221313623388
-130.3917173785084	249.6256186121785	855.2987935805921
-130.1758172101393	249.8746741082907	854.6789678781314
-130.3059767543639	249.8685521184902	854.5961637512925
-130.2409747926038	249.8810624621316	854.6487020694128
-130.274256967682	249.906545558784	854.4985070145194
-130.2036575609261	249.8861324439229	854.5791536797652
-130.34207245378	249.7130186545786	855.0549634269981
-130.2913298305144	250.0186184603983	854.1666508393917
-130.1044192160833	249.996223288133	854.3245849082797
-130.136494563272	249.9172739757675	854.5387899216071
-130.1070360333808	249.9234195666758	854.5612510726204
-130.0739157768478	249.8339319136682	854.8287898493089
-130.2913403570332	249.8502664709861	854.674936993149
-130.1987161351526	249.9150985296336	854.5304844282942
-130.1395680474315	249.8725716865125	854.7019652273157
-130.1629406666695	250.0520799840173	854.0709182766102
-130.1575463430279	249.9555222846243	854.3966939470324
-130.2621772767259	249.8129852420206	854.8242243690322
-130.1104200524394	249.9929962362677	854.3239872253289
-130.0429490238241	250.0135001374948	854.2804033116477
-130.3736534240782	249.8069365821859	854.7556102688308
-130.2862958223328	249.8869934359516	854.5561483683421
-130.3856914646986	249.9377223757275	854.3719584601404
-130.1227400206816	249.9263324346	854.4981266917968
-130.1479062221755	250.0230508222562	854.1986206485412
-130.1847917963933	249.919411919094	854.5383547337863
-130.3098761569104	249.7875116386415	854.8899679685526
-130.0561943423843	249.9757248598281	854.3920543713235
-130.1847917963933	249.919411919094	854.5383547337863
-130.2621772767259	249.8129852420206	854.8242243690322
-130.2228880151813	249.892677408101	854.6181353878134
-130.2972485945861	249.9469650368036	854.3496207677732
-130.1906591552082	249.9162079471722	854.5377696639407
-129.9261196732212	249.9437100229975	854.557965947128
-130.2060146888248	249.945405313738	854.409784081828
-130.2398981611601	249.912345587372	854.4774382729569
-130.2966496073937	249.7784741566976	854.8812736917268
-130.1395680474315	249.8725716865125	854.7019652273157
-130.1285016419293	249.9183826581408	854.5460322583432
-130.1847917963933	249.919411919094	854.5383547337863
-130.3619985531057	249.8489096095511	854.6537334336961
-130.0607621319547	249.9365144865589	854.4935294668306
-130.3021433888294	249.9101947339947	854.4689497018708
-130.3384425921458	249.9293675492828	854.4327948755312
-130.3827218220317	249.8518318315568	854.6146967144867
-130.2821720832554	249.9177561960121	854.4774921658246
-130.3225517651438	249.8443544792566	854.6642066400314
-130.2909727329508	250.0002706470764	854.2341424838235
-130.1335758240475	249.8757660619583	854.7026388402504
-130.0506381383607	250.0246890706017	854.2594595390993
-130.4803984441098	249.8385657895855	854.5901904832529
-130.1892421471961	249.8855251124411	854.6024065805042
-130.3745448908304	249.8529216656571	854.6221313623388
-130.2979649128603	249.9150539803186	854.4642988798399
-130.1910846773404	249.9345522788387	854.4704904753276
-130.2913403570332	249.8502664709861	854.674936993149
-130.0506381383607	250.0246890706017	854.2594595390993
-130.1970555989137	249.9313285048353	854.4699044264028
-130.1838298446589	249.8735591313368	854.6717331346679
-130.3248828957407	249.7703009144883	854.8873432361672
-130.2770868838298	249.8546054860257	854.6830080117044
-130.296218532207	249.9134398350331	854.4695193343334
-130.1223884448684	250.0899214872263	854.0147068240634
-130.2702079101415	249.8118685806832	854.816978862222
-130.1889716339559	249.9908432374467	854.3006946740776
-130.2880594618121	249.9145280931289	854.4769430922995
-130.2650057774235	249.7753286197891	854.8978586518456
-130.1847917963933	249.919411919094	854.5383547337863
-130.1900933793372	249.8703329111476	854.6709100634716
-130.1083444238537	249.8339740246043	854.7781385230799
-130.2562838461248	249.8161808549697	854.8248352895391
-130.3827218220317	249.8518318315568	854.6146967144867
-130.3355890851699	249.8802669105505	854.5008873246768
-130.1773868814189	249.8800760481206	854.6171726416808
-130.2577308717955	250.039491606179	854.0928521533179
-130.3827218220317	249.8518318315568	854.6146967144867
-130.2364859432159	250.1691137136978	853.7024528803902
-130.3430494578099	249.8780684632158	854.570408902511
-130.3879079507531	249.674859434004	855.1343090673581
-130.1036524269297	249.950447346416	854.4580156352415
-130.2547112083552	249.9538632899587	854.3359190577142
-130.0018965640964	249.7988944533145	854.9290604698598
-130.2042999708135	250.0650018129669	854.0413541469588
-130.2406966393603	249.8180257816763	854.8394445165789
-130.1223884448684	250.0899214872263	854.0147068240634
-130.1395680474315	249.8725716865125	854.7019652273157
-130.42484739727	249.8253008866441	854.6650668899699
-130.1370650877724	249.9219764226311	854.4900773887074
-130.2384457773403	249.8908518515585	854.6034694649777
-130.2092451803063	249.8645737721661	854.6439956620372
-130.3884606757933	249.9986720316522	854.1726963915277
-130.0350510685285	249.9983679425925	854.3323113947108
-130.3739721595014	249.8556792640797	854.5675185041821
-130.2770868838298	249.8546054860257	854.6830080117044
-130.3745448908304	249.8529216656571	854.6221313623388
-130.2033445317585	250.0316787246925	854.1611024155048
-130.1304695629337	250.088835498645	854.0073210372349
-130.0358915193934	249.9832858033689	854.4007432924323
-130.122445274522	250.0448244927584	854.1461586595175
-130.2764419151605	249.8086456155311	854.8161672356852
-130.2579488630949	249.7795303667872	854.8499920434834
-130.2234730222224	249.9144252684183	854.4688425349046
-130.3816269261625	249.688896099507	855.1272009608635
-130.136494563272	249.9172739757675	854.5387899216071
-130.1165131986268	250.0931603189751	854.0152168420919
-130.2776414579529	249.9641726838547	854.3139668444169
-130.2890438857313	250.0737896963224	853.9584865667334
-130.4104179139929	250.1060278370791	853.8045229765042
-130.1842639977239	250.0604195878494	854.0725036788008
-130.377939910998	249.8841592681042	854.5409619633234
-130.2071803119856	250.1713183888242	853.7314400269941
-130.1575463430279	249.9555222846243	854.3966939470324
-130.2621772767259	249.8129852420206	854.8242243690322
-130.1976920222156	249.8725211879351	854.6084655926147
-130.3911219994457	249.8391751560309	854.6437469831737
-130.2049241567834	249.9118673648526	854.5296979297376
-130.2629197329998	250.1609079798711	853.7236509904764
-130.2709721646509	249.9805105917209	854.2856491812649
-130.3207565750993	249.8475566793456	854.6841750248382
-130.3341645598614	250.0271460592668	854.0903584160537
-130.584230581914	249.93659249397	854.2011765397046
-130.1669653916151	249.9560541080308	854.3844485630241
-130.2875273792889	249.8869905433597	854.543280508425
-130.135648390703	249.9324206018981	854.4702988605821
-130.3830628751579	249.8402866751228	854.6510499192175
-130.1512976088745	249.9587645067959	854.3974749354729
-130.3575053726524	249.9190337623537	854.4308861350845
-130.1916054698585	249.8719166340997	854.6659190438692
-130.3682728763766	249.9789006046031	854.2244251009221
-130.2851618246821	249.8534944166772	854.6757119475292
-130.2756041568682	249.8238992156633	854.7476108918602
-130.2905640407659	249.994446939524	854.2445654106168
-130.2073309764506	250.1268942410401	853.8614401709177
-130.3606746720961	249.9394835853631	854.3040529681066
-130.7343658903388	249.8578208303801	854.3192391682239
-130.3832641904598	249.9297230591437	854.3891252145471
-130.3409264932496	249.8372378179454	854.6622299581545
-130.2764419151605	249.8086456155311	854.8161672356852
-130.1519908055537	249.7762630301929	854.926007665319
-130.2770868838298	249.8546054860257	854.6830080117044
-130.1104200524394	249.9929962362677	854.3239872253289
-130.2756041568682	249.8238992156633	854.7476108918602
-130.2346780475215	249.9614405648882	854.3444582030464
-130.1913491816065	249.8757527990646	854.6093208532084
-130.2913403570332	249.8502664709861	854.674936993149
-130.4132969833744	249.7235706114749	854.9674070336607
-130.2492026607636	250.0347619403391	854.1107022391367
-130.0645954961909	250.020369228706	854.2515863888609
-130.135648390703	249.9324206018981	854.4702988605821
-130.1575463430279	249.9555222846243	854.3966939470324
-130.2091899629878	250.0284430822657	854.1606042581535
-130.3918073746746	249.9344636770852	854.3712901280438
-130.3513891161552	249.9222821766971	854.4315812646392
-130.2573523382763	249.944431418869	854.3655867447607
-130.2335430447066	250.0084422800242	854.1838149492647
-130.2694170949046	249.8271148873571	854.7484232848157
-130.2017849895623	250.0011057379432	854.2259743417833
-130.2912108861534	249.8211664286525	854.7346783416372
-130.143260326069	249.9598676733228	854.4047677060101
-130.3546106745053	249.8931110067772	854.5367904968334
-130.3758363061948	249.8409818299356	854.6582574083292
-130.1575463430279	249.9555222846243	854.3966939470324
-130.3575053726524	249.9190337623537	854.4308861350845
-130.3276692894459	249.8971018369271	854.5115907815446
-130.1575463430279	249.9555222846243	854.3966939470324
-130.1427988322925	249.9140366452989	854.5379724701661
-130.135648390703	249.9324206018981	854.4702988605821
-130.2764419151605	249.8086456155311	854.8161672356852
-130.2244768480781	250.0574062000374	854.0327434671296
-130.2764419151605	249.8086456155311	854.8161672356852
-130.3627161819865	249.9844666192577	854.1815973244329
-130.306351632005	249.981633851183	854.2310618139098
-130.372831976894	249.8221829085748	854.6870249144871
-130.1575463430279	249.9555222846243	854.3966939470324
-130.3587134612326	249.8753643482258	854.5573215482459
-130.2338776630774	249.9155966512757	854.4780395476267
-130.1575463430279	249.9555222846243	854.3966939470324
-130.4132969833744	249.7235706114749	854.9674070336607
-130.3886172231786	249.848589864623	854.6141388478438
-130.2621772767259	249.8129852420206	854.8242243690322
-130.2268973333056	249.9242677554606	854.4488598918382
-130.2764419151605	249.8086456155311	854.8161672356852
-130.056576294335	250.0214707215047	854.2588683611777
-130.4503151810281	249.9545280339098	854.2719393933373
-130.2946503884294	249.8707624765885	854.5481826380383
-130.2756041568682	249.8238992156633	854.7476108918602
-130.136494563272	249.9172739757675	854.5387899216071
-130.4071230731991	249.8206113940646	854.6732138520283
-130.2234754508852	250.0240929554041	854.1525061037539
-130.2913403570332	249.8502664709861	854.674936993149
-130.1575463430279	249.9555222846243	854.3966939470324
-130.3130418849958	249.8560444316581	854.6512915061861
-130.2330475030345	249.9307358843689	854.4095198237657
-130.2756041568682	249.8238992156633	854.7476108918602
-130.2607022915523	249.7822678962332	854.8887059917204
-130.3069740071746	249.847548139909	854.6619341571061
-130.2464456126646	249.7866051734952	854.8967554362712
-130.120841817693	249.8909193403223	854.6114788494963
-130.210730538878	249.9848862082702	854.2869332325502
-130.3432524111013	249.923377545383	854.4389813867707
-130.2756041568682	249.8238992156633	854.7476108918602
-130.2851618246821	249.8534944166772	854.6757119475292
-130.1819743111308	249.7662589329754	854.9603209100879
-130.1935123611258	249.9569314425825	854.3649968201827
-130.2756041568682	249.8238992156633	854.7476108918602
-130.2547112083552	249.9538632899587	854.3359190577142
-130.42454433025	249.8500175664995	854.582393249062
-130.2234754508852	250.0240929554041	854.1525061037539
-130.2172890989893	250.0273554810283	854.1532075846166
-130.2925012677319	249.8837606271213	854.5553661048613
-130.2273472341105	250.0117002856077	854.1845344718643
-130.3886172231786	249.848589864623	854.6141388478438
-130.3771467886337	249.9329791826812	854.3898008728863
-130.3959905052565	250.0745644454182	853.8802496106071
-130.2620771689358	249.9912390022853	854.2163433216051
-130.2862958223328	249.8869934359516	854.5561483683421
-130.2171869047354	249.8634556311707	854.6368035077907
-130.4159847028612	249.9536323337604	854.2901781677343
-130.3357897049926	249.8959965913447	854.5042358422802
-130.3967615931831	249.8494344105762	854.6355848963348
-130.3450325886157	249.8216257243277	854.7400695327258
-130.1512976088745	249.9587645067959	854.3974749354729
-130.2399138926039	249.9144778681127	854.5100061834977
-130.2710352393161	249.9988747646207	854.2184084731911
-130.0443335628754	249.7962497938396	854.9788103934068
-130.0493992207545	250.0221547199798	854.2660517871581
-130.199103065014	249.8741057060807	854.6035286336372
-130.1225375272363	249.9215927139494	854.5466491146548
-130.1036524269297	249.950447346416	854.4580156352415
-130.2812673266994	249.8718680475104	854.6110095606459
-130.122445274522	250.0448244927584	854.1461586595175
-130.1512976088745	249.9587645067959	854.3974749354729
-130.1727408234669	249.9793712875359	854.3247802691711
-130.3040807955099	249.9143168180851	854.4910608106212
-130.2702079101415	249.8118685806832	854.816978862222
-130.3106774426789	249.8555915920793	854.6682176870178
-130.1838298446589	249.8735591313368	854.6717331346679
-130.1838298446589	249.8735591313368	854.6717331346679
-130.211425421646	250.0276007817374	854.1572172130205
-130.0824663011735	249.9554418718141	854.4730628642848
-130.4054618313783	249.73529947591	855.0650963234093
-130.1150196965012	250.0626110717581	854.0801225803627
-130.2365807720882	249.8603957673857	854.6677424815457
-130.3140686090931	249.8988720536211	854.5216779635282
-130.1702835298037	250.0647518255473	854.0803931568089
-130.2592558365921	250.0894977407419	853.9280562238993
-130.1100488783938	249.9471978800478	854.4571807219365
-130.0896593580972	249.9547751528775	854.4658693310228
-130.4681130704861	249.9633653461111	854.2648918962697
-130.1681357776403	249.8471940539705	854.7443441149126
-130.3659268665491	249.967313166247	854.3188885488127
-130.2235346385651	249.8492682218005	854.7447054213859
-130.1044192160833	249.996223288133	854.3245849082797
-130.3368787858779	249.8813120157309	854.571140229453
-130.3949520368118	249.8726653327603	854.5631750710382
-130.237494678415	249.8449468868114	854.7368544433438
-130.1902380650535	249.8886912028401	854.6039400369788
-130.1070360333808	249.9234195666758	854.5612510726204
-130.2567042790378	249.9579884235848	854.3580056465137
-130.3098761569104	249.7875116386415	854.8899679685526
-130.2050544030313	249.9302265783971	854.4626245600974
-130.2709721646509	249.9805105917209	854.2856491812649
-130.1044192160833	249.996223288133	854.3245849082797
-130.2880594618121	249.9145280931289	854.4769430922995
-130.0645954961909	250.020369228706	854.2515863888609
-130.1474640368288	250.0393907214692	854.1598826212539
-130.3967615931831	249.8494344105762	854.6355848963348
-130.3348384153597	249.8432323658056	854.6762219125394
-130.2687710384335	249.9187550695642	854.4912365155425
-130.1867687748937	249.9530816343106	854.4053617325237
-130.3682728763766	249.9789006046031	854.2244251009221
-130.3905287358444	249.852686702578	854.6363226567256
-130.1252271675396	249.8615099695969	854.7255163753526
-130.0662696872255	250.0219644136782	854.2464663606133
-130.3624094338269	249.982166255085	854.2249140859749
-130.1847917963933	249.919411919094	854.5383547337863
-130.5093566839627	250.1172312592219	853.7635386225076
-130.1987161351526	249.9150985296336	854.5304844282942
-130.1090312551539	249.9625538101979	854.3881318231707
-130.1758172101393	249.8746741082907	854.6789678781314
-130.1906591552082	249.9162079471722	854.5377696639407
-130.296218532207	249.9134398350331	854.4695193343334
-130.1714467887457	249.9204619776349	854.5519013636756
-130.4249186629889	249.8677554142165	854.5780699220487
-130.2905640407659	249.994446939524	854.2445654106168
-130.1987161351526	249.9150985296336	854.5304844282942
-130.1199492540011	250.0526297751837	854.1277192749443
-130.0561943423843	249.9757248598281	854.3920543713235
-130.3140369051932	250.0808535545463	853.951532011549
-130.2872200052223	249.7239784561119	855.0453865930932
-130.1847917963933	249.919411919094	854.5383547337863
-130.1247414852319	249.9886417342448	854.3159194389351
-130.3524337989724	249.9556864277253	854.3119484232577
-130.3033713878909	249.7496749099805	854.9748352850231
-130.3736534240782	249.8069365821859	854.7556102688308
-130.0561943423843	249.9757248598281	854.3920543713235
-130.0329065975246	249.8744684354214	854.695082222989
-130.2049241567834	249.9118673648526	854.5296979297376
-130.2764419151605	249.8086456155311	854.8161672356852
-130.1100488783938	249.9471978800478	854.4571807219365
-130.2049241567834	249.9118673648526	854.5296979297376
-130.152345358927	249.9891229402569	854.2631025394967
-130.2920111066787	249.8059186870449	854.8032443252566
-130.2812673266994	249.8718680475104	854.6110095606459
-130.3184940427173	249.955251660294	854.3515286512563
-130.1512976088745	249.9587645067959	854.3974749354729
-130.2913403570332	249.8502664709861	854.674936993149
-130.1512976088745	249.9587645067959	854.3974749354729
-130.3686870828578	249.8561466183674	854.6226685953748
-130.2049241567834	249.9118673648526	854.5296979297376
-130.2864122594547	249.8838128857742	854.541870484346
-130.296218532207	249.9134398350331	854.4695193343334
-130.3152213160603	249.8159911094621	854.7167421789082
-130.2761932126114	249.953568456096	854.3841624499812
-130.3207218625598	250.0224962544331	854.0912556599183
-130.3969101797292	249.8948012929109	854.5041590872387
-130.2555548041614	249.9096616294811	854.4643128257392
-130.2113654530486	249.9269755687784	854.4618373326657
-130.2770868838298	249.8546054860257	854.6830080117044
-130.1818848205761	249.8465251725805	854.6801118354854
-130.136494563272	249.9172739757675	854.5387899216071
-130.3069740071746	249.847548139909	854.6619341571061
-130.3519055146361	249.7837435420766	854.8289939863973
-130.3069740071746	249.847548139909	854.6619341571061
-130.2764419151605	249.8086456155311	854.8161672356852
-130.2812673266994	249.8718680475104	854.6110095606459
-130.2913403570332	249.8502664709861	854.674936993149
-130.2851618246821	249.8534944166772	854.6757119475292
-130.2621772767259	249.8129852420206	854.8242243690322
-130.2756041568682	249.8238992156633	854.7476108918602
-130.4661798057059	249.8871318825529	854.4675650524141
-130.1900933793372	249.8703329111476	854.6709100634716
-130.3429350423409	249.8489838529572	854.6302008304572
-130.1825486933269	249.8021899172466	854.8083069944785
-130.2864509952226	249.807727062808	854.8061297580385
-130.2702079101415	249.8118685806832	854.816978862222
-130.1427988322925	249.9140366452989	854.5379724701661
-130.1427988322925	249.9140366452989	854.5379724701661
-130.2677822892633	249.8765767257311	854.5845439479825
-130.1128655217049	249.8920379011882	854.6186761229546
-130.2913403570332	249.8502664709861	854.674936993149
-130.1575463430279	249.9555222846243	854.3966939470324
-130.3069740071746	249.847548139909	854.6619341571061
-130.4701950414217	249.9251953667184	854.3463500044902
-130.1350570899642	249.7005647377815	855.1874392359205
-130.1419056910047	249.9291905851479	854.469480510778
-130.270728329486	249.8164952216138	854.768765496766
-130.3069740071746	249.847548139909	854.6619341571061
-130.3736534240782	249.8069365821859	854.7556102688308
-130.1427988322925	249.9140366452989	854.5379724701661
-130.3893590794396	249.8042422990795	854.7424806340425
-130.2913403570332	249.8502664709861	854.674936993149
-130.3021433888294	249.9101947339947	854.4689497018708
-130.2913403570332	249.8502664709861	854.674936993149
-130.2205333899095	249.9091511536539	854.5167112871252
-130.2913403570332	249.8502664709861	854.674936993149
-130.3291736195138	249.7954780683944	854.8121346859305
-130.2544596516211	249.7854785852494	854.8895550000233
-130.3307444958504	250.0068195491322	854.1226743611769
-130.1419056910047	249.9291905851479	854.469480510778
-130.3832641904598	249.9297230591437	854.3891252145471
-130.1664379761127	249.7690136473722	854.9730969374742
-130.3575053726524	249.9190337623537	854.4308861350845
-130.2764419151605	249.8086456155311	854.8161672356852
-130.1935123611258	249.9569314425825	854.3649968201827
-130.1818848205761	249.8465251725805	854.6801118354854
-130.158318750509	249.911320262621	854.5250536454006
-130.1427988322925	249.9140366452989	854.5379724701661
-130.3069740071746	249.847548139909	854.6619341571061
-130.3832641904598	249.9297230591437	854.3891252145471
-130.3622748934143	250.030532016892	854.0359426243898
-130.470725270686	249.9147570821989	854.3562378399993
-130.3587134612326	249.8753643482258	854.5573215482459
-130.3301208681226	249.779960125458	854.8812999603756
-130.3784659839891	249.8893151070835	854.5162646578747
-130.2851618246821	249.8534944166772	854.6757119475292
-130.1285016419293	249.9183826581408	854.5460322583432
-130.2607022915523	249.7822678962332	854.8887059917204
-130.1829809787348	249.8309521477972	854.7494931315567
-130.3886172231786	249.848589864623	854.6141388478438
-130.3148177708154	250.0257727899364	854.0917394103236
-130.2913403570332	249.8502664709861	854.674936993149
-130.5459575823968	249.9959690150856	854.0855180807349
-130.1512976088745	249.9587645067959	854.3974749354729
-130.2478981471183	249.7251524210017	855.0553624223642
-130.2607022915523	249.7822678962332	854.8887059917204
-130.3578642624702	249.7805190442681	854.8283610445858
-130.1442650287501	249.9156335847498	854.5329713633326
-130.3990384152795	249.8446441416935	854.60972644071
-130.3675089567066	249.9033673365119	854.4621254345118
-130.3339811074747	249.9163336692523	854.3999314486543
-130.3419142561248	249.8927604031706	854.5035032989473
-130.3419142561248	249.8927604031706	854.5035032989473
-130.2329935827225	249.8379258152289	854.7297159902364
-130.2756041568682	249.8238992156633	854.7476108918602
-130.2913403570332	249.8502664709861	854.674936993149
-130.1419056910047	249.9291905851479	854.469480510778
-130.4548635074372	249.9174200809746	854.3696118289622
-130.3736534240782	249.8069365821859	854.7556102688308
-130.2585931362822	249.8485525653411	854.6884348248351
-130.2338776630774	249.9155966512757	854.4780395476267
-130.1731307995745	249.9528143870697	854.3836953631607
-130.3587134612326	249.8753643482258	854.5573215482459
-130.3311554246658	249.767083754634	854.8864936937618
-130.3960127648443	250.0046806649716	854.0957676980771
-130.1427988322925	249.9140366452989	854.5379724701661
-130.2851618246821	249.8534944166772	854.6757119475292
-130.2764419151605	249.8086456155311	854.8161672356852
-130.2756041568682	249.8238992156633	854.7476108918602
-130.4170392950273	249.8247495288577	854.7025106157396
-130.3576147791696	249.8900502917072	854.4904073185228
-130.3301208681226	249.779960125458	854.8812999603756
-130.4031820701649	249.9003932629671	854.4633926895667
-130.16655414354	250.0755299338431	853.9966543849204
-130.2567076873838	249.9848559276661	854.2937452153565
-130.3311554246658	249.767083754634	854.8864936937618
-130.3069740071746	249.847548139909	854.6619341571061
-130.1575463430279	249.9555222846243	854.3966939470324
-130.2113654530486	249.9269755687784	854.4618373326657
-130.4232939923543	249.8237016698883	854.6701463094489
-130.1767190561681	249.9134446227908	854.5168991683114
-130.2913403570332	249.8502664709861	854.674936993149
-130.2987107205624	250.076126260067	853.9418600912217
-130.3368787858779	249.8813120157309	854.571140229453
-130.2913403570332	249.8502664709861	854.674936993149
-130.250382694366	249.9428775731911	854.4258963965824
-130.3369383379342	249.8853337919352	854.5249385071335
-130.1892421471961	249.8855251124411	854.6024065805042
-130.1036524269297	249.950447346416	854.4580156352415
-130.1144063673833	249.8307611141524	854.7774205492387
-130.0561943423843	249.9757248598281	854.3920543713235
-130.2702079101415	249.8118685806832	854.816978862222
-130.2920111066787	249.8059186870449	854.8032443252566
-130.5204070392824	249.8219789408624	854.6093982406994
-130.4333180724191	249.920091849505	854.387620217329
-130.3103431296287	249.9110613350064	854.4903115184624
-130.0708738943021	250.017123763319	854.2507938944059
-130.2851618246821	249.8534944166772	854.6757119475292
-130.2809540865773	249.9335254175486	854.4170985806126
-130.2697050239119	250.0214929438509	854.208347701292
-130.049860368982	249.9789654694183	854.3928832287443
-130.1417909121073	249.9085623086845	854.6069524873354
-130.2023880366377	249.8218645328338	854.7778779396319
-130.1838298446589	249.8735591313368	854.6717331346679
-130.0708738943021	250.017123763319	854.2507938944059
-130.1966047894659	249.8854450274893	854.603116460218
-130.302409204132	249.9285580772066	854.4017239261231
-130.0916559082331	249.8829430623021	854.7382525467394
-130.1136311275203	249.8096365302068	854.9016443131057
-130.1487427283745	250.0245999881675	854.2272690482416
-130.2338776630774	249.9155966512757	854.4780395476267
-130.1905420260932	250.0571451630529	854.0717841977629
-130.3942147677021	250.0079574725169	854.1151272784575
-130.1768064252923	249.9425020211233	854.4570876217713
-130.2284426008103	249.970235571527	854.3525586604617
-130.2747359322831	249.9184049919287	854.4849042567996
-130.0561943423843	249.9757248598281	854.3920543713235
-130.1966047894659	249.8854450274893	854.603116460218
-130.1104200524394	249.9929962362677	854.3239872253289
-130.2235346385651	249.8492682218005	854.7447054213859
-130.2235346385651	249.8492682218005	854.7447054213859
-130.4132501244709	249.9277010782269	854.396113422184
-130.049860368982	249.9789654694183	854.3928832287443
-130.1838298446589	249.8735591313368	854.6717331346679
-130.1935939185388	250.0175297833034	854.1826898418788
-130.122445274522	250.0448244927584	854.1461586595175
-130.1184007484482	249.9918959989851	854.3167181030286
-130.2979925295095	250.0220649814172	854.1732249178109
-130.226422155439	249.9342215544981	854.5407795756342
-130.0613657406878	249.8715352649491	854.7053598445533
-130.4015083639927	249.9126659732855	854.42994794653
-130.1867687748937	249.9530816343106	854.4053617325237
-130.2235346385651	249.8492682218005	854.7447054213859
-130.1471853889462	249.9772922633328	854.3321826672505
-130.2438206556649	249.8417118514558	854.7360251746915
-130.4352207383473	250.0371882950171	854.054575018857
-130.049860368982	249.9789654694183	854.3928832287443
-130.231152156659	249.8915224004644	854.6107229340416
-130.252394289595	249.8865310199537	854.5956054648686
-130.0824663011735	249.9554418718141	854.4730628642848
-130.0896593580972	249.9547751528775	854.4658693310228
-130.0645954961909	250.020369228706	854.2515863888609
-130.0478170085505	249.9897459339763	854.4008396676335
-130.1184007484482	249.9918959989851	854.3167181030286
-130.1118823628542	249.7632998171294	855.0359976030585
-130.2993181043802	249.852538607839	854.6994897833436
-130.0325308521316	250.071160639397	854.1971775475583
-130.1036524269297	249.950447346416	854.4580156352415
-130.1859009546476	250.0103138260953	854.2370409392845
-130.183012020319	249.9269094399495	854.5522764829202
-130.3303391022311	249.9313381054685	854.473868705546
-130.1994932345081	250.0508034829211	854.0937130717273
-130.3200964103152	249.904919412245	854.5160400257605
-129.9378463854973	249.9681786700783	854.5679828908624
-130.0683026190844	249.9597796494456	854.4810263582866
-130.2170324158705	249.8958531793014	854.6186973929716
-130.1775965040308	249.8584965275976	854.8135535330957
-130.2008835659333	249.9487508881637	854.3974057247178
-130.1896833264552	249.8822452905875	854.6743105881285
-130.0615339018814	249.9854112095653	854.3931892824238
-130.049860368982	249.9789654694183	854.3928832287443
-130.1740683872564	249.8850084278517	854.6871828763028
-130.1743619192083	249.9168406412221	854.6134428061772
-130.1036524269297	249.950447346416	854.4580156352415
-130.3216663575647	249.9155039974642	854.4621638813039
-130.2091521827777	249.7614981287863	854.9760174283538
-130.1869221229349	249.9603515608954	854.393201053233
-130.3207565750993	249.8475566793456	854.6841750248382
-130.2021625579371	249.8542764201546	854.7598637427413
-130.2598252687087	249.8768400599064	854.6263247671382
-130.2926408410382	249.8782693339641	854.6115640392277
-130.2235346385651	249.8492682218005	854.7447054213859
-130.3067261799146	249.873944635849	854.6036081650011
-130.3289788433046	250.0257171170161	854.1103312979269
-130.1036524269297	249.950447346416	854.4580156352415
-130.2805403986375	250.0358964263473	854.1473708030819
-130.1847917963933	249.919411919094	854.5383547337863
-130.3004163421947	249.9934313403222	854.3422867712185
-130.2116364980534	249.9122074633848	854.5680196114276
-130.1036524269297	249.950447346416	854.4580156352415
-130.2021625579371	249.8542764201546	854.7598637427413
-130.2021625579371	249.8542764201546	854.7598637427413
-130.0560921947304	250.0065458676929	854.3609917137661
-130.3148417362897	250.03006086788	854.1183147604631
-130.1794796762897	249.9537244935605	854.4126991843259
-130.2942919744993	249.9208291692448	854.4838208298821
-130.3206947460646	249.9461347322388	854.4176853114143
-130.2898341396679	250.2187900554048	853.5774087988023
-130.3419327655301	250.0282815696939	854.1651853882951
-130.2413353246614	250.0454304942452	854.1615864144887
-130.0615339018814	249.9854112095653	854.3931892824238
-130.1530445929575	250.0048105580512	854.3006875686154
-130.1471853889462	249.9772922633328	854.3321826672505
-130.3075923959244	249.9198281905374	854.4701330930676
-130.2156975068944	249.990231539144	854.255867324167
-130.3142536545442	249.8941477231632	854.5580826538052
-130.2041879703986	249.8968475471607	854.6318810122953
-130.1245249041945	249.9896280584662	854.3612634007126
-130.2598252687087	249.8768400599064	854.6263247671382
-130.2993181043802	249.852538607839	854.6994897833436
-130.0896593580972	249.9547751528775	854.4658693310228
-130.0824663011735	249.9554418718141	854.4730628642848
-130.1653454522415	249.958060006036	854.4206752593975
-130.2268618879208	249.8033325266497	854.8064147444107
-130.0615339018814	249.9854112095653	854.3931892824238
-130.2103844822862	249.8503252483359	854.7581183420637
-130.1484982696886	249.8828761508974	854.6947691792302
-130.0896593580972	249.9547751528775	854.4658693310228
-130.1484982696886	249.8828761508974	854.6947691792302
-130.0740748600656	249.879635763497	854.7387710259886
-130.2993181043802	249.852538607839	854.6994897833436
-130.2069959553139	249.9454879377588	854.3967863459783
-130.1794796762897	249.9537244935605	854.4126991843259
-130.3438783023564	249.8162915305469	854.7968933028849
-130.1714467887457	249.9204619776349	854.5519013636756
-130.3985864371652	249.8890211794362	854.530698307657
-130.1044192160833	249.996223288133	854.3245849082797
-130.0683026190844	249.9597796494456	854.4810263582866
-130.0358915193934	249.9832858033689	854.4007432924323
-130.0364406875237	250.0509091634758	854.1789801704683
-130.2875273792889	249.8869905433597	854.543280508425
-130.0771622175582	250.0015892432019	854.3460359132322
-130.237494678415	249.8449468868114	854.7368544433438
-130.3348384153597	249.8432323658056	854.6762219125394
-130.0556532916803	249.9607660633199	854.4940969279857
-130.2170324158705	249.8958531793014	854.6186973929716
-130.2239552102681	249.8492730497724	854.7444076294779
-130.1790737778924	249.8887089964948	854.6253865096195
-130.2008835659333	249.9487508881637	854.3974057247178
-130.2871070865849	249.899437989043	854.5795555209158
-130.2030364910033	249.9221969271252	854.5380853689522
-130.2285014483569	249.9438397234007	854.416470641381
-130.1964362291444	249.8867928348629	854.5863951458147
-130.2993181043802	249.852538607839	854.6994897833436
-130.0922496727995	250.0588986780428	854.1478216050594
-130.3112097175749	249.741762740729	854.9787479672423
-130.3021433888294	249.9101947339947	854.4689497018708
-130.0506381383607	250.0246890706017	854.2594595390993
-130.1714467887457	249.9204619776349	854.5519013636756
-130.0957162268697	249.9515530346763	854.4652344808791
-130.3348384153597	249.8432323658056	854.6762219125394
-130.3348384153597	249.8432323658056	854.6762219125394
-130.4275558501639	249.9296836662039	854.4128615944851
-130.2384457773403	249.8908518515585	854.6034694649777
-130.2235346385651	249.8492682218005	854.7447054213859
-130.231152156659	249.8915224004644	854.6107229340416
-130.1626053356019	249.8785522879222	854.6868017864739
-130.3207565750993	249.8475566793456	854.6841750248382
-130.148814855253	250.0697358535558	854.0957592935017
-130.1606103549295	249.9319678922969	854.5178994031967
-130.252394289595	249.8865310199537	854.5956054648686
-130.1637953662547	249.9399209308945	854.4919648212625
-130.2156975068944	249.990231539144	854.255867324167
-130.1842639977239	250.0604195878494	854.0725036788008
-130.0624932798215	249.9601536025253	854.4871998455799
-130.1116478206548	249.9865888482753	854.3554792164897
-130.4012818954666	249.7939064397977	854.7814279760896
-130.0830211413596	250.0012209903505	854.3398114738272
-130.1928443566353	249.9498356885063	854.4047624916957
-130.2384457773403	249.8908518515585	854.6034694649777
-130.1660861622367	250.0257657016694	854.1986385254583
-130.1161748166446	250.0480854471904	854.1469076945546
-130.2993181043802	249.852538607839	854.6994897833436
-130.2162935341524	249.8499450601213	854.7519028659997
-130.436258648907	249.823176284808	854.6799270336244
-130.2981124570948	249.9549248815217	854.3933011372927
-130.3283440397126	249.8898191426956	854.5500958273294
-130.1867687748937	249.9530816343106	854.4053617325237
-130.252394289595	249.8865310199537	854.5956054648686
-130.2235346385651	249.8492682218005	854.7447054213859
-130.1902380650535	249.8886912028401	854.6039400369788
-130.2672095512143	249.876184888882	854.6189690846984
-130.2680734516639	249.9440562896302	854.3969820606947
-130.1838166174352	249.9352149581956	854.477752352145
-130.1044192160833	249.996223288133	854.3245849082797
-130.1184007484482	249.9918959989851	854.3167181030286
-130.132237832369	250.0904579919581	854.0020607034827
-130.0683026190844	249.9597796494456	854.4810263582866
-130.2052810002691	249.9677753701268	854.3918127209101
-130.2080741306693	249.8511056510447	854.7592643716713
-130.252394289595	249.8865310199537	854.5956054648686
-130.231152156659	249.8915224004644	854.6107229340416
-130.3678115334389	249.8650727375206	854.6048093251351
-130.1036524269297	249.950447346416	854.4580156352415
-130.1184007484482	249.9918959989851	854.3167181030286
-130.0683026190844	249.9597796494456	854.4810263582866
-130.0645954961909	250.020369228706	854.2515863888609
-130.0896593580972	249.9547751528775	854.4658693310228
-130.2049241567834	249.9118673648526	854.5296979297376
-130.1774507097834	249.9200848782177	854.5456222117643
-130.1629666195153	250.0653938923447	854.0877583417818
-130.1487427283745	250.0245999881675	854.2272690482416
-130.2606693350388	249.9227261392508	854.492897533683
-130.0204306930406	249.9851087495147	854.4153219545851
-130.2586646140944	249.8832910974443	854.594812655186
-130.1892817598143	249.9041016878743	854.5348390448289
-130.1987161351526	249.9150985296336	854.5304844282942
-129.9585567227661	249.920224310689	854.6380242318968
-130.1626053356019	249.8785522879222	854.6868017864739
-130.148651118329	250.0014094613204	854.3320322893026
-130.231152156659	249.8915224004644	854.6107229340416
-130.0910784743616	249.7655806648654	855.0561127443762
-130.4091563032207	249.7294084446538	854.9784526748309
-130.3013764931967	249.8950915703441	854.5714489795855
-130.2235346385651	249.8492682218005	854.7447054213859
-130.2871070865849	249.899437989043	854.5795555209158
-130.4394085037852	250.020351930829	854.0788260127435
-130.0506381383607	250.0246890706017	854.2594595390993
-130.1987161351526	249.9150985296336	854.5304844282942
-130.250382694366	249.9428775731911	854.4258963965824
-130.1044192160833	249.996223288133	854.3245849082797
-130.1036524269297	249.950447346416	854.4580156352415
-130.2531470464136	249.9025416279246	854.5384261615191
-130.1036524269297	249.950447346416	854.4580156352415
-130.2821158054355	250.1746886666051	853.6829044559997
-130.2041879703986	249.8968475471607	854.6318810122953
-130.0561943423843	249.9757248598281	854.3920543713235
-130.231152156659	249.8915224004644	854.6107229340416
-130.2880594618121	249.9145280931289	854.4769430922995
-130.1838298446589	249.8735591313368	854.6717331346679
-130.0971735797317	249.9968838070182	854.3318343114984
-130.3416826121492	249.8859359834549	854.5421421355403
-130.3045465764284	249.9595774724231	854.3594151595472
-130.1064052673261	249.8103384459235	854.9087355242837
-129.9261196732212	249.9437100229975	854.557965947128
-130.1690201237651	250.0621676970962	854.0871608539367
-130.1653454522415	249.958060006036	854.4206752593975
-130.2384457773403	249.8908518515585	854.6034694649777
-130.3874274766221	249.916995246399	854.4379243470984
-130.1165131986268	250.0931603189751	854.0152168420919
-130.2235346385651	249.8492682218005	854.7447054213859
-130.2672095512143	249.876184888882	854.6189690846984
-129.9411284513981	249.9728822589237	854.4305017053555
-130.2021625579371	249.8542764201546	854.7598637427413
-130.1118823628542	249.7632998171294	855.0359976030585
-130.0809208043811	249.9468535687356	854.4990679372507
-130.1900418013942	249.901191406824	854.6398829314574
-130.0233170776668	249.9419864857284	854.4977749376662
-130.1036524269297	249.950447346416	854.4580156352415
-130.0342620673071	249.9526359585586	854.4656072664732
-130.209403209731	249.8756744805538	854.6641834153472
-130.1184007484482	249.9918959989851	854.3167181030286
-130.1454522884123	249.8614540646385	854.7177891893729
-130.0443335628754	249.7962497938396	854.9788103934068
-130.2153692716449	249.8875483278171	854.6438091859463
-130.28050516089	249.9340864611385	854.4385090533767
-130.1939299303427	249.8925475696005	854.6590447197041
-130.1987161351526	249.9150985296336	854.5304844282942
-130.2384457773403	249.8908518515585	854.6034694649777
-130.2015940957128	249.9945617663882	854.263836748527
-130.3387917761995	249.8248624157756	854.7408508673047
-130.0708738943021	250.017123763319	854.2507938944059
-130.1891041524227	249.9583580994459	854.4721762180701
-130.2235346385651	249.8492682218005	854.7447054213859
-130.1494620021683	249.9597993111979	854.4229411462907
-130.2300814284467	249.8460498156345	854.7436750309209
-130.2162935341524	249.8499450601213	854.7519028659997
-130.0923685422266	249.8604137651261	854.8267271366658
-130.1698940231232	249.8778729989349	854.6795904409373
-130.1899033988793	249.9320121806079	854.4770865098881
-130.0830211413596	250.0012209903505	854.3398114738272
-130.2235346385651	249.8492682218005	854.7447054213859
-130.1900418013942	249.901191406824	854.6398829314574
-130.1484982696886	249.8828761508974	854.6947691792302
-129.9415826400671	249.8696945481102	854.8061806527309
-130.1889132668059	249.9265281172826	854.5460624773434
-130.1481407071239	249.9237090473755	854.5391069804032
-130.2600307837152	250.0426515421387	854.1224559236355
-130.0556532916803	249.9607660633199	854.4940969279857
-130.1896904891282	249.9514942506899	854.4392402858718
-130.0279477196121	250.0371361964365	854.2883182322953
-130.3134196045339	249.8482094870616	854.6915165308139
-130.3244282142015	249.9316918176515	854.4801924085
-130.3303391022311	249.9313381054685	854.473868705546
-130.2722610702208	249.8578414543256	854.7208425672084
-130.237494678415	249.8449468868114	854.7368544433438
-130.1300365257098	249.9637478725327	854.4126230058522
-130.2467087805976	249.8180404492911	854.8572421340131
-130.3796993553113	250.0201434449301	854.1449370965997
-130.0866175927667	249.9286502393043	854.6002132752718
-130.0548716243277	250.0318040001914	854.2671648874851
-130.0414642194764	249.9651168976107	854.5020872584016
-130.0543451631054	249.9860815539946	854.4003675229766
-130.1530445929575	250.0048105580512	854.3006875686154
-130.1590989827487	249.9465375046687	854.5275380517472
-130.2499814598911	250.0413046048047	854.1627686469735
-130.0724473536651	249.9329965683052	854.6082017668638
-130.2875156437449	250.0373643103371	854.1005127295628
-130.1831106970907	250.0827579718864	854.0766979518439
-130.2722610702208	249.8578414543256	854.7208425672084
-130.1653454522415	249.958060006036	854.4206752593975
-130.102127437357	249.9233481015325	854.6007430386046
-130.1900418013942	249.901191406824	854.6398829314574
-130.0724473536651	249.9329965683052	854.6082017668638
-130.1076031539095	250.0342486761445	854.2565620614561
-130.0572532734001	249.9944504875519	854.4486721834827
-130.1383498454408	249.9633496465332	854.4420228766871
-130.1653454522415	249.958060006036	854.4206752593975
-130.0808898327535	249.8496866687777	854.8837985525686
-130.1841428601691	249.9727092529743	854.4069101339975
-130.0702705644657	250.0021957024045	854.3529872260399
-130.2993181043802	249.852538607839	854.6994897833436
-130.2357003770896	250.0004598708147	854.3023145140585
-130.0654532238651	249.8658214351946	854.8475904739691
-130.2499938065569	249.9961064397625	854.2941961571348
-130.0414642194764	249.9651168976107	854.5020872584016
-130.0683026190844	249.9597796494456	854.4810263582866
-130.2045748485273	250.0325444263014	854.1960199244901
-130.1653454522415	249.958060006036	854.4206752593975
-130.1345798616993	250.0289425359865	854.2352564736661
-130.1774098917693	249.9615051621166	854.51309314908
-130.4416799674316	249.9253416613987	854.4048604099829
-130.0724473536651	249.9329965683052	854.6082017668638
-130.1740683872564	249.8850084278517	854.6871828763028
-130.1282324487617	249.9647900749092	854.4380445663352
-130.2410310398254	249.9604041851043	854.364383697044
-130.2722610702208	249.8578414543256	854.7208425672084
-130.087146472843	249.9744578473118	854.4671773469443
-130.0414642194764	249.9651168976107	854.5020872584016
-130.1841428601691	249.9727092529743	854.4069101339975
-130.1653454522415	249.958060006036	854.4206752593975
-130.2318915735086	250.0196583765434	854.2016919637937
-130.3176323175625	249.8675575532184	854.684978600219
-130.1391842219877	250.0310325370695	854.2199597796766
-130.3181998204431	249.8495621811667	854.6909442358736
-130.2993181043802	249.852538607839	854.6994897833436
-130.0896593580972	249.9547751528775	854.4658693310228
-130.2416401416322	249.9289567355003	854.5355441033333
-130.3560947014001	249.9575444845593	854.2930287880554
-130.3018114937659	249.7686144394517	854.8937571538871
-130.0341908158325	249.8769147713265	854.7266376774725
-130.0971735797317	249.9968838070182	854.3318343114984
-130.3588734819348	249.8579331196026	854.6555437372297
-130.160355515683	250.0396117300533	854.1935358710936
-130.1140990668076	249.9691226852947	854.4460199030621
-130.0949927010639	249.8453609957014	854.8758118091121
-130.0531237862683	250.0212448807792	854.3211769067212
-130.2467087805976	249.8180404492911	854.8572421340131
-130.2021625579371	249.8542764201546	854.7598637427413
-130.1013060146168	249.9701121787214	854.4591747428253
-130.0866175927667	249.9286502393043	854.6002132752718
-130.2416401416322	249.9289567355003	854.5355441033333
-130.1799903728922	250.0376865194539	854.2021094157041
-130.3207565750993	249.8475566793456	854.6841750248382
-130.1140990668076	249.9691226852947	854.4460199030621
-130.2346508632512	249.8649848985798	854.7372687697633
-130.0702705644657	250.0021957024045	854.3529872260399
-130.0866175927667	249.9286502393043	854.6002132752718
-130.1116478206548	249.9865888482753	854.3554792164897
-130.1217494896713	250.0750299130755	854.1171827698315
-130.167346125035	250.0004578693355	854.292578284097
-130.1653454522415	249.958060006036	854.4206752593975
-130.1206184168431	250.1002325233379	854.0231741065152
-130.1140990668076	249.9691226852947	854.4460199030621
-130.2056732951435	249.8277283268579	854.8862442262189
-130.1227186043866	249.7827293614715	855.021894863458
-130.2987617601908	250.0310874047626	854.1255693854229
-130.2830627022464	249.9645649965591	854.3747826973002
-130.1799903728922	250.0376865194539	854.2021094157041
-130.1653454522415	249.958060006036	854.4206752593975
-130.3176323175625	249.8675575532184	854.684978600219
-130.2205234943542	249.8693242470695	854.7452688026331
-130.1428128896972	250.0249529038747	854.2335873680547
-130.1282324487617	249.9647900749092	854.4380445663352
-130.0724473536651	249.9329965683052	854.6082017668638
-130.2537219375533	249.9851719009802	854.3541203580893
-130.2816425177835	250.058817325757	854.0111769130926
-130.210511313546	249.9215850307971	854.5188755705386
-130.1841428601691	249.9727092529743	854.4069101339975
-130.0783414022613	249.9895019167946	854.4336942849321
-130.1900418013942	249.901191406824	854.6398829314574
-130.0321567828538	249.9576771989651	854.5039532788236
-129.9631486675375	249.9305221273332	854.5980641536551
-130.231152156659	249.8915224004644	854.6107229340416
-130.1036524269297	249.950447346416	854.4580156352415
-130.2112516567847	249.9674218679345	854.3854654443358
-130.1752623771341	249.8596271770522	854.7809297253081
-130.1801298469013	249.9995333390202	854.27922008337
-130.2170324158705	249.8958531793014	854.6186973929716
-130.1345798616993	250.0289425359865	854.2352564736661
-130.1629666195153	250.0653938923447	854.0877583417818
-130.2993181043802	249.852538607839	854.6994897833436
-130.1740369837743	249.810328022259	854.9188153976996
-130.0526599111712	249.9336696470483	854.5530679899064
-130.3283440397126	249.8898191426956	854.5500958273294
-130.0556532916803	249.9607660633199	854.4940969279857
-130.1346425522788	249.9183182466371	854.5641675943515
-130.2606693350388	249.9227261392508	854.492897533683
-130.1287031250814	250.0292989707743	854.2415364983228
-130.3944557899343	249.9585889245658	854.3056819757256
-130.0971735797317	249.9968838070182	854.3318343114984
-130.0896593580972	249.9547751528775	854.4658693310228
-130.0683026190844	249.9597796494456	854.4810263582866
-130.0988724143976	249.9875303446853	854.3687579640252
-130.0830211413596	250.0012209903505	854.3398114738272
-130.2325968364694	249.8223672128433	854.8652012285293
-130.0702705644657	250.0021957024045	854.3529872260399
-130.188674483268	250.0760541382732	854.0459770811831
-130.1166777713946	249.9295445085863	854.4987951425137
-130.1794796762897	249.9537244935605	854.4126991843259
-130.1036524269297	249.950447346416	854.4580156352415
-130.2828086230209	249.919301204488	854.5062485521212
-130.3283440397126	249.8898191426956	854.5500958273294
-130.0683026190844	249.9597796494456	854.4810263582866
-130.007758024666	250.0138831975993	854.3280936304753
-130.0617861029996	249.9576097292127	854.4934190877996
-130.2162935341524	249.8499450601213	854.7519028659997
-130.0286508388885	249.9839550163821	854.4079506024975
-130.2111269704978	249.8962311534096	854.6249257548357
-130.0807553023481	250.0573963863663	854.1701084659471
-130.1566507432594	249.8789352002537	854.693029716319
-130.237494678415	249.8449468868114	854.7368544433438
-130.049906332256	249.7780363479813	855.0795158995732
-130.0971735797317	249.9968838070182	854.3318343114984
-130.231152156659	249.8915224004644	854.6107229340416
-130.2993181043802	249.852538607839	854.6994897833436
-130.2391829635868	249.8100691636681	854.817094211493
-130.0556532916803	249.9607660633199	854.4940969279857
-130.297181786462	249.9602294093143	854.3667846119494
-130.2064033066656	250.0922046622975	853.9614265125517
-130.0227427066737	249.9843281838307	854.4141746842695
-130.308257752291	249.8945035394152	854.5644440873315
-130.3498034664187	249.8848488622481	854.5347315772918
-130.248317856813	249.7682274804581	854.9695376964077
-130.1075703519746	249.9236935054089	854.5854035544214
-130.1702835298037	250.0647518255473	854.0803931568089
-130.1405178386735	250.0236898030604	854.2060284074638
-130.0971735797317	249.9968838070182	854.3318343114984
-130.237494678415	249.8449468868114	854.7368544433438
-130.1427146574076	249.9448781590756	854.5069321966428
-130.1842639977239	250.0604195878494	854.0725036788008
-130.1184007484482	249.9918959989851	854.3167181030286
-130.1050913399649	249.9120488723234	854.6083922024777
-130.2384457773403	249.8908518515585	854.6034694649777
-130.1847917963933	249.919411919094	854.5383547337863
-129.918894149527	249.944404194184	854.565066955233
-130.2041879703986	249.8968475471607	854.6318810122953
-130.2077712953684	249.8231140348753	854.8166922566899
-130.2008835659333	249.9487508881637	854.3974057247178
-130.2809540865773	249.9335254175486	854.4170985806126
-130.1774507097834	249.9200848782177	854.5456222117643
-130.3145890674072	249.9720444807701	854.3325877437171
-130.1373520616501	249.9630827567969	854.4053471798039
-130.0896593580972	249.9547751528775	854.4658693310228
-130.2540741020736	249.8881167952449	854.5904932420824
-130.0506381383607	250.0246890706017	854.2594595390993
-130.0739157768478	249.8339319136682	854.8287898493089
-130.2586646140944	249.8832910974443	854.594812655186
-130.0668157049999	249.9293342393991	854.5451119279501
-130.3175860681092	249.8270444436338	854.7616141856226
-130.2638250182354	249.8556827846818	854.6965146745429
-130.3300432840423	249.927255347429	854.4468694002951
-130.1758172101393	249.8746741082907	854.6789678781314
-130.1891997276217	249.9419808047268	854.438396519456
-130.3408803944472	249.8399836809132	854.6756085135871
-130.2384457773403	249.8908518515585	854.6034694649777
-130.2816425177835	250.058817325757	854.0111769130926
-130.1699999692893	250.0196191209769	854.2120825376646
-130.2283223598889	249.8589532901678	854.7064996335166
-130.2223954163002	249.8467582638872	854.7511945971654
-130.2847732112591	249.7745842042511	854.8842056923771
-130.222806897679	249.9802725316558	854.3254674863442
-130.2879458186512	249.7950893597875	854.8130864012458
-130.1240409833853	249.9368124236486	854.5399174363462
-130.4033033446383	249.570982482216	855.5162771129517
-130.3338919506818	249.8185380910083	854.813800196892
-130.6198406865045	249.5756807978269	855.2792290875366
-130.4116909517562	249.7244741415899	854.9439419659631
-130.6208782495145	249.699769937116	854.9008348575169
-130.3780512465926	249.6983295579117	855.1356496952914
-130.2829194430446	249.7696041525462	854.9274053598499
-130.4705543158554	249.9375793365683	854.3140200781635
-130.2854677092128	249.7716814446856	854.9106515640447
-130.2153356169537	249.8618227301039	854.6906432109457
-130.4106429053972	249.8464874618823	854.6430647768287
-130.3297256892267	249.7922023137438	854.8087317379465
-130.3721438872519	249.6963792620767	855.0901261080785
-130.333773132588	249.8226292864258	854.7995818316344
-130.3724569691357	249.849025848177	854.585588229435
-130.5638233554782	249.808975797577	854.673807456015
-130.2589360838662	249.7770681385658	854.9314138983646
-130.3310631992657	249.6860746257108	855.1860795060882
-130.4646362276366	249.8985849074426	854.4108014784817
-130.3209638274546	249.7736438545981	854.9259227788964
-130.421571759974	249.8871974816392	854.500268917642
-130.3236633530466	249.7598620568753	854.8986973048196
-130.308496430245	249.7972535282051	854.8237001310963
-130.2857303127825	249.765276290034	854.940978619109
-130.3094527539543	249.7642214571643	854.9066190790739
-130.2890280696645	249.8323337717976	854.7313676414982
-130.0731580261951	249.72225897935	855.187366898234
-130.3074123102452	249.7458422941173	854.9445814892468
-130.0149197764081	249.8457998618927	854.855151442061
-130.3044637243897	249.7671596937433	854.927146101648
-130.287645384004	249.7257026574876	855.0634357969947
-130.2602426729727	249.8931584051635	854.5558188367987
-130.2782384585244	250.0180256666083	854.1267561325652
-130.3400951090067	249.7319214576019	855.012687999347
-130.4374243094204	249.8297807225886	854.6633622777164
-130.3400951090067	249.7319214576019	855.012687999347
-130.4255984152839	249.7998090960452	854.7820688688574
-130.3428857338621	249.727589611669	855.0262638835292
-130.246399459687	249.5686468829035	855.5192393124153
-130.3428857338621	249.727589611669	855.0262638835292
-130.3265194567416	249.7745919336497	854.8187485143762
-130.5208024905395	249.8980770564188	854.4168459274829
-130.3442858287505	249.857230859486	854.6303708589174
-130.3371727756518	249.6448694005829	855.2360796443489
-130.4942197962584	249.7537368030198	854.8238103054179
-130.3893229752701	249.5765578596153	855.4279806278952
-130.4106429053972	249.8464874618823	854.6430647768287
-130.4553843779556	249.7447401776624	854.8529532951784
-130.2916207219895	249.8347839187214	854.7132468219629
-130.5626824833973	249.8247226772447	854.6109568691131
-130.2855826893365	249.7675833146126	854.9248646636665
-130.2777784755875	249.8294179750192	854.7178415761749
-130.2951100619904	249.7383275943755	855.0487710740532
-130.6073340036272	249.8137604328994	854.5654124028398
-130.2842710976517	249.805074628344	854.8267964913184
-130.3094527539543	249.7642214571643	854.9066190790739
-130.3928297118932	249.8210639316689	854.7028385001438
-130.2954675281771	249.774331677466	854.8670646682332
-130.2322815874136	249.781057732784	854.869736973582
-130.4536157922377	249.7973599184965	854.756796381699
-130.3970316722435	249.8880199507372	854.5123068836037