[459.9752807617188, 444.9183959960938, 476.3246154785156, 459.1193237304688;
 496.5152587890625, 458.77294921875, 464.0565185546875, 448.1030883789063][459.9752807617188, 444.9183959960938, 476.3246154785156, 459.1193237304688, 585.6150512695313, 627.8349609375, 584.6919555664063, 543.2084350585938;
 496.5152587890625, 458.77294921875, 464.0565185546875, 448.1030883789063, 468.9174499511719, 519.2318725585938, 557.6502075195313, 530.918701171875][514.4075317382813, 555.8074340820313, 512.9029541015625, 471.510498046875;
 452.9255676269531, 504.256103515625, 544.2545166015625, 517.258544921875][514.4075317382813, 555.8074340820313, 512.9029541015625, 471.510498046875, 381.341552734375, 368.7596435546875, 396.760009765625, 381.8171691894531;
 452.9255676269531, 504.256103515625, 544.2545166015625, 517.258544921875, 482.3204345703125, 442.6336059570313, 448.246826171875, 431.471435546875][584.9629516601563, 627.34765625, 584.462646484375, 542.8880004882813;
 468.6519165039063, 518.8072509765625, 557.3560180664063, 530.8179321289063][584.9629516601563, 627.34765625, 584.462646484375, 542.8880004882813, 459.9626159667969, 444.9120178222656, 476.3187866210938, 459.1029663085938;
 468.6519165039063, 518.8072509765625, 557.3560180664063, 530.8179321289063, 496.5192260742188, 458.7765808105469, 464.0563659667969, 448.1007690429688][513.6051025390625, 555.1821899414063, 512.56787109375, 471.0531921386719;
 452.6698608398438, 503.8208923339844, 543.9998779296875, 517.1520385742188][513.6051025390625, 555.1821899414063, 512.56787109375, 471.0531921386719, 381.3354187011719, 368.7622985839844, 396.7645874023438, 381.8042297363281;
 452.6698608398438, 503.8208923339844, 543.9998779296875, 517.1520385742188, 482.3184204101563, 442.6332397460938, 448.2518310546875, 431.4646911621094][584.9080200195313, 627.3095092773438, 584.4296264648438, 542.8536376953125;
 468.5888061523438, 518.7216796875, 557.2908935546875, 530.7642822265625][584.9080200195313, 627.3095092773438, 584.4296264648438, 542.8536376953125, 459.9664306640625, 444.9172058105469, 476.3158874511719, 459.1176147460938;
 468.5888061523438, 518.7216796875, 557.2908935546875, 530.7642822265625, 496.5002746582031, 458.77099609375, 464.0541687011719, 448.0982971191406][513.5573120117188, 555.154052734375, 512.5428466796875, 471.0275573730469;
 452.60693359375, 503.7352905273438, 543.931884765625, 517.1106567382813][513.5573120117188, 555.154052734375, 512.5428466796875, 471.0275573730469, 381.33447265625, 368.7667846679688, 396.7720642089844, 381.8144836425781;
 452.60693359375, 503.7352905273438, 543.931884765625, 517.1106567382813, 482.3216247558594, 442.6316528320313, 448.2552795410156, 431.4670715332031][585.0392456054688, 627.430419921875, 584.503662109375, 542.9398193359375;
 468.6709899902344, 518.8444213867188, 557.3861694335938, 530.8295288085938][585.0392456054688, 627.430419921875, 584.503662109375, 542.9398193359375, 459.9625244140625, 444.9200134277344, 476.3283996582031, 459.1147766113281;
 468.6709899902344, 518.8444213867188, 557.3861694335938, 530.8295288085938, 496.5139770507813, 458.7804565429688, 464.0722961425781, 448.1045532226563][513.73095703125, 555.2832641601563, 512.6411743164063, 471.1382751464844;
 452.6820373535156, 503.8453369140625, 544.0091552734375, 517.1571044921875][513.73095703125, 555.2832641601563, 512.6411743164063, 471.1382751464844, 381.3471069335938, 368.7799072265625, 396.7824096679688, 381.8246765136719;
 452.6820373535156, 503.8453369140625, 544.0091552734375, 517.1571044921875, 482.3388366699219, 442.6376953125, 448.2553405761719, 431.4743957519531][584.9102783203125, 627.3470458984375, 584.472412109375, 542.8711547851563;
 468.54345703125, 518.6812133789063, 557.2721557617188, 530.7559204101563][584.9102783203125, 627.3470458984375, 584.472412109375, 542.8711547851563, 459.9743347167969, 444.9162902832031, 476.3225402832031, 459.1200256347656;
 468.54345703125, 518.6812133789063, 557.2721557617188, 530.7559204101563, 496.5220642089844, 458.7866821289063, 464.0793151855469, 448.1065063476563][513.5869140625, 555.2201538085938, 512.6007080078125, 471.0638427734375;
 452.5639038085938, 503.6787109375, 543.9172973632813, 517.0979614257813][513.5869140625, 555.2201538085938, 512.6007080078125, 471.0638427734375, 381.3295593261719, 368.7669067382813, 396.7621154785156, 381.8017578125;
 452.5639038085938, 503.6787109375, 543.9172973632813, 517.0979614257813, 482.3396301269531, 442.6549682617188, 448.2739562988281, 431.4774169921875][584.97216796875, 627.3787841796875, 584.4920043945313, 542.908935546875;
 468.6232299804688, 518.7684326171875, 557.3333129882813, 530.8004150390625][584.97216796875, 627.3787841796875, 584.4920043945313, 542.908935546875, 459.9724731445313, 444.9282836914063, 476.334228515625, 459.1161193847656;
 468.6232299804688, 518.7684326171875, 557.3333129882813, 530.8004150390625, 496.5135803222656, 458.782470703125, 464.0624084472656, 448.098876953125][513.6746215820313, 555.2699584960938, 512.636474609375, 471.1064453125;
 452.6232604980469, 503.7657470703125, 543.9732055664063, 517.1305541992188][513.6746215820313, 555.2699584960938, 512.636474609375, 471.1064453125, 381.3442077636719, 368.7731323242188, 396.7785339355469, 381.8257141113281;
 452.6232604980469, 503.7657470703125, 543.9732055664063, 517.1305541992188, 482.3233642578125, 442.6286010742188, 448.2597045898438, 431.4691772460938][459.9749145507813, 444.9268493652344, 476.3263854980469, 459.1179504394531;
 496.5004577636719, 458.7718811035156, 464.0650329589844, 448.1017456054688][459.9749145507813, 444.9268493652344, 476.3263854980469, 459.1179504394531, 585.0776977539063, 627.4592895507813, 584.5209350585938, 542.959228515625;
 496.5004577636719, 458.7718811035156, 464.0650329589844, 448.1017456054688, 468.7855529785156, 518.9562377929688, 557.4992065429688, 530.9076538085938][513.7650756835938, 555.3148193359375, 512.6654052734375, 471.1501770019531;
 452.7952880859375, 503.9681091308594, 544.1209106445313, 517.2501220703125][513.7650756835938, 555.3148193359375, 512.6654052734375, 471.1501770019531, 381.3413696289063, 368.7722778320313, 396.7708129882813, 381.8234558105469;
 452.7952880859375, 503.9681091308594, 544.1209106445313, 517.2501220703125, 482.3290405273438, 442.6489562988281, 448.2616271972656, 431.4762268066406][459.9786987304688, 444.9186706542969, 476.3248596191406, 459.1165466308594;
 496.5039978027344, 458.7745361328125, 464.048828125, 448.0953063964844][459.9786987304688, 444.9186706542969, 476.3248596191406, 459.1165466308594, 585.3184204101563, 627.6904296875, 584.6511840820313, 543.10546875;
 496.5039978027344, 458.7745361328125, 464.048828125, 448.0953063964844, 468.8382263183594, 519.066162109375, 557.5713500976563, 530.9318237304688][514.0684814453125, 555.6011962890625, 512.844482421875, 471.3604125976563;
 452.8570556640625, 504.0709228515625, 544.184326171875, 517.26904296875][514.0684814453125, 555.6011962890625, 512.844482421875, 471.3604125976563, 381.3498840332031, 368.7657470703125, 396.7815246582031, 381.8206481933594;
 452.8570556640625, 504.0709228515625, 544.184326171875, 517.26904296875, 482.3244934082031, 442.62255859375, 448.2438659667969, 431.4575805664063][585.0814208984375, 627.528564453125, 584.5897216796875, 542.9973754882813;
 468.6275024414063, 518.7900390625, 557.3460083007813, 530.8159790039063][585.0814208984375, 627.528564453125, 584.5897216796875, 542.9973754882813, 459.9788818359375, 444.925048828125, 476.3377990722656, 459.1204528808594;
 468.6275024414063, 518.7900390625, 557.3460083007813, 530.8159790039063, 496.4983520507813, 458.7691040039063, 464.0455627441406, 448.088623046875][513.8313598632813, 555.4404907226563, 512.7723388671875, 471.2295227050781;
 452.6374206542969, 503.7801818847656, 543.98828125, 517.1406860351563][513.8313598632813, 555.4404907226563, 512.7723388671875, 471.2295227050781, 381.342529296875, 368.7746276855469, 396.7763671875, 381.8190612792969;
 452.6374206542969, 503.7801818847656, 543.98828125, 517.1406860351563, 482.3085021972656, 442.607177734375, 448.2370910644531, 431.4481811523438][584.79638671875, 627.2868041992188, 584.4555053710938, 542.8275146484375;
 468.4666137695313, 518.5697021484375, 557.2054443359375, 530.7203979492188][584.79638671875, 627.2868041992188, 584.4555053710938, 542.8275146484375, 459.9658813476563, 444.90576171875, 476.3238525390625, 459.1133422851563;
 468.4666137695313, 518.5697021484375, 557.2054443359375, 530.7203979492188, 496.49072265625, 458.7630310058594, 464.0505676269531, 448.0939331054688][513.48046875, 555.1914672851563, 512.6018676757813, 471.0191650390625;
 452.47265625, 503.5510864257813, 543.8448486328125, 517.0662841796875][513.48046875, 555.1914672851563, 512.6018676757813, 471.0191650390625, 381.3422546386719, 368.7716674804688, 396.7710266113281, 381.8107299804688;
 452.47265625, 503.5510864257813, 543.8448486328125, 517.0662841796875, 482.3031616210938, 442.6063537597656, 448.2237243652344, 431.4498596191406][584.7918090820313, 627.3370361328125, 584.4951782226563, 542.8466186523438;
 468.2248229980469, 518.2766723632813, 556.9852294921875, 530.5405883789063][584.7918090820313, 627.3370361328125, 584.4951782226563, 542.8466186523438, 459.963134765625, 444.9118041992188, 476.3209838867188, 459.1127624511719;
 468.2248229980469, 518.2766723632813, 556.9852294921875, 530.5405883789063, 496.4926147460938, 458.7519226074219, 464.0425109863281, 448.0855407714844][513.5820922851563, 555.3046875, 512.691650390625, 471.1069030761719;
 452.2257690429688, 503.2648010253906, 543.594970703125, 516.8926391601563][513.5820922851563, 555.3046875, 512.691650390625, 471.1069030761719, 381.3356628417969, 368.7530212402344, 396.7572937011719, 381.80615234375;
 452.2257690429688, 503.2648010253906, 543.594970703125, 516.8926391601563, 482.3177490234375, 442.6109924316406, 448.2420043945313, 431.4499816894531][584.5656127929688, 627.1707153320313, 584.3807983398438, 542.6891479492188;
 468.1166381835938, 518.1111450195313, 556.8682861328125, 530.4480590820313][584.5656127929688, 627.1707153320313, 584.3807983398438, 542.6891479492188, 459.9586791992188, 444.9037780761719, 476.3130493164063, 459.1100769042969;
 468.1166381835938, 518.1111450195313, 556.8682861328125, 530.4480590820313, 496.4966430664063, 458.7643432617188, 464.0399169921875, 448.0897521972656][513.3588256835938, 555.1673583984375, 512.5897216796875, 470.962890625;
 452.0942687988281, 503.0874938964844, 543.466796875, 516.8242797851563][513.3588256835938, 555.1673583984375, 512.5897216796875, 470.962890625, 381.3273620605469, 368.7551879882813, 396.77197265625, 381.8104858398438;
 452.0942687988281, 503.0874938964844, 543.466796875, 516.8242797851563, 482.3071899414063, 442.6144409179688, 448.2310791015625, 431.4548950195313][584.8970336914063, 627.4263305664063, 584.526611328125, 542.883544921875;
 468.3594360351563, 518.4673461914063, 557.1276245117188, 530.6432495117188][584.8970336914063, 627.4263305664063, 584.526611328125, 542.883544921875, 459.9649047851563, 444.9117736816406, 476.3273010253906, 459.1162719726563;
 468.3594360351563, 518.4673461914063, 557.1276245117188, 530.6432495117188, 496.5046997070313, 458.762939453125, 464.0430603027344, 448.0934143066406][513.73583984375, 555.4189453125, 512.7481689453125, 471.1654357910156;
 452.3657836914063, 503.4630126953125, 543.7620239257813, 516.9853515625][513.73583984375, 555.4189453125, 512.7481689453125, 471.1654357910156, 381.3391418457031, 368.7714538574219, 396.7652587890625, 381.8032836914063;
 452.3657836914063, 503.4630126953125, 543.7620239257813, 516.9853515625, 482.3041687011719, 442.6251220703125, 448.2369689941406, 431.4566345214844][584.9212646484375, 627.4880981445313, 584.590576171875, 542.9181518554688;
 468.2940673828125, 518.3901977539063, 557.077880859375, 530.6044311523438][584.9212646484375, 627.4880981445313, 584.590576171875, 542.9181518554688, 459.9663696289063, 444.9181213378906, 476.3216552734375, 459.1215209960938;
 468.2940673828125, 518.3901977539063, 557.077880859375, 530.6044311523438, 496.5105590820313, 458.7772827148438, 464.058837890625, 448.0963745117188][513.7865600585938, 555.5394897460938, 512.8463134765625, 471.2225341796875;
 452.2908325195313, 503.3756408691406, 543.678955078125, 516.939453125][513.7865600585938, 555.5394897460938, 512.8463134765625, 471.2225341796875, 381.3388061523438, 368.7635803222656, 396.774169921875, 381.809326171875;
 452.2908325195313, 503.3756408691406, 543.678955078125, 516.939453125, 482.3115539550781, 442.619384765625, 448.238037109375, 431.4587707519531][584.76611328125, 627.3893432617188, 584.556396484375, 542.8602294921875;
 468.2715759277344, 518.318115234375, 557.050537109375, 530.6182861328125][584.76611328125, 627.3893432617188, 584.556396484375, 542.8602294921875, 459.9604187011719, 444.9072570800781, 476.3189392089844, 459.1128845214844;
 468.2715759277344, 518.318115234375, 557.050537109375, 530.6182861328125, 496.5071105957031, 458.7734680175781, 464.0579223632813, 448.0968322753906][513.5711669921875, 555.3912353515625, 512.7864379882813, 471.1364135742188;
 452.2653198242188, 503.3035583496094, 543.6698608398438, 516.9615478515625][513.5711669921875, 555.3912353515625, 512.7864379882813, 471.1364135742188, 381.3367004394531, 368.7499389648438, 396.760986328125, 381.8058776855469;
 452.2653198242188, 503.3035583496094, 543.6698608398438, 516.9615478515625, 482.3152770996094, 442.6168518066406, 448.2386779785156, 431.4637451171875][584.3577880859375, 627.0889282226563, 584.3745727539063, 542.6162109375;
 468.1601257324219, 518.1051025390625, 556.9334716796875, 530.5767211914063][584.3577880859375, 627.0889282226563, 584.3745727539063, 542.6162109375, 459.9718322753906, 444.909912109375, 476.3228454589844, 459.1140747070313;
 468.1601257324219, 518.1051025390625, 556.9334716796875, 530.5767211914063, 496.5064392089844, 458.7694396972656, 464.0545349121094, 448.1023559570313][513.092041015625, 555.0517578125, 512.5697631835938, 470.857177734375;
 452.1453857421875, 503.0912170410156, 543.5445556640625, 516.940185546875][513.092041015625, 555.0517578125, 512.5697631835938, 470.857177734375, 381.3305358886719, 368.7576904296875, 396.7615966796875, 381.8057861328125;
 452.1453857421875, 503.0912170410156, 543.5445556640625, 516.940185546875, 482.3169250488281, 442.6260681152344, 448.2534484863281, 431.4664916992188][584.4471435546875, 627.145263671875, 584.39013671875, 542.6510620117188;
 468.1893615722656, 518.1537475585938, 556.9562377929688, 530.5708618164063][584.4471435546875, 627.145263671875, 584.39013671875, 542.6510620117188, 459.9663696289063, 444.9036865234375, 476.3221435546875, 459.1132202148438;
 468.1893615722656, 518.1537475585938, 556.9562377929688, 530.5708618164063, 496.5033264160156, 458.7657775878906, 464.0500793457031, 448.1015319824219][513.2498779296875, 555.1585083007813, 512.61669921875, 470.9316101074219;
 452.1644592285156, 503.1350708007813, 543.5614013671875, 516.9253540039063][513.2498779296875, 555.1585083007813, 512.61669921875, 470.9316101074219, 381.3453369140625, 368.7617797851563, 396.7728271484375, 381.8124389648438;
 452.1644592285156, 503.1350708007813, 543.5614013671875, 516.9253540039063, 482.3113403320313, 442.6129760742188, 448.2369079589844, 431.4529724121094][584.4403686523438, 627.1590576171875, 584.4066162109375, 542.6461791992188;
 468.1535949707031, 518.1197509765625, 556.934326171875, 530.55078125][584.4403686523438, 627.1590576171875, 584.4066162109375, 542.6461791992188, 459.9684143066406, 444.9062805175781, 476.3142700195313, 459.11083984375;
 468.1535949707031, 518.1197509765625, 556.934326171875, 530.55078125, 496.49853515625, 458.7655029296875, 464.0458068847656, 448.09228515625][513.258544921875, 555.1892700195313, 512.6444091796875, 470.9364929199219;
 452.1304931640625, 503.1083374023438, 543.5361328125, 516.9139404296875][513.258544921875, 555.1892700195313, 512.6444091796875, 470.9364929199219, 381.3327331542969, 368.7588806152344, 396.7649536132813, 381.8089294433594;
 452.1304931640625, 503.1083374023438, 543.5361328125, 516.9139404296875, 482.3190307617188, 442.6144104003906, 448.2447509765625, 431.4530639648438][584.1273803710938, 626.9700927734375, 584.299072265625, 542.4656982421875;
 467.9124145507813, 517.7869873046875, 556.6800537109375, 530.3746948242188][584.1273803710938, 626.9700927734375, 584.299072265625, 542.4656982421875, 459.962890625, 444.8975219726563, 476.293212890625, 459.1010437011719;
 467.9124145507813, 517.7869873046875, 556.6800537109375, 530.3746948242188, 496.4923400878906, 458.7700805664063, 464.0527954101563, 448.0974426269531][512.96533203125, 554.9967041015625, 512.533203125, 470.7509765625;
 451.8859558105469, 502.7525024414063, 543.2572631835938, 516.7492065429688][512.96533203125, 554.9967041015625, 512.533203125, 470.7509765625, 381.3280639648438, 368.7431030273438, 396.7542419433594, 381.8002319335938;
 451.8859558105469, 502.7525024414063, 543.2572631835938, 516.7492065429688, 482.3085632324219, 442.6246032714844, 448.238037109375, 431.4588928222656][583.8960571289063, 626.8062133789063, 584.1873168945313, 542.3051147460938;
 467.7843627929688, 517.5726928710938, 556.5371704101563, 530.3095092773438][583.8960571289063, 626.8062133789063, 584.1873168945313, 542.3051147460938, 459.9545288085938, 444.9005126953125, 476.3145141601563, 459.0984191894531;
 467.7843627929688, 517.5726928710938, 556.5371704101563, 530.3095092773438, 496.5139465332031, 458.7812805175781, 464.0710144042969, 448.0975341796875][512.7031860351563, 554.8198852539063, 512.407470703125, 470.5831298828125;
 451.7532348632813, 502.5367126464844, 543.115478515625, 516.6768798828125][512.7031860351563, 554.8198852539063, 512.407470703125, 470.5831298828125, 381.3324584960938, 368.7571716308594, 396.763427734375, 381.7984008789063;
 451.7532348632813, 502.5367126464844, 543.115478515625, 516.6768798828125, 482.3154602050781, 442.6273498535156, 448.2527160644531, 431.4583129882813][583.7252807617188, 626.7105102539063, 584.1173095703125, 542.214599609375;
 467.6438903808594, 517.3974609375, 556.4080810546875, 530.2433471679688][583.7252807617188, 626.7105102539063, 584.1173095703125, 542.214599609375, 459.95703125, 444.89892578125, 476.3013916015625, 459.0960998535156;
 467.6438903808594, 517.3974609375, 556.4080810546875, 530.2433471679688, 496.5033874511719, 458.7675170898438, 464.0576171875, 448.0959167480469][512.5300903320313, 554.7095947265625, 512.34130859375, 470.4996643066406;
 451.6210021972656, 502.372802734375, 542.9922485351563, 516.5980224609375][512.5300903320313, 554.7095947265625, 512.34130859375, 470.4996643066406, 381.3227233886719, 368.7429504394531, 396.7444763183594, 381.7850341796875;
 451.6210021972656, 502.372802734375, 542.9922485351563, 516.5980224609375, 482.31884765625, 442.6282958984375, 448.2421875, 431.4571838378906][583.4552001953125, 626.5097045898438, 583.9903564453125, 542.0794067382813;
 467.4710998535156, 517.1591186523438, 556.2274780273438, 530.1578369140625][583.4552001953125, 626.5097045898438, 583.9903564453125, 542.0794067382813, 459.9566650390625, 444.9051513671875, 476.3045349121094, 459.1133728027344;
 467.4710998535156, 517.1591186523438, 556.2274780273438, 530.1578369140625, 496.5066833496094, 458.7782897949219, 464.0495910644531, 448.0977172851563][512.2460327148438, 554.4840087890625, 512.21484375, 470.3399353027344;
 451.4508056640625, 502.1273193359375, 542.8511352539063, 516.510009765625][512.2460327148438, 554.4840087890625, 512.21484375, 470.3399353027344, 381.3250732421875, 368.7376098632813, 396.7556762695313, 381.7865295410156;
 451.4508056640625, 502.1273193359375, 542.8511352539063, 516.510009765625, 482.323974609375, 442.6312255859375, 448.2411499023438, 431.4692993164063][583.3199462890625, 626.3847045898438, 583.9091796875, 542.0047607421875;
 467.4682006835938, 517.1304321289063, 556.2235107421875, 530.1646118164063][583.3199462890625, 626.3847045898438, 583.9091796875, 542.0047607421875, 459.9517822265625, 444.8932495117188, 476.2966613769531, 459.0899963378906;
 467.4682006835938, 517.1304321289063, 556.2235107421875, 530.1646118164063, 496.5100708007813, 458.7784423828125, 464.0637817382813, 448.0957641601563][512.0764770507813, 554.3292236328125, 512.1178588867188, 470.2322998046875;
 451.4440612792969, 502.0918579101563, 542.8471069335938, 516.5194702148438][512.0764770507813, 554.3292236328125, 512.1178588867188, 470.2322998046875, 381.3094787597656, 368.72705078125, 396.7431640625, 381.7822570800781;
 451.4440612792969, 502.0918579101563, 542.8471069335938, 516.5194702148438, 482.3228149414063, 442.6323547363281, 448.2469177246094, 431.4716186523438][583.6420288085938, 626.6472778320313, 584.1074829101563, 542.1939697265625;
 467.6766662597656, 517.3841552734375, 556.4281616210938, 530.2882080078125][583.6420288085938, 626.6472778320313, 584.1074829101563, 542.1939697265625, 459.9505615234375, 444.8978881835938, 476.3042297363281, 459.1001586914063;
 467.6766662597656, 517.3841552734375, 556.4281616210938, 530.2882080078125, 496.5117797851563, 458.7827453613281, 464.0719909667969, 448.1085510253906][512.3800048828125, 554.5992431640625, 512.291259765625, 470.4333190917969;
 451.6492004394531, 502.3522033691406, 543.0067749023438, 516.656005859375][512.3800048828125, 554.5992431640625, 512.291259765625, 470.4333190917969, 381.317138671875, 368.7374572753906, 396.7413635253906, 381.7953186035156;
 451.6492004394531, 502.3522033691406, 543.0067749023438, 516.656005859375, 482.3273620605469, 442.6357421875, 448.2366333007813, 431.4695434570313][583.7130126953125, 626.677734375, 584.0506591796875, 542.1737060546875;
 467.8088073730469, 517.5872802734375, 556.5732421875, 530.3751220703125][583.7130126953125, 626.677734375, 584.0506591796875, 542.1737060546875, 459.9544982910156, 444.8848266601563, 476.2962646484375, 459.0839538574219;
 467.8088073730469, 517.5872802734375, 556.5732421875, 530.3751220703125, 496.5204772949219, 458.7842712402344, 464.0758056640625, 448.1159362792969][512.5283203125, 554.6924438476563, 512.2969360351563, 470.4561767578125;
 451.7897338867188, 502.5486450195313, 543.158203125, 516.7481689453125][512.5283203125, 554.6924438476563, 512.2969360351563, 470.4561767578125, 381.305908203125, 368.7255249023438, 396.7366333007813, 381.7761840820313;
 451.7897338867188, 502.5486450195313, 543.158203125, 516.7481689453125, 482.3255004882813, 442.6356811523438, 448.2478637695313, 431.4657592773438][583.1661987304688, 626.3396606445313, 583.8289794921875, 541.8660278320313;
 467.2731628417969, 516.9381103515625, 556.08544921875, 530.0472412109375][583.1661987304688, 626.3396606445313, 583.8289794921875, 541.8660278320313, 459.9498596191406, 444.8843078613281, 476.2800903320313, 459.0838928222656;
 467.2731628417969, 516.9381103515625, 556.08544921875, 530.0472412109375, 496.5102844238281, 458.7818298339844, 464.064208984375, 448.1034851074219][512.1160278320313, 554.4738159179688, 512.170166015625, 470.2176208496094;
 451.2360229492188, 501.8956909179688, 542.6952514648438, 516.3978881835938][512.1160278320313, 554.4738159179688, 512.170166015625, 470.2176208496094, 381.3092651367188, 368.7218322753906, 396.7332153320313, 381.77685546875;
 451.2360229492188, 501.8956909179688, 542.6952514648438, 516.3978881835938, 482.3334045410156, 442.6340026855469, 448.2513427734375, 431.4696044921875][582.3579711914063, 625.8646240234375, 583.5839233398438, 541.4141845703125;
 466.7248229980469, 516.0846557617188, 555.501708984375, 529.7297973632813][582.3579711914063, 625.8646240234375, 583.5839233398438, 541.4141845703125, 459.9443664550781, 444.8739013671875, 476.2861328125, 459.0692138671875;
 466.7248229980469, 516.0846557617188, 555.501708984375, 529.7297973632813, 496.50390625, 458.7708435058594, 464.0449829101563, 448.0987548828125][511.2319641113281, 553.9542236328125, 511.8682861328125, 469.7354736328125;
 450.669189453125, 501.0370483398438, 542.082275390625, 516.0654296875][511.2319641113281, 553.9542236328125, 511.8682861328125, 469.7354736328125, 381.2919616699219, 368.7078552246094, 396.7281188964844, 381.7515563964844;
 450.669189453125, 501.0370483398438, 542.082275390625, 516.0654296875, 482.3088073730469, 442.6216125488281, 448.2373352050781, 431.45703125][581.6810302734375, 625.4334716796875, 583.3764038085938, 541.0528564453125;
 465.9318237304688, 515.0556030273438, 554.7301025390625, 529.1892700195313][581.6810302734375, 625.4334716796875, 583.3764038085938, 541.0528564453125, 459.9366760253906, 444.8787841796875, 476.2775268554688, 459.0747985839844;
 465.9318237304688, 515.0556030273438, 554.7301025390625, 529.1892700195313, 496.5134887695313, 458.7842407226563, 464.0628051757813, 448.0965270996094][510.6714477539063, 553.6024169921875, 511.6886596679688, 469.4119262695313;
 449.85205078125, 499.9674987792969, 541.2462768554688, 515.5016479492188][510.6714477539063, 553.6024169921875, 511.6886596679688, 469.4119262695313, 381.2953796386719, 368.7138366699219, 396.7220153808594, 381.7537841796875;
 449.85205078125, 499.9674987792969, 541.2462768554688, 515.5016479492188, 482.3013916015625, 442.6129760742188, 448.2283630371094, 431.4557495117188][580.432373046875, 624.4906616210938, 582.7415161132813, 540.2760620117188;
 465.3530883789063, 514.1771850585938, 554.1173706054688, 528.9039306640625][580.432373046875, 624.4906616210938, 582.7415161132813, 540.2760620117188, 459.9480285644531, 444.87548828125, 476.2843933105469, 459.0828857421875;
 465.3530883789063, 514.1771850585938, 554.1173706054688, 528.9039306640625, 496.5059814453125, 458.7845458984375, 464.0581359863281, 448.0987854003906][509.2587585449219, 552.516845703125, 510.9783630371094, 468.5555114746094;
 449.2506103515625, 499.0755615234375, 540.6668701171875, 515.185302734375][509.2587585449219, 552.516845703125, 510.9783630371094, 468.5555114746094, 381.3047790527344, 368.7335815429688, 396.7357177734375, 381.7751159667969;
 449.2506103515625, 499.0755615234375, 540.6668701171875, 515.185302734375, 482.3122253417969, 442.6168212890625, 448.2292785644531, 431.4517211914063][581.76025390625, 625.4295043945313, 583.3573608398438, 541.0719604492188;
 466.0941162109375, 515.2490234375, 554.879638671875, 529.2911376953125][581.76025390625, 625.4295043945313, 583.3573608398438, 541.0719604492188, 459.9322814941406, 444.864013671875, 476.2792053222656, 459.0722961425781;
 466.0941162109375, 515.2490234375, 554.879638671875, 529.2911376953125, 496.5173034667969, 458.7821044921875, 464.0574035644531, 448.1051330566406][510.6976013183594, 553.5452270507813, 511.6386413574219, 469.4055786132813;
 450.0096130371094, 500.1631774902344, 541.4031982421875, 515.62646484375][510.6976013183594, 553.5452270507813, 511.6386413574219, 469.4055786132813, 381.2987365722656, 368.7265625, 396.7349243164063, 381.7648620605469;
 450.0096130371094, 500.1631774902344, 541.4031982421875, 515.62646484375, 482.3161010742188, 442.6135864257813, 448.2294311523438, 431.4523010253906][460.2149963378906, 445.2020263671875, 476.6161499023438, 459.4126586914063;
 496.4302673339844, 458.683837890625, 464.0138244628906, 448.0457458496094][460.2149963378906, 445.2020263671875, 476.6161499023438, 459.4126586914063, 652.6346435546875, 623.9805297851563, 640.9598388671875, 658.193115234375;
 496.4302673339844, 458.683837890625, 464.0138244628906, 448.0457458496094, 613.039306640625, 612.8961181640625, 564.2133178710938, 572.8433227539063][381.5424194335938, 369.0008850097656, 396.99560546875, 382.0875549316406;
 482.2305908203125, 442.5188903808594, 448.1880493164063, 431.3812561035156][381.5424194335938, 369.0008850097656, 396.99560546875, 382.0875549316406, 628.313232421875, 602.108642578125, 617.4960327148438, 633.1224365234375;
 482.2305908203125, 442.5188903808594, 448.1880493164063, 431.3812561035156, 599.336669921875, 600.0130004882813, 549.8460083007813, 558.349365234375][460.2040405273438, 445.2070922851563, 476.6204833984375, 459.4134216308594;
 496.4254455566406, 458.6873168945313, 464.0137634277344, 448.0420532226563][460.2040405273438, 445.2070922851563, 476.6204833984375, 459.4134216308594, 652.7446899414063, 624.1195068359375, 641.3233032226563, 658.457763671875;
 496.4254455566406, 458.6873168945313, 464.0137634277344, 448.0420532226563, 613.294189453125, 613.02587890625, 564.4310913085938, 573.1513671875][381.5462036132813, 369.0238952636719, 396.9980163574219, 382.0984802246094;
 482.2436828613281, 442.5313415527344, 448.201171875, 431.4010925292969][381.5462036132813, 369.0238952636719, 396.9980163574219, 382.0984802246094, 628.3834838867188, 602.2046508789063, 617.775146484375, 633.3421630859375;
 482.2436828613281, 442.5313415527344, 448.201171875, 431.4010925292969, 599.6278076171875, 600.1456909179688, 550.0773315429688, 558.657470703125][460.2093505859375, 445.1941833496094, 476.6061401367188, 459.4013366699219;
 496.435546875, 458.6886596679688, 464.0027160644531, 448.0418701171875][460.2093505859375, 445.1941833496094, 476.6061401367188, 459.4013366699219, 652.6768798828125, 624.00927734375, 641.2409057617188, 658.4100341796875;
 496.435546875, 458.6886596679688, 464.0027160644531, 448.0418701171875, 613.418212890625, 613.1992797851563, 564.56005859375, 573.2501220703125][381.5270690917969, 368.9954833984375, 396.9833679199219, 382.08251953125;
 482.2325134277344, 442.5248107910156, 448.1940002441406, 431.3921508789063][381.5270690917969, 368.9954833984375, 396.9833679199219, 382.08251953125, 628.388427734375, 602.1597900390625, 617.8197021484375, 633.4047241210938;
 482.2325134277344, 442.5248107910156, 448.1940002441406, 431.3921508789063, 599.7423706054688, 600.3008422851563, 550.2191772460938, 558.7581787109375][460.1903686523438, 445.1880798339844, 476.6165771484375, 459.4021606445313;
 496.4229125976563, 458.6883544921875, 464.0075988769531, 448.0410766601563][460.1903686523438, 445.1880798339844, 476.6165771484375, 459.4021606445313, 652.7452392578125, 624.0771484375, 641.3807983398438, 658.5205688476563;
 496.4229125976563, 458.6883544921875, 464.0075988769531, 448.0410766601563, 613.4793090820313, 613.210205078125, 564.5952758789063, 573.315185546875][381.5328674316406, 369.0036315917969, 396.9803466796875, 382.0827026367188;
 482.2402954101563, 442.5231323242188, 448.1907043457031, 431.3846740722656][381.5328674316406, 369.0036315917969, 396.9803466796875, 382.0827026367188, 628.4617309570313, 602.2122192382813, 617.951171875, 633.5243530273438;
 482.2402954101563, 442.5231323242188, 448.1907043457031, 431.3846740722656, 599.813232421875, 600.3199462890625, 550.2755126953125, 558.8269653320313][460.1926879882813, 445.1888732910156, 476.6057434082031, 459.3946533203125;
 496.4319763183594, 458.6826171875, 464.021728515625, 448.0413513183594][460.1926879882813, 445.1888732910156, 476.6057434082031, 459.3946533203125, 652.86474609375, 624.214599609375, 641.6388549804688, 658.756103515625;
 496.4319763183594, 458.6826171875, 464.021728515625, 448.0413513183594, 613.5921630859375, 613.2093505859375, 564.67333984375, 573.4530639648438][381.5262756347656, 369.0007934570313, 396.9905090332031, 382.0838317871094;
 482.2355651855469, 442.521240234375, 448.1849060058594, 431.4017639160156][381.5262756347656, 369.0007934570313, 396.9905090332031, 382.0838317871094, 628.5336303710938, 602.3219604492188, 618.1550903320313, 633.6881103515625;
 482.2355651855469, 442.521240234375, 448.1849060058594, 431.4017639160156, 599.90673828125, 600.3170776367188, 550.3352661132813, 558.9497680664063][460.1963806152344, 445.189453125, 476.6127319335938, 459.3866882324219;
 496.4503173828125, 458.683837890625, 464.0097045898438, 448.0414733886719][460.1963806152344, 445.189453125, 476.6127319335938, 459.3866882324219, 652.846435546875, 624.21337890625, 641.6991577148438, 658.7994384765625;
 496.4503173828125, 458.683837890625, 464.0097045898438, 448.0414733886719, 613.710693359375, 613.3054809570313, 564.7484130859375, 573.5595092773438][381.5132446289063, 368.9844970703125, 396.9776306152344, 382.0619506835938;
 482.2269897460938, 442.5200500488281, 448.1798095703125, 431.385498046875][381.5132446289063, 368.9844970703125, 396.9776306152344, 382.0619506835938, 628.522705078125, 602.33837890625, 618.2391357421875, 633.7359008789063;
 482.2269897460938, 442.5200500488281, 448.1798095703125, 431.385498046875, 600.0029296875, 600.3995971679688, 550.4348754882813, 559.0650024414063][460.1971435546875, 445.2012939453125, 476.6152954101563, 459.404541015625;
 496.4385986328125, 458.6845397949219, 464.0127563476563, 448.0415649414063][460.1971435546875, 445.2012939453125, 476.6152954101563, 459.404541015625, 652.8724365234375, 624.2481689453125, 641.7791748046875, 658.8595581054688;
 496.4385986328125, 458.6845397949219, 464.0127563476563, 448.0415649414063, 613.8011474609375, 613.377197265625, 564.8504638671875, 573.653564453125][381.531005859375, 368.999267578125, 396.9787902832031, 382.0812072753906;
 482.2373657226563, 442.5393371582031, 448.1898803710938, 431.3997497558594][381.531005859375, 368.999267578125, 396.9787902832031, 382.0812072753906, 628.5372924804688, 602.372314453125, 618.3258666992188, 633.8139038085938;
 482.2373657226563, 442.5393371582031, 448.1898803710938, 431.3997497558594, 600.10546875, 600.47607421875, 550.5166625976563, 559.1690063476563][460.2027282714844, 445.2008666992188, 476.6180114746094, 459.4036865234375;
 496.433837890625, 458.6993103027344, 464.0170593261719, 448.0523071289063][460.2027282714844, 445.2008666992188, 476.6180114746094, 459.4036865234375, 652.9192504882813, 624.2864990234375, 641.8792114257813, 658.969482421875;
 496.433837890625, 458.6993103027344, 464.0170593261719, 448.0523071289063, 613.9168701171875, 613.4811401367188, 564.9688110351563, 573.780029296875][381.5213928222656, 369.0003967285156, 396.9786987304688, 382.07958984375;
 482.2395629882813, 442.5364074707031, 448.1926879882813, 431.3993835449219][381.5213928222656, 369.0003967285156, 396.9786987304688, 382.07958984375, 628.5801391601563, 602.4010620117188, 618.438720703125, 633.9263305664063;
 482.2395629882813, 442.5364074707031, 448.1926879882813, 431.3993835449219, 600.2239379882813, 600.5827026367188, 550.6295776367188, 559.306396484375][460.173828125, 445.1655883789063, 476.5852661132813, 459.3804626464844;
 496.44189453125, 458.7094116210938, 464.0265502929688, 448.0621032714844][460.173828125, 445.1655883789063, 476.5852661132813, 459.3804626464844, 652.7950439453125, 624.1354370117188, 641.6767578125, 658.7827758789063;
 496.44189453125, 458.7094116210938, 464.0265502929688, 448.0621032714844, 613.8817138671875, 613.5111694335938, 564.965087890625, 573.731201171875][381.4935913085938, 368.9580993652344, 396.9471435546875, 382.0442810058594;
 482.2553100585938, 442.5396728515625, 448.1983642578125, 431.4052734375][381.4935913085938, 368.9580993652344, 396.9471435546875, 382.0442810058594, 628.4993286132813, 602.2796630859375, 618.2892456054688, 633.8106079101563;
 482.2553100585938, 442.5396728515625, 448.1983642578125, 431.4052734375, 600.1885986328125, 600.6116943359375, 550.6207275390625, 559.2554321289063][460.1539306640625, 445.1488342285156, 476.5505065917969, 459.3474426269531;
 496.4562683105469, 458.7131958007813, 464.0312194824219, 448.06396484375][460.1539306640625, 445.1488342285156, 476.5505065917969, 459.3474426269531, 652.8480834960938, 624.2957763671875, 642.4232177734375, 659.3721923828125;
 496.4562683105469, 458.7131958007813, 464.0312194824219, 448.06396484375, 614.8596801757813, 614.2213745117188, 565.863037109375, 574.8093872070313][381.474609375, 368.946044921875, 396.9309387207031, 382.0264892578125;
 482.2613830566406, 442.5564575195313, 448.2164916992188, 431.4147033691406][381.474609375, 368.946044921875, 396.9309387207031, 382.0264892578125, 628.5289916992188, 602.4706420898438, 619.0746459960938, 634.3853759765625;
 482.2613830566406, 442.5564575195313, 448.2164916992188, 431.4147033691406, 601.1912231445313, 601.3430786132813, 551.5328369140625, 560.3270874023438][460.16845703125, 445.1559448242188, 476.567138671875, 459.367431640625;
 496.4447326660156, 458.69775390625, 464.0217895507813, 448.0517578125][460.16845703125, 445.1559448242188, 476.567138671875, 459.367431640625, 653.052001953125, 624.584228515625, 642.8693237304688, 659.6887817382813;
 496.4447326660156, 458.69775390625, 464.0217895507813, 448.0517578125, 614.9700317382813, 614.1691284179688, 565.9243774414063, 574.9684448242188][381.4854736328125, 368.9521484375, 396.9461669921875, 382.0307922363281;
 482.2486267089844, 442.5364074707031, 448.1957092285156, 431.4055480957031][381.4854736328125, 368.9521484375, 396.9461669921875, 382.0307922363281, 628.5985107421875, 602.66064453125, 619.387451171875, 634.5809936523438;
 482.2486267089844, 442.5364074707031, 448.1957092285156, 431.4055480957031, 601.2991943359375, 601.289794921875, 551.5737915039063, 560.484130859375][460.1737670898438, 445.16943359375, 476.5752868652344, 459.3850708007813;
 496.4342651367188, 458.6900634765625, 464.0165100097656, 448.0477294921875][460.1737670898438, 445.16943359375, 476.5752868652344, 459.3850708007813, 653.1898803710938, 624.7623901367188, 643.1112060546875, 659.8826904296875;
 496.4342651367188, 458.6900634765625, 464.0165100097656, 448.0477294921875, 614.9154052734375, 614.0330810546875, 565.836181640625, 574.9268188476563][381.5003356933594, 368.9632873535156, 396.9540710449219, 382.0368041992188;
 482.2333984375, 442.5337219238281, 448.1918640136719, 431.3945617675781][381.5003356933594, 368.9632873535156, 396.9540710449219, 382.0368041992188, 628.6849365234375, 602.7789916992188, 619.5263671875, 634.6686401367188;
 482.2333984375, 442.5337219238281, 448.1918640136719, 431.3945617675781, 601.2396850585938, 601.1399536132813, 551.4889526367188, 560.4437255859375][460.1874389648438, 445.168212890625, 476.5811157226563, 459.3825073242188;
 496.4433288574219, 458.68896484375, 464.013671875, 448.0442199707031][460.1874389648438, 445.168212890625, 476.5811157226563, 459.3825073242188, 653.2506713867188, 624.8110961914063, 643.3331298828125, 660.119140625;
 496.4433288574219, 458.68896484375, 464.013671875, 448.0442199707031, 615.161376953125, 614.2984008789063, 566.1420288085938, 575.22607421875][381.5174560546875, 368.9729614257813, 396.9702758789063, 382.0595397949219;
 482.2322387695313, 442.5289916992188, 448.1888122558594, 431.3990783691406][381.5174560546875, 368.9729614257813, 396.9702758789063, 382.0595397949219, 628.802978515625, 602.8877563476563, 619.8961181640625, 634.9906616210938;
 482.2322387695313, 442.5289916992188, 448.1888122558594, 431.3990783691406, 601.5, 601.3995361328125, 551.7669677734375, 560.7216186523438][460.1800842285156, 445.1763305664063, 476.5807800292969, 459.3847045898438;
 496.4353942871094, 458.6948852539063, 464.0067749023438, 448.0426025390625][460.1800842285156, 445.1763305664063, 476.5807800292969, 459.3847045898438, 653.047119140625, 624.4600219726563, 642.5052490234375, 659.4803466796875;
 496.4353942871094, 458.6948852539063, 464.0067749023438, 448.0426025390625, 614.58935546875, 614.0104370117188, 565.6265258789063, 574.5109252929688][381.5019226074219, 368.9713745117188, 396.9595031738281, 382.0525207519531;
 482.2408752441406, 442.5360412597656, 448.1860961914063, 431.398681640625][381.5019226074219, 368.9713745117188, 396.9595031738281, 382.0525207519531, 628.7305908203125, 602.631103515625, 619.1924438476563, 634.5464477539063;
 482.2408752441406, 442.5360412597656, 448.1860961914063, 431.398681640625, 600.919921875, 601.1390380859375, 551.2998046875, 560.0203247070313][460.1867065429688, 445.1697692871094, 476.5872802734375, 459.3787536621094;
 496.4248657226563, 458.6912841796875, 464.0082092285156, 448.0354614257813][460.1867065429688, 445.1697692871094, 476.5872802734375, 459.3787536621094, 652.92333984375, 624.3125610351563, 642.3233032226563, 659.3362426757813;
 496.4248657226563, 458.6912841796875, 464.0082092285156, 448.0354614257813, 614.6392211914063, 614.1002807617188, 565.6791381835938, 574.5445556640625][381.5229797363281, 368.9671325683594, 396.9637756347656, 382.0524291992188;
 482.2517395019531, 442.5242004394531, 448.185546875, 431.3952026367188][381.5229797363281, 368.9671325683594, 396.9637756347656, 382.0524291992188, 628.681640625, 602.5224609375, 619.0610961914063, 634.4599609375;
 482.2517395019531, 442.5242004394531, 448.185546875, 431.3952026367188, 600.9574584960938, 601.2188720703125, 551.36083984375, 560.0686645507813][460.1798706054688, 445.1719970703125, 476.5851745605469, 459.3828735351563;
 496.4456481933594, 458.7044067382813, 464.0180053710938, 448.05126953125][460.1798706054688, 445.1719970703125, 476.5851745605469, 459.3828735351563, 653.1224365234375, 624.5343017578125, 642.827392578125, 659.7425537109375;
 496.4456481933594, 458.7044067382813, 464.0180053710938, 448.05126953125, 615.0292358398438, 614.370361328125, 566.0498046875, 575.0252075195313][381.5126037597656, 368.988525390625, 396.9693603515625, 382.0614013671875;
 482.2460327148438, 442.5415344238281, 448.1913146972656, 431.4110412597656][381.5126037597656, 368.988525390625, 396.9693603515625, 382.0614013671875, 628.8194580078125, 602.7246704101563, 619.5867309570313, 634.8740844726563;
 482.2460327148438, 442.5415344238281, 448.1913146972656, 431.4110412597656, 601.36669921875, 601.4641723632813, 551.6969604492188, 560.5392456054688][460.163818359375, 445.1640625, 476.5756225585938, 459.3683471679688;
 496.4473876953125, 458.7084350585938, 464.0250549316406, 448.0581359863281][460.163818359375, 445.1640625, 476.5756225585938, 459.3683471679688, 653.1893310546875, 624.6874389648438, 643.3653564453125, 660.1658325195313;
 496.4473876953125, 458.7084350585938, 464.0250549316406, 448.0581359863281, 615.5455932617188, 614.6658325195313, 566.5098876953125, 575.5838012695313][381.505126953125, 368.9591064453125, 396.9531555175781, 382.0323791503906;
 482.2471618652344, 442.5492553710938, 448.1999206542969, 431.4047241210938][381.505126953125, 368.9591064453125, 396.9531555175781, 382.0323791503906, 628.8342895507813, 602.851806640625, 620.0786743164063, 635.213134765625;
 482.2471618652344, 442.5492553710938, 448.1999206542969, 431.4047241210938, 601.87841796875, 601.7681884765625, 552.1549682617188, 561.07470703125][460.1618041992188, 445.1471252441406, 476.56005859375, 459.3623046875;
 496.4637756347656, 458.7162475585938, 464.0216979980469, 448.06396484375][460.1618041992188, 445.1471252441406, 476.56005859375, 459.3623046875, 653.2593383789063, 624.8571166992188, 643.90087890625, 660.5574340820313;
 496.4637756347656, 458.7162475585938, 464.0216979980469, 448.06396484375, 616.1248779296875, 615.0596313476563, 567.04736328125, 576.2593383789063][381.4989013671875, 368.9533996582031, 396.9518127441406, 382.0293579101563;
 482.2600402832031, 442.55859375, 448.2087707519531, 431.4229736328125][381.4989013671875, 368.9533996582031, 396.9518127441406, 382.0293579101563, 628.8718872070313, 602.9967041015625, 620.6478271484375, 635.5904541015625;
 482.2600402832031, 442.55859375, 448.2087707519531, 431.4229736328125, 602.4852294921875, 602.1828002929688, 552.7072143554688, 561.78515625][460.17919921875, 445.1805114746094, 476.5919494628906, 459.3887634277344;
 496.4448852539063, 458.7006530761719, 464.0275573730469, 448.0610656738281][460.17919921875, 445.1805114746094, 476.5919494628906, 459.3887634277344, 653.4698486328125, 625.0659790039063, 644.1842041015625, 660.8021850585938;
 496.4448852539063, 458.7006530761719, 464.0275573730469, 448.0610656738281, 615.9347534179688, 614.8076782226563, 566.8161010742188, 576.0620727539063][381.5133056640625, 368.9803771972656, 396.9673767089844, 382.0669555664063;
 482.2556762695313, 442.5600280761719, 448.208984375, 431.412841796875][381.5133056640625, 368.9803771972656, 396.9673767089844, 382.0669555664063, 629.0327758789063, 603.1755981445313, 620.82666015625, 635.770263671875;
 482.2556762695313, 442.5600280761719, 448.208984375, 431.412841796875, 602.270751953125, 601.91064453125, 552.480712890625, 561.575927734375][460.1763610839844, 445.1726684570313, 476.5887756347656, 459.3701477050781;
 496.457275390625, 458.7131042480469, 464.0370788574219, 448.0599975585938][460.1763610839844, 445.1726684570313, 476.5887756347656, 459.3701477050781, 653.4568481445313, 625.05126953125, 644.1984252929688, 660.8072509765625;
 496.457275390625, 458.7131042480469, 464.0370788574219, 448.0599975585938, 615.9632568359375, 614.7964477539063, 566.836669921875, 576.0985107421875][381.5014038085938, 368.9732055664063, 396.9542236328125, 382.0531311035156;
 482.2618103027344, 442.5525817871094, 448.2167358398438, 431.4200439453125][381.5014038085938, 368.9732055664063, 396.9542236328125, 382.0531311035156, 629.0216674804688, 603.1575317382813, 620.8197631835938, 635.76025390625;
 482.2618103027344, 442.5525817871094, 448.2167358398438, 431.4200439453125, 602.3070068359375, 601.902587890625, 552.4933471679688, 561.6102905273438][460.1608276367188, 445.1614990234375, 476.5718994140625, 459.37451171875;
 496.4566040039063, 458.7212524414063, 464.0340576171875, 448.0591430664063][460.1608276367188, 445.1614990234375, 476.5718994140625, 459.37451171875, 653.4383544921875, 625.0596313476563, 644.3377075195313, 660.9271850585938;
 496.4566040039063, 458.7212524414063, 464.0340576171875, 448.0591430664063, 616.1824340820313, 614.9844970703125, 567.0756225585938, 576.3673095703125][381.4996948242188, 368.9695129394531, 396.9367370605469, 382.0402221679688;
 482.254638671875, 442.557373046875, 448.212158203125, 431.41845703125][381.4996948242188, 368.9695129394531, 396.9367370605469, 382.0402221679688, 629.0087280273438, 603.1738891601563, 620.9854125976563, 635.8764038085938;
 482.254638671875, 442.557373046875, 448.212158203125, 431.41845703125, 602.5481567382813, 602.0991821289063, 552.71875, 561.8690185546875][460.1775817871094, 445.1776733398438, 476.5833129882813, 459.3846435546875;
 496.4596252441406, 458.7189331054688, 464.0342102050781, 448.0565185546875][460.1775817871094, 445.1776733398438, 476.5833129882813, 459.3846435546875, 653.4763793945313, 625.089599609375, 644.3714599609375, 660.9642333984375;
 496.4596252441406, 458.7189331054688, 464.0342102050781, 448.0565185546875, 616.1630859375, 614.9647827148438, 567.0532836914063, 576.338623046875][381.5211486816406, 368.9786987304688, 396.9623107910156, 382.0615844726563;
 482.2554321289063, 442.556396484375, 448.2141723632813, 431.4178771972656][381.5211486816406, 368.9786987304688, 396.9623107910156, 382.0615844726563, 629.0648803710938, 603.2177124023438, 621.033203125, 635.9404907226563;
 482.2554321289063, 442.556396484375, 448.2141723632813, 431.4178771972656, 602.5140991210938, 602.0861206054688, 552.6907958984375, 561.8401489257813][460.1863403320313, 445.1747131347656, 476.5940246582031, 459.3759460449219;
 496.4424133300781, 458.6983947753906, 464.0174560546875, 448.0462341308594][460.1863403320313, 445.1747131347656, 476.5940246582031, 459.3759460449219, 653.4265747070313, 624.9901123046875, 644.0409545898438, 660.700927734375;
 496.4424133300781, 458.6983947753906, 464.0174560546875, 448.0462341308594, 615.8607788085938, 614.794921875, 566.7597045898438, 575.9721069335938][381.5092163085938, 368.9791870117188, 396.9680480957031, 382.0626525878906;
 482.2463073730469, 442.5357666015625, 448.2030334472656, 431.4065856933594][381.5092163085938, 368.9791870117188, 396.9680480957031, 382.0626525878906, 629.0445556640625, 603.1189575195313, 620.7396850585938, 635.7388305664063;
 482.2463073730469, 442.5357666015625, 448.2030334472656, 431.4065856933594, 602.1971435546875, 601.8977661132813, 552.4282836914063, 561.4698486328125][460.1785583496094, 445.1582641601563, 476.5738220214844, 459.3682556152344;
 496.4472351074219, 458.6989135742188, 464.0236511230469, 448.0456237792969][460.1785583496094, 445.1582641601563, 476.5738220214844, 459.3682556152344, 653.3229370117188, 624.866455078125, 643.8034057617188, 660.5255126953125;
 496.4472351074219, 458.6989135742188, 464.0236511230469, 448.0456237792969, 615.8292236328125, 614.81884765625, 566.7420043945313, 575.912109375][381.4967956542969, 368.9548950195313, 396.9542236328125, 382.0425720214844;
 482.2595825195313, 442.5421142578125, 448.1918640136719, 431.4029846191406][381.4967956542969, 368.9548950195313, 396.9542236328125, 382.0425720214844, 628.9743041992188, 603.0170288085938, 620.5642700195313, 635.60400390625;
 482.2595825195313, 442.5421142578125, 448.1918640136719, 431.4029846191406, 602.1571044921875, 601.9271240234375, 552.405517578125, 561.4168090820313][460.1796264648438, 445.1682434082031, 476.5779418945313, 459.3789978027344;
 496.4457092285156, 458.7098388671875, 464.0280456542969, 448.0516357421875][460.1796264648438, 445.1682434082031, 476.5779418945313, 459.3789978027344, 653.3765258789063, 624.9216918945313, 643.8573608398438, 660.5830688476563;
 496.4457092285156, 458.7098388671875, 464.0280456542969, 448.0516357421875, 615.7750854492188, 614.76904296875, 566.6898193359375, 575.8673095703125][381.5168151855469, 368.9687194824219, 396.9739990234375, 382.0475158691406;
 482.2562866210938, 442.5467529296875, 448.2146606445313, 431.4147338867188][381.5168151855469, 368.9687194824219, 396.9739990234375, 382.0475158691406, 629.0045166015625, 603.0555419921875, 620.5897216796875, 635.619140625;
 482.2562866210938, 442.5467529296875, 448.2146606445313, 431.4147338867188, 602.1097412109375, 601.8650512695313, 552.3636474609375, 561.3735961914063][460.1771545410156, 445.1737976074219, 476.5920715332031, 459.3880310058594;
 496.45166015625, 458.7139892578125, 464.0305786132813, 448.059326171875][460.1771545410156, 445.1737976074219, 476.5920715332031, 459.3880310058594, 653.4508666992188, 625.00634765625, 644.0418701171875, 660.7191162109375;
 496.45166015625, 458.7139892578125, 464.0305786132813, 448.059326171875, 615.8616333007813, 614.7583618164063, 566.7522583007813, 575.9678955078125][381.509765625, 368.9744567871094, 396.9628601074219, 382.0591430664063;
 482.2542724609375, 442.5571594238281, 448.2063598632813, 431.4172973632813][381.509765625, 368.9744567871094, 396.9628601074219, 382.0591430664063, 629.0506591796875, 603.1192626953125, 620.712158203125, 635.7142944335938;
 482.2542724609375, 442.5571594238281, 448.2063598632813, 431.4172973632813, 602.189697265625, 601.866455078125, 552.4053955078125, 561.4684448242188][460.1772766113281, 445.1627197265625, 476.5716857910156, 459.3752136230469;
 496.4513244628906, 458.710693359375, 464.0342712402344, 448.0533142089844][460.1772766113281, 445.1627197265625, 476.5716857910156, 459.3752136230469, 653.4404907226563, 625.0256958007813, 644.1925048828125, 660.8193969726563;
 496.4513244628906, 458.710693359375, 464.0342712402344, 448.0533142089844, 616.0770263671875, 614.8944702148438, 566.94384765625, 576.22265625][381.497314453125, 368.9750061035156, 396.9634399414063, 382.0425720214844;
 482.2630310058594, 442.5622253417969, 448.2149658203125, 431.4165344238281][381.497314453125, 368.9750061035156, 396.9634399414063, 382.0425720214844, 629.0315551757813, 603.1183471679688, 620.8404541015625, 635.797607421875;
 482.2630310058594, 442.5622253417969, 448.2149658203125, 431.4165344238281, 602.4240112304688, 602.019775390625, 552.6097412109375, 561.743408203125][460.18603515625, 445.1783142089844, 476.5884094238281, 459.3878479003906;
 496.4562683105469, 458.7139892578125, 464.0306091308594, 448.0700073242188][460.18603515625, 445.1783142089844, 476.5884094238281, 459.3878479003906, 653.5677490234375, 625.1703491210938, 644.4736938476563, 661.1001586914063;
 496.4562683105469, 458.7139892578125, 464.0306091308594, 448.0700073242188, 616.1425170898438, 614.9037475585938, 567.0128784179688, 576.3189086914063][381.509521484375, 368.9743347167969, 396.9649658203125, 382.05859375;
 482.2566528320313, 442.5542602539063, 448.2181396484375, 431.417724609375][381.509521484375, 368.9743347167969, 396.9649658203125, 382.05859375, 629.1585083007813, 603.2722778320313, 621.1158447265625, 636.0482177734375;
 482.2566528320313, 442.5542602539063, 448.2181396484375, 431.417724609375, 602.496337890625, 602.0307006835938, 552.6632080078125, 561.8255615234375][460.1837463378906, 445.1708679199219, 476.5922241210938, 459.3819274902344;
 496.4432067871094, 458.7117004394531, 464.0308837890625, 448.0673522949219][460.1837463378906, 445.1708679199219, 476.5922241210938, 459.3819274902344, 653.4840087890625, 625.0389404296875, 644.2028198242188, 660.8362426757813;
 496.4432067871094, 458.7117004394531, 464.0308837890625, 448.0673522949219, 615.9925537109375, 614.8397827148438, 566.8695068359375, 576.1258544921875][381.5021362304688, 368.9712829589844, 396.9707946777344, 382.0443420410156;
 482.263916015625, 442.5536804199219, 448.2110290527344, 431.4103698730469][381.5021362304688, 368.9712829589844, 396.9707946777344, 382.0443420410156, 629.0855102539063, 603.1500854492188, 620.8653564453125, 635.8440551757813;
 482.263916015625, 442.5536804199219, 448.2110290527344, 431.4103698730469, 602.3341674804688, 601.9451293945313, 552.5191040039063, 561.6442260742188][460.1769714355469, 445.1729431152344, 476.5796203613281, 459.3753356933594;
 496.4508972167969, 458.7155456542969, 464.0279846191406, 448.0702209472656][460.1769714355469, 445.1729431152344, 476.5796203613281, 459.3753356933594, 653.489990234375, 625.0703125, 644.2984008789063, 660.9309692382813;
 496.4508972167969, 458.7155456542969, 464.0279846191406, 448.0702209472656, 616.1039428710938, 614.9187622070313, 566.978515625, 576.2606811523438][381.5011291503906, 368.968017578125, 396.9617309570313, 382.0501098632813;
 482.2618713378906, 442.5628662109375, 448.2145080566406, 431.4138793945313][381.5011291503906, 368.968017578125, 396.9617309570313, 382.0501098632813, 629.0941772460938, 603.1739501953125, 620.9658813476563, 635.9278564453125;
 482.2618713378906, 442.5628662109375, 448.2145080566406, 431.4138793945313, 602.4537353515625, 602.0366821289063, 552.6326904296875, 561.7747192382813][460.1708984375, 445.1452331542969, 476.5658264160156, 459.3688659667969;
 496.4561767578125, 458.7117309570313, 464.0342712402344, 448.0632019042969][460.1708984375, 445.1452331542969, 476.5658264160156, 459.3688659667969, 653.4238891601563, 625.0018310546875, 644.34814453125, 660.9451904296875;
 496.4561767578125, 458.7117309570313, 464.0342712402344, 448.0632019042969, 616.3885498046875, 615.1436767578125, 567.277587890625, 576.5609741210938][381.4944458007813, 368.9478759765625, 396.9529724121094, 382.0327758789063;
 482.2654724121094, 442.5680236816406, 448.2187805175781, 431.4204406738281][381.4944458007813, 368.9478759765625, 396.9529724121094, 382.0327758789063, 629.0210571289063, 603.107421875, 621.0076904296875, 635.9383544921875;
 482.2654724121094, 442.5680236816406, 448.2187805175781, 431.4204406738281, 602.7618408203125, 602.267578125, 552.905517578125, 562.0541381835938][460.1881713867188, 445.1781005859375, 476.6005859375, 459.3878173828125;
 496.4539794921875, 458.7119445800781, 464.0303955078125, 448.0595092773438][460.1881713867188, 445.1781005859375, 476.6005859375, 459.3878173828125, 653.6851806640625, 625.3121337890625, 644.7599487304688, 661.3557739257813;
 496.4539794921875, 458.7119445800781, 464.0303955078125, 448.0595092773438, 616.3264770507813, 614.9627685546875, 567.1741943359375, 576.5325317382813][381.5162048339844, 368.9815979003906, 396.9659118652344, 382.0632934570313;
 482.2499084472656, 442.5478515625, 448.2113647460938, 431.4102172851563][381.5162048339844, 368.9815979003906, 396.9659118652344, 382.0632934570313, 629.2348022460938, 603.3831787109375, 621.3555297851563, 636.2474365234375;
 482.2499084472656, 442.5478515625, 448.2113647460938, 431.4102172851563, 602.6885375976563, 602.08837890625, 552.7957763671875, 562.029541015625][460.1730651855469, 445.1754760742188, 476.5797119140625, 459.3844604492188;
 496.4602966308594, 458.7150573730469, 464.0438232421875, 448.0731506347656][460.1730651855469, 445.1754760742188, 476.5797119140625, 459.3844604492188, 653.4906005859375, 625.0848999023438, 644.3289184570313, 660.9437255859375;
 496.4602966308594, 458.7150573730469, 464.0438232421875, 448.0731506347656, 616.1747436523438, 614.9515991210938, 567.0482177734375, 576.3599243164063][381.5115051269531, 368.9764709472656, 396.9684753417969, 382.0583190917969;
 482.2721862792969, 442.5670776367188, 448.2144470214844, 431.4263000488281][381.5115051269531, 368.9764709472656, 396.9684753417969, 382.0583190917969, 629.0763549804688, 603.158935546875, 620.9303588867188, 635.8743896484375;
 482.2721862792969, 442.5670776367188, 448.2144470214844, 431.4263000488281, 602.537109375, 602.0732421875, 552.690185546875, 561.8494873046875][460.1791687011719, 445.1703796386719, 476.5856018066406, 459.3798828125;
 496.4605712890625, 458.7242736816406, 464.0391845703125, 448.0640869140625][460.1791687011719, 445.1703796386719, 476.5856018066406, 459.3798828125, 653.48193359375, 625.0239868164063, 644.1378173828125, 660.78369140625;
 496.4605712890625, 458.7242736816406, 464.0391845703125, 448.0640869140625, 615.9873657226563, 614.8362426757813, 566.8533935546875, 576.1044921875][381.5127258300781, 368.9692687988281, 396.9609069824219, 382.057861328125;
 482.2723083496094, 442.5646362304688, 448.2154541015625, 431.4206237792969][381.5127258300781, 368.9692687988281, 396.9609069824219, 382.057861328125, 629.0624389648438, 603.1158447265625, 620.7588500976563, 635.7551879882813;
 482.2723083496094, 442.5646362304688, 448.2154541015625, 431.4206237792969, 602.3233642578125, 601.9525146484375, 552.5150756835938, 561.623046875][460.1890869140625, 445.1928100585938, 476.6054382324219, 459.3905944824219;
 496.46533203125, 458.7147521972656, 464.0399169921875, 448.0739440917969][460.1890869140625, 445.1928100585938, 476.6054382324219, 459.3905944824219, 653.5973510742188, 625.156982421875, 644.3516845703125, 661.0306396484375;
 496.46533203125, 458.7147521972656, 464.0399169921875, 448.0739440917969, 616.01953125, 614.8473510742188, 566.9006958007813, 576.174072265625][381.5188598632813, 368.9826965332031, 396.96826171875, 382.0754089355469;
 482.2717590332031, 442.5714416503906, 448.2264404296875, 431.4281005859375][381.5188598632813, 368.9826965332031, 396.96826171875, 382.0754089355469, 629.18505859375, 603.2481689453125, 621.0048828125, 635.9959716796875;
 482.2717590332031, 442.5714416503906, 448.2264404296875, 431.4281005859375, 602.364013671875, 601.9559936523438, 552.5599975585938, 561.679931640625][460.1759643554688, 445.1742858886719, 476.5914001464844, 459.3832702636719;
 496.4552917480469, 458.7215881347656, 464.0394592285156, 448.0694885253906][460.1759643554688, 445.1742858886719, 476.5914001464844, 459.3832702636719, 653.5448608398438, 625.1107788085938, 644.3720703125, 661.023681640625;
 496.4552917480469, 458.7215881347656, 464.0394592285156, 448.0694885253906, 616.1585693359375, 614.9691162109375, 567.0529174804688, 576.3369750976563][381.5114440917969, 368.9809875488281, 396.9632873535156, 382.0613708496094;
 482.2615356445313, 442.5594482421875, 448.2229919433594, 431.42724609375][381.5114440917969, 368.9809875488281, 396.9632873535156, 382.0613708496094, 629.14404296875, 603.216796875, 621.035888671875, 636.0089111328125;
 482.2615356445313, 442.5594482421875, 448.2229919433594, 431.42724609375, 602.5125122070313, 602.0926513671875, 552.6915893554688, 561.8348388671875][460.1849365234375, 445.1802062988281, 476.5838012695313, 459.3845825195313;
 496.4568786621094, 458.717529296875, 464.0414123535156, 448.058837890625][460.1849365234375, 445.1802062988281, 476.5838012695313, 459.3845825195313, 653.6512451171875, 625.2478637695313, 644.6671142578125, 661.2929077148438;
 496.4568786621094, 458.717529296875, 464.0414123535156, 448.058837890625, 616.3596801757813, 615.088623046875, 567.2445068359375, 576.552001953125][381.5206298828125, 368.9771728515625, 396.9645690917969, 382.063720703125;
 482.2600708007813, 442.5520935058594, 448.2074584960938, 431.4130859375][381.5206298828125, 368.9771728515625, 396.9645690917969, 382.063720703125, 629.2469482421875, 603.3587036132813, 621.36572265625, 636.2869873046875;
 482.2600708007813, 442.5520935058594, 448.2074584960938, 431.4130859375, 602.7149047851563, 602.2015991210938, 552.8642578125, 562.0426025390625][460.1846923828125, 445.1728515625, 476.5880737304688, 459.3846740722656;
 496.4696350097656, 458.71875, 464.0380554199219, 448.0585632324219][460.1846923828125, 445.1728515625, 476.5880737304688, 459.3846740722656, 653.6045532226563, 625.2090454101563, 644.7078857421875, 661.3193969726563;
 496.4696350097656, 458.71875, 464.0380554199219, 448.0585632324219, 616.543701171875, 615.2333984375, 567.4092407226563, 576.7392578125][381.5043029785156, 368.9837341308594, 396.9743041992188, 382.0662536621094;
 482.2678527832031, 442.5588684082031, 448.2091979980469, 431.4080200195313][381.5043029785156, 368.9837341308594, 396.9743041992188, 382.0662536621094, 629.2149047851563, 603.336181640625, 621.4397583007813, 636.32666015625;
 482.2678527832031, 442.5588684082031, 448.2091979980469, 431.4080200195313, 602.9024047851563, 602.342529296875, 553.0534057617188, 562.2351684570313][460.16259765625, 445.1549987792969, 476.564453125, 459.3588562011719;
 496.4467468261719, 458.7201232910156, 464.0231018066406, 448.0639953613281][460.16259765625, 445.1549987792969, 476.564453125, 459.3588562011719, 653.6119384765625, 625.285400390625, 645.2578125, 661.6829833984375;
 496.4467468261719, 458.7201232910156, 464.0231018066406, 448.0639953613281, 617.2359008789063, 615.741455078125, 568.0679931640625, 577.5309448242188][381.4915771484375, 368.9571533203125, 396.9469604492188, 382.0279541015625;
 482.2617797851563, 442.5614929199219, 448.2069091796875, 431.4093322753906][381.4915771484375, 368.9571533203125, 396.9469604492188, 382.0279541015625, 629.2310791015625, 603.4447021484375, 622.0136108398438, 636.7434692382813;
 482.2617797851563, 442.5614929199219, 448.2069091796875, 431.4093322753906, 603.619873046875, 602.8632202148438, 553.72216796875, 563.0296630859375][460.16650390625, 445.1600341796875, 476.5677795410156, 459.3719177246094;
 496.440673828125, 458.7069091796875, 464.0245666503906, 448.0505676269531][460.16650390625, 445.1600341796875, 476.5677795410156, 459.3719177246094, 653.695068359375, 625.3980102539063, 645.5499267578125, 661.966552734375;
 496.440673828125, 458.7069091796875, 464.0245666503906, 448.0505676269531, 617.4817504882813, 615.8718872070313, 568.3031616210938, 577.7910766601563][381.491943359375, 368.9588012695313, 396.9577941894531, 382.0333862304688;
 482.2501831054688, 442.5475463867188, 448.1913146972656, 431.4059448242188][381.491943359375, 368.9588012695313, 396.9577941894531, 382.0333862304688, 629.3174438476563, 603.5643920898438, 622.359619140625, 637.0470581054688;
 482.2501831054688, 442.5475463867188, 448.1913146972656, 431.4059448242188, 603.8370361328125, 602.9984130859375, 553.921630859375, 563.296630859375][460.1790466308594, 445.1617431640625, 476.5651245117188, 459.3709106445313;
 496.4397583007813, 458.6991577148438, 464.0201110839844, 448.0503540039063][460.1790466308594, 445.1617431640625, 476.5651245117188, 459.3709106445313, 653.7387084960938, 625.4608154296875, 645.5711059570313, 661.9719848632813;
 496.4397583007813, 458.6991577148438, 464.0201110839844, 448.0503540039063, 617.3289184570313, 615.7207641601563, 568.1453857421875, 577.6353759765625][381.4953002929688, 368.9634399414063, 396.9619140625, 382.0502319335938;
 482.2460327148438, 442.548828125, 448.1963806152344, 431.4048156738281][381.4953002929688, 368.9634399414063, 396.9619140625, 382.0502319335938, 629.3189086914063, 603.5862426757813, 622.2877807617188, 636.9677124023438;
 482.2460327148438, 442.548828125, 448.1963806152344, 431.4048156738281, 603.6990966796875, 602.8357543945313, 553.7620239257813, 563.1435546875][460.166259765625, 445.1534729003906, 476.56201171875, 459.3671569824219;
 496.4453430175781, 458.7064208984375, 464.0247497558594, 448.0552368164063][460.166259765625, 445.1534729003906, 476.56201171875, 459.3671569824219, 653.54931640625, 625.2516479492188, 645.0955810546875, 661.5274047851563;
 496.4453430175781, 458.7064208984375, 464.0247497558594, 448.0552368164063, 617.0809936523438, 615.6022338867188, 567.8917236328125, 577.3594970703125][381.4933471679688, 368.9545288085938, 396.9500427246094, 382.0312194824219;
 482.2525634765625, 442.5526428222656, 448.2040100097656, 431.4036865234375][381.4933471679688, 368.9545288085938, 396.9500427246094, 382.0312194824219, 629.1046752929688, 603.3399658203125, 621.7617797851563, 636.509765625;
 482.2525634765625, 442.5526428222656, 448.2040100097656, 431.4036865234375, 603.444091796875, 602.7062377929688, 553.5615844726563, 562.865966796875][460.150634765625, 445.1531982421875, 476.5649108886719, 459.355224609375;
 496.4453430175781, 458.7138977050781, 464.0187683105469, 448.0593566894531][460.150634765625, 445.1531982421875, 476.5649108886719, 459.355224609375, 653.4089965820313, 625.042724609375, 644.4838256835938, 661.0482788085938;
 496.4453430175781, 458.7138977050781, 464.0187683105469, 448.0593566894531, 616.5614624023438, 615.3223266601563, 567.4568481445313, 576.7444458007813][381.4938659667969, 368.9509582519531, 396.9356994628906, 382.0338134765625;
 482.2499084472656, 442.5477600097656, 448.2015380859375, 431.4048767089844][381.4938659667969, 368.9509582519531, 396.9356994628906, 382.0338134765625, 628.9671630859375, 603.1444091796875, 621.1705932617188, 636.0549926757813;
 482.2499084472656, 442.5477600097656, 448.2015380859375, 431.4048767089844, 602.92822265625, 602.4407958984375, 553.1187133789063, 562.263671875][460.1617431640625, 445.1563415527344, 476.5778198242188, 459.3585205078125;
 496.4488220214844, 458.7067260742188, 464.0266418457031, 448.0577392578125][460.1617431640625, 445.1563415527344, 476.5778198242188, 459.3585205078125, 653.1979370117188, 624.7630615234375, 643.56298828125, 660.3262329101563;
 496.4488220214844, 458.7067260742188, 464.0266418457031, 448.0577392578125, 615.8043823242188, 614.9038696289063, 566.7817993164063, 575.8816528320313][381.4994201660156, 368.9523315429688, 396.9488220214844, 382.0325927734375;
 482.25732421875, 442.5575866699219, 448.201171875, 431.4000244140625][381.4994201660156, 368.9523315429688, 396.9488220214844, 382.0325927734375, 628.8075561523438, 602.8848266601563, 620.300048828125, 635.3651123046875;
 482.25732421875, 442.5575866699219, 448.201171875, 431.4000244140625, 602.138916015625, 602.032470703125, 552.4632568359375, 561.3936157226563][460.1654052734375, 445.1617431640625, 476.5655822753906, 459.3645935058594;
 496.4482421875, 458.7110900878906, 464.026611328125, 448.0611877441406][460.1654052734375, 445.1617431640625, 476.5655822753906, 459.3645935058594, 653.006103515625, 624.4800415039063, 642.8855590820313, 659.7671508789063;
 496.4482421875, 458.7110900878906, 464.026611328125, 448.0611877441406, 615.3289794921875, 614.73828125, 566.4345092773438, 575.35888671875][381.4957885742188, 368.9562072753906, 396.9555053710938, 382.0347900390625;
 482.2621459960938, 442.55322265625, 448.2087707519531, 431.4073486328125][381.4957885742188, 368.9562072753906, 396.9555053710938, 382.0347900390625, 628.6882934570313, 602.6737060546875, 619.734375, 634.9230346679688;
 482.2621459960938, 442.55322265625, 448.2087707519531, 431.4073486328125, 601.697998046875, 601.8662719726563, 552.11328125, 560.882568359375][460.1647644042969, 445.1539916992188, 476.5627746582031, 459.3631286621094;
 496.4555358886719, 458.7164916992188, 464.030029296875, 448.06298828125][460.1647644042969, 445.1539916992188, 476.5627746582031, 459.3631286621094, 652.9189453125, 624.3973388671875, 642.738525390625, 659.638427734375;
 496.4555358886719, 458.7164916992188, 464.030029296875, 448.06298828125, 615.3464965820313, 614.8143310546875, 566.4834594726563, 575.3729858398438][381.4953002929688, 368.9607238769531, 396.94873046875, 382.0261535644531;
 482.2631225585938, 442.5611572265625, 448.2035522460938, 431.418212890625][381.4953002929688, 368.9607238769531, 396.94873046875, 382.0261535644531, 628.6320190429688, 602.6215209960938, 619.62744140625, 634.8265380859375;
 482.2631225585938, 442.5611572265625, 448.2035522460938, 431.418212890625, 601.7194213867188, 601.9605712890625, 552.1747436523438, 560.8997802734375][460.1697082519531, 445.1550598144531, 476.5638427734375, 459.3668518066406;
 496.4472351074219, 458.719482421875, 464.0344848632813, 448.065185546875][460.1697082519531, 445.1550598144531, 476.5638427734375, 459.3668518066406, 653.0761108398438, 624.5980224609375, 643.1657104492188, 659.9853515625;
 496.4472351074219, 458.719482421875, 464.0344848632813, 448.065185546875, 615.6074829101563, 614.9130249023438, 566.6815795898438, 575.6295776367188][381.4989929199219, 368.9574279785156, 396.9485778808594, 382.035888671875;
 482.2562561035156, 442.5629272460938, 448.2086181640625, 431.4141845703125][381.4989929199219, 368.9574279785156, 396.9485778808594, 382.035888671875, 628.7273559570313, 602.7769165039063, 619.9873657226563, 635.1154174804688;
 482.2562561035156, 442.5629272460938, 448.2086181640625, 431.4141845703125, 601.9521484375, 602.0482177734375, 552.3651733398438, 561.150146484375][460.15673828125, 445.1549987792969, 476.5604248046875, 459.3547973632813;
 496.4501342773438, 458.7113952636719, 464.0293579101563, 448.0568542480469][460.15673828125, 445.1549987792969, 476.5604248046875, 459.3547973632813, 652.9176635742188, 624.3842163085938, 642.7026977539063, 659.5892333984375;
 496.4501342773438, 458.7113952636719, 464.0293579101563, 448.0568542480469, 615.281005859375, 614.6949462890625, 566.3848266601563, 575.2962036132813][381.4870300292969, 368.9493713378906, 396.9394226074219, 382.026611328125;
 482.2533264160156, 442.55419921875, 448.2039794921875, 431.4065551757813][381.4870300292969, 368.9493713378906, 396.9394226074219, 382.026611328125, 628.5818481445313, 602.572265625, 619.4967041015625, 634.6909790039063;
 482.2533264160156, 442.55419921875, 448.2039794921875, 431.4065551757813, 601.6536865234375, 601.826416015625, 552.0578002929688, 560.8212280273438][460.1514282226563, 445.1360473632813, 476.546142578125, 459.3504333496094;
 496.4455261230469, 458.70849609375, 464.02392578125, 448.0476684570313][460.1514282226563, 445.1360473632813, 476.546142578125, 459.3504333496094, 653.162109375, 624.6608276367188, 643.4703979492188, 660.269287109375;
 496.4455261230469, 458.70849609375, 464.02392578125, 448.0476684570313, 615.913818359375, 615.0450439453125, 566.9118041992188, 575.9928588867188][381.4768371582031, 368.9441528320313, 396.930419921875, 382.0149230957031;
 482.2511596679688, 442.5403137207031, 448.1922912597656, 431.404052734375][381.4768371582031, 368.9441528320313, 396.930419921875, 382.0149230957031, 628.8168334960938, 602.8265991210938, 620.2665405273438, 635.4000244140625;
 482.2511596679688, 442.5403137207031, 448.1922912597656, 431.404052734375, 602.2520141601563, 602.1810913085938, 552.5828857421875, 561.5037841796875][460.1348266601563, 445.115478515625, 476.5358581542969, 459.3348999023438;
 496.4425354003906, 458.7107849121094, 464.0208740234375, 448.05078125][460.1348266601563, 445.115478515625, 476.5358581542969, 459.3348999023438, 653.0742797851563, 624.6627807617188, 643.7133178710938, 660.4080810546875;
 496.4425354003906, 458.7107849121094, 464.0208740234375, 448.05078125, 616.3654174804688, 615.34228515625, 567.332763671875, 576.489501953125][381.4707336425781, 368.9268798828125, 396.9276733398438, 382.0013122558594;
 482.2326354980469, 442.5391235351563, 448.193359375, 431.3993530273438][381.4707336425781, 368.9268798828125, 396.9276733398438, 382.0013122558594, 628.7534790039063, 602.8448486328125, 620.5579833984375, 635.5347900390625;
 482.2326354980469, 442.5391235351563, 448.193359375, 431.3993530273438, 602.7101440429688, 602.4357299804688, 552.9638671875, 561.9913940429688][460.1362915039063, 445.1181945800781, 476.5277404785156, 459.3349914550781;
 496.4415283203125, 458.7023620605469, 463.9984436035156, 448.0469970703125][460.1362915039063, 445.1181945800781, 476.5277404785156, 459.3349914550781, 653.1102294921875, 624.80224609375, 644.1913452148438, 660.6937866210938;
 496.4415283203125, 458.7023620605469, 463.9984436035156, 448.0469970703125, 616.8153686523438, 615.5399780273438, 567.6705932617188, 576.9927978515625][381.45751953125, 368.9137268066406, 396.9065551757813, 381.9817504882813;
 482.2341003417969, 442.5387268066406, 448.189453125, 431.40478515625][381.45751953125, 368.9137268066406, 396.9065551757813, 381.9817504882813, 628.641357421875, 602.8906860351563, 620.8338012695313, 635.63818359375;
 482.2341003417969, 442.5387268066406, 448.189453125, 431.40478515625, 603.1593627929688, 602.6636962890625, 553.3516235351563, 562.512451171875][460.1715698242188, 445.1667175292969, 476.5793151855469, 459.3777465820313;
 496.4355773925781, 458.7016296386719, 464.0115356445313, 448.0385131835938][460.1715698242188, 445.1667175292969, 476.5793151855469, 459.3777465820313, 653.6588134765625, 625.3944091796875, 645.0514526367188, 661.4971313476563;
 496.4355773925781, 458.7016296386719, 464.0115356445313, 448.0385131835938, 616.6187744140625, 615.1905517578125, 567.46728515625, 576.8538818359375][381.5042724609375, 368.9792175292969, 396.9611511230469, 382.0490417480469;
 482.2382202148438, 442.5185546875, 448.1878356933594, 431.3938598632813][381.5042724609375, 368.9792175292969, 396.9611511230469, 382.0490417480469, 629.1317138671875, 603.42724609375, 621.6318359375, 636.36572265625;
 482.2382202148438, 442.5185546875, 448.1878356933594, 431.3938598632813, 602.9536743164063, 602.2899780273438, 553.0942993164063, 562.35400390625][460.17919921875, 445.1848449707031, 476.5866394042969, 459.3875732421875;
 496.4365539550781, 458.7057495117188, 464.0288391113281, 448.0564270019531][460.17919921875, 445.1848449707031, 476.5866394042969, 459.3875732421875, 653.5748901367188, 625.20703125, 644.7566528320313, 661.3216552734375;
 496.4365539550781, 458.7057495117188, 464.0288391113281, 448.0564270019531, 616.5136108398438, 615.0847778320313, 567.3255004882813, 576.7153930664063][381.5022277832031, 368.9829406738281, 396.9663696289063, 382.0547180175781;
 482.2505187988281, 442.5428466796875, 448.2034301757813, 431.4102783203125][381.5022277832031, 368.9829406738281, 396.9663696289063, 382.0547180175781, 629.1239624023438, 603.2661743164063, 621.34326171875, 636.219970703125;
 482.2505187988281, 442.5428466796875, 448.2034301757813, 431.4102783203125, 602.86328125, 602.1946411132813, 552.9432983398438, 562.2086181640625][460.1517028808594, 445.1395874023438, 476.5519714355469, 459.3537292480469;
 496.4544067382813, 458.7201538085938, 464.0335083007813, 448.0561828613281][460.1517028808594, 445.1395874023438, 476.5519714355469, 459.3537292480469, 653.6502075195313, 625.3743286132813, 645.5821533203125, 661.9389038085938;
 496.4544067382813, 458.7201538085938, 464.0335083007813, 448.0561828613281, 617.495849609375, 615.7576904296875, 568.2466430664063, 577.8099975585938][381.4728393554688, 368.9451599121094, 396.9374694824219, 382.0179138183594;
 482.2607116699219, 442.5599670410156, 448.2087707519531, 431.4180297851563][381.4728393554688, 368.9451599121094, 396.9374694824219, 382.0179138183594, 629.2142944335938, 603.4959106445313, 622.2360229492188, 636.8941650390625;
 482.2607116699219, 442.5599670410156, 448.2087707519531, 431.4180297851563, 603.8521118164063, 602.888427734375, 553.8690795898438, 563.31591796875][][][][][][][][][][][][][][][][][][][][][][][][][][][][][][][][][][][][][][][][][][][][][][][][][][][][][653.7118530273438, 625.2650146484375, 645.7166748046875, 662.2137451171875;
 617.3582153320313, 615.5611572265625, 568.090087890625, 577.6947021484375][653.7118530273438, 625.2650146484375, 645.7166748046875, 662.2137451171875;
 617.3582153320313, 615.5611572265625, 568.090087890625, 577.6947021484375][629.4563598632813, 603.468505859375, 622.6218872070313, 637.4227905273438;
 603.7232666015625, 602.66259765625, 553.72412109375, 563.1909790039063][629.4563598632813, 603.468505859375, 622.6218872070313, 637.4227905273438;
 603.7232666015625, 602.66259765625, 553.72412109375, 563.1909790039063][653.70166015625, 625.2125244140625, 645.54736328125, 662.07275390625;
 616.8760986328125, 615.09375, 567.580810546875, 577.1862182617188][653.70166015625, 625.2125244140625, 645.54736328125, 662.07275390625;
 616.8760986328125, 615.09375, 567.580810546875, 577.1862182617188][629.3775024414063, 603.343505859375, 622.301513671875, 637.1754150390625;
 603.2055053710938, 602.2012939453125, 553.242919921875, 562.6790161132813][629.3775024414063, 603.343505859375, 622.301513671875, 637.1754150390625;
 603.2055053710938, 602.2012939453125, 553.242919921875, 562.6790161132813][653.6483154296875, 625.1063842773438, 645.4652709960938, 662.016357421875;
 616.7933349609375, 614.949951171875, 567.4638671875, 577.0994873046875][653.6483154296875, 625.1063842773438, 645.4652709960938, 662.016357421875;
 616.7933349609375, 614.949951171875, 567.4638671875, 577.0994873046875][629.3433227539063, 603.2243041992188, 622.2108764648438, 637.1219482421875;
 603.12060546875, 602.0623168945313, 553.0975952148438, 562.5855102539063][629.3433227539063, 603.2243041992188, 622.2108764648438, 637.1219482421875;
 603.12060546875, 602.0623168945313, 553.0975952148438, 562.5855102539063][653.67626953125, 625.1256713867188, 645.6268310546875, 662.180908203125;
 617.0964965820313, 615.2062377929688, 567.7537841796875, 577.4415283203125][653.67626953125, 625.1256713867188, 645.6268310546875, 662.180908203125;
 617.0964965820313, 615.2062377929688, 567.7537841796875, 577.4415283203125][629.445068359375, 603.3089599609375, 622.458740234375, 637.36083984375;
 603.4417724609375, 602.316162109375, 553.4055786132813, 562.9085083007813][629.445068359375, 603.3089599609375, 622.458740234375, 637.36083984375;
 603.4417724609375, 602.316162109375, 553.4055786132813, 562.9085083007813][653.6204833984375, 625.0264282226563, 645.460693359375, 662.04345703125;
 616.9602661132813, 615.126708984375, 567.6202392578125, 577.2811279296875][653.6204833984375, 625.0264282226563, 645.460693359375, 662.04345703125;
 616.9602661132813, 615.126708984375, 567.6202392578125, 577.2811279296875][629.4326782226563, 603.230224609375, 622.337158203125, 637.2854614257813;
 603.309814453125, 602.23388671875, 553.2871704101563, 562.759033203125][629.4326782226563, 603.230224609375, 622.337158203125, 637.2854614257813;
 603.309814453125, 602.23388671875, 553.2871704101563, 562.759033203125][653.5381469726563, 624.904296875, 645.161865234375, 661.7682495117188;
 616.7340087890625, 614.9782104492188, 567.4319458007813, 576.9957885742188][653.5381469726563, 624.904296875, 645.161865234375, 661.7682495117188;
 616.7340087890625, 614.9782104492188, 567.4319458007813, 576.9957885742188][629.392822265625, 603.1268310546875, 622.0509643554688, 637.0797729492188;
 603.0614013671875, 602.1002197265625, 553.0505981445313, 562.4883422851563][629.392822265625, 603.1268310546875, 622.0509643554688, 637.0797729492188;
 603.0614013671875, 602.1002197265625, 553.0505981445313, 562.4883422851563][653.6901245117188, 625.0802001953125, 645.411376953125, 662.0079956054688;
 616.7328491210938, 614.947509765625, 567.4195556640625, 577.0098266601563][653.6901245117188, 625.0802001953125, 645.411376953125, 662.0079956054688;
 616.7328491210938, 614.947509765625, 567.4195556640625, 577.0098266601563][629.50830078125, 603.29150390625, 622.2678833007813, 637.2635498046875;
 603.0569458007813, 602.0545043945313, 553.04150390625, 562.501220703125][629.50830078125, 603.29150390625, 622.2678833007813, 637.2635498046875;
 603.0569458007813, 602.0545043945313, 553.04150390625, 562.501220703125][654.016845703125, 625.5322265625, 645.8094482421875, 662.3544921875;
 616.3502807617188, 614.5664672851563, 567.0398559570313, 576.6614990234375][654.016845703125, 625.5322265625, 645.8094482421875, 662.3544921875;
 616.3502807617188, 614.5664672851563, 567.0398559570313, 576.6614990234375][629.6995239257813, 603.69287109375, 622.578369140625, 637.4456787109375;
 602.6995239257813, 601.6320190429688, 552.6548461914063, 562.1409301757813][629.6995239257813, 603.69287109375, 622.578369140625, 637.4456787109375;
 602.6995239257813, 601.6320190429688, 552.6548461914063, 562.1409301757813][653.561279296875, 624.7671508789063, 642.6303100585938, 659.7701416015625;
 612.5200805664063, 611.6944580078125, 563.3959350585938, 572.4334716796875][653.561279296875, 624.7671508789063, 642.6303100585938, 659.7701416015625;
 612.5200805664063, 611.6944580078125, 563.3959350585938, 572.4334716796875][629.2145385742188, 602.7754516601563, 618.9592895507813, 634.58935546875;
 598.8052978515625, 598.755126953125, 549.0020751953125, 557.9002685546875][629.2145385742188, 602.7754516601563, 618.9592895507813, 634.58935546875;
 598.8052978515625, 598.755126953125, 549.0020751953125, 557.9002685546875][651.910888671875, 622.7003173828125, 637.681640625, 655.6482543945313;
 609.3623046875, 609.97119140625, 560.796630859375, 568.9556274414063][651.910888671875, 622.7003173828125, 637.681640625, 655.6482543945313;
 609.3623046875, 609.97119140625, 560.796630859375, 568.9556274414063][627.7642822265625, 600.7459106445313, 613.8646850585938, 630.4824829101563;
 595.6449584960938, 597.0638427734375, 546.4685668945313, 554.4706420898438][627.7642822265625, 600.7459106445313, 613.8646850585938, 630.4824829101563;
 595.6449584960938, 597.0638427734375, 546.4685668945313, 554.4706420898438][651.1744995117188, 621.8825073242188, 635.5960083007813, 653.8165283203125;
 608.2068481445313, 609.6981201171875, 560.083251953125, 567.6771240234375][651.1744995117188, 621.8825073242188, 635.5960083007813, 653.8165283203125;
 608.2068481445313, 609.6981201171875, 560.083251953125, 567.6771240234375][627.1091918945313, 600.012451171875, 611.9544067382813, 628.7953491210938;
 594.4935913085938, 596.7913208007813, 545.7352294921875, 553.2122802734375][627.1091918945313, 600.012451171875, 611.9544067382813, 628.7953491210938;
 594.4935913085938, 596.7913208007813, 545.7352294921875, 553.2122802734375][650.994873046875, 621.7025756835938, 634.9116821289063, 653.2825317382813;
 607.6404418945313, 609.4067993164063, 559.6290893554688, 567.0800170898438][650.994873046875, 621.7025756835938, 634.9116821289063, 653.2825317382813;
 607.6404418945313, 609.4067993164063, 559.6290893554688, 567.0800170898438][626.9815063476563, 599.83154296875, 611.2744750976563, 628.3070068359375;
 593.91650390625, 596.5036010742188, 545.343505859375, 552.605224609375][626.9815063476563, 599.83154296875, 611.2744750976563, 628.3070068359375;
 593.91650390625, 596.5036010742188, 545.343505859375, 552.605224609375][651.1246337890625, 621.8377075195313, 635.2673950195313, 653.53515625;
 607.9850463867188, 609.6868286132813, 559.94189453125, 567.4388427734375][651.1246337890625, 621.8377075195313, 635.2673950195313, 653.53515625;
 607.9850463867188, 609.6868286132813, 559.94189453125, 567.4388427734375][627.0623779296875, 599.972412109375, 611.6448974609375, 628.55810546875;
 594.2515869140625, 596.7769165039063, 545.6204223632813, 552.9722290039063][627.0623779296875, 599.972412109375, 611.6448974609375, 628.55810546875;
 594.2515869140625, 596.7769165039063, 545.6204223632813, 552.9722290039063][651.2574462890625, 622.0306396484375, 635.7925415039063, 653.9969482421875;
 608.60205078125, 610.1255493164063, 560.4756469726563, 568.0490112304688][651.2574462890625, 622.0306396484375, 635.7925415039063, 653.9969482421875;
 608.60205078125, 610.1255493164063, 560.4756469726563, 568.0490112304688][627.204345703125, 600.18310546875, 612.247802734375, 629.06591796875;
 594.8780517578125, 597.2341918945313, 546.1524047851563, 553.5809326171875][627.204345703125, 600.18310546875, 612.247802734375, 629.06591796875;
 594.8780517578125, 597.2341918945313, 546.1524047851563, 553.5809326171875][651.20947265625, 621.9794921875, 635.8543090820313, 654.0252075195313;
 608.8833618164063, 610.3901977539063, 560.724609375, 568.35107421875][651.20947265625, 621.9794921875, 635.8543090820313, 654.0252075195313;
 608.8833618164063, 610.3901977539063, 560.724609375, 568.35107421875][627.1671752929688, 600.1552734375, 612.3662109375, 629.154052734375;
 595.1446533203125, 597.4965209960938, 546.4358520507813, 553.869384765625][627.1671752929688, 600.1552734375, 612.3662109375, 629.154052734375;
 595.1446533203125, 597.4965209960938, 546.4358520507813, 553.869384765625][651.3053588867188, 622.0684814453125, 636.1416015625, 654.2655639648438;
 609.040283203125, 610.4518432617188, 560.8446044921875, 568.5191650390625][651.3053588867188, 622.0684814453125, 636.1416015625, 654.2655639648438;
 609.040283203125, 610.4518432617188, 560.8446044921875, 568.5191650390625][627.2373657226563, 600.2522583007813, 612.6318969726563, 629.3903198242188;
 595.3216552734375, 597.5586547851563, 546.5440673828125, 554.0479736328125][627.2373657226563, 600.2522583007813, 612.6318969726563, 629.3903198242188;
 595.3216552734375, 597.5586547851563, 546.5440673828125, 554.0479736328125][651.5905151367188, 622.4003295898438, 636.6166381835938, 654.6869506835938;
 608.7556762695313, 609.9810791015625, 560.4798583984375, 568.2505493164063][651.5905151367188, 622.4003295898438, 636.6166381835938, 654.6869506835938;
 608.7556762695313, 609.9810791015625, 560.4798583984375, 568.2505493164063][627.5125732421875, 600.5396118164063, 613.0241088867188, 629.7081298828125;
 595.0099487304688, 597.0958862304688, 546.1536865234375, 553.7677612304688][627.5125732421875, 600.5396118164063, 613.0241088867188, 629.7081298828125;
 595.0099487304688, 597.0958862304688, 546.1536865234375, 553.7677612304688][653.101318359375, 624.0169677734375, 638.7520751953125, 656.6323852539063;
 607.1658935546875, 607.95654296875, 558.6906127929688, 566.74658203125][653.101318359375, 624.0169677734375, 638.7520751953125, 656.6323852539063;
 607.1658935546875, 607.95654296875, 558.6906127929688, 566.74658203125][628.8388671875, 602.05224609375, 614.9495849609375, 631.4304809570313;
 593.3853759765625, 594.976318359375, 544.3154296875, 552.2144775390625][628.8388671875, 602.05224609375, 614.9495849609375, 631.4304809570313;
 593.3853759765625, 594.976318359375, 544.3154296875, 552.2144775390625][666.6292114257813, 638.2277221679688, 647.3348999023438, 665.6713256835938;
 589.1389770507813, 592.6548461914063, 542.5355834960938, 548.8435668945313][666.6292114257813, 638.2277221679688, 647.3348999023438, 665.6713256835938;
 589.1389770507813, 592.6548461914063, 542.5355834960938, 548.8435668945313][641.0582275390625, 615.193359375, 622.0882568359375, 638.95751953125;
 574.765625, 578.9853515625, 527.6697387695313, 533.89453125][641.0582275390625, 615.193359375, 622.0882568359375, 638.95751953125;
 574.765625, 578.9853515625, 527.6697387695313, 533.89453125][672.259521484375, 644.6106567382813, 646.6251220703125, 665.6895751953125;
 564.2586669921875, 571.70068359375, 521.2658081054688, 524.86669921875][672.259521484375, 644.6106567382813, 646.6251220703125, 665.6895751953125;
 564.2586669921875, 571.70068359375, 521.2658081054688, 524.86669921875][644.254638671875, 619.1151123046875, 619.1591796875, 636.7666015625;
 549.4423828125, 557.4962768554688, 506.0138244628906, 509.545654296875][644.254638671875, 619.1151123046875, 619.1591796875, 636.7666015625;
 549.4423828125, 557.4962768554688, 506.0138244628906, 509.545654296875][651.3345947265625, 623.5404052734375, 625.598388671875, 644.8104858398438;
 554.1956787109375, 562.2426147460938, 512.2024536132813, 515.2466430664063][651.3345947265625, 623.5404052734375, 625.598388671875, 644.8104858398438;
 554.1956787109375, 562.2426147460938, 512.2024536132813, 515.2466430664063][619.8148803710938, 593.9799194335938, 594.7748413085938, 612.858642578125;
 539.578857421875, 548.259521484375, 497.0152282714844, 499.9978637695313][619.8148803710938, 593.9799194335938, 594.7748413085938, 612.858642578125;
 539.578857421875, 548.259521484375, 497.0152282714844, 499.9978637695313][625.1323852539063, 597.574462890625, 598.933349609375, 618.25341796875;
 567.6460571289063, 576.543212890625, 527.1906127929688, 529.4317626953125][625.1323852539063, 597.574462890625, 598.933349609375, 618.25341796875;
 567.6460571289063, 576.543212890625, 527.1906127929688, 529.4317626953125][589.8396606445313, 563.6455688476563, 564.5084228515625, 582.9180297851563;
 553.7529907226563, 563.4320678710938, 512.6891479492188, 514.8180541992188][589.8396606445313, 563.6455688476563, 564.5084228515625, 582.9180297851563;
 553.7529907226563, 563.4320678710938, 512.6891479492188, 514.8180541992188][612.9823608398438, 585.6065673828125, 585.3145141601563, 604.7814331054688;
 582.05615234375, 591.8875732421875, 542.7667236328125, 544.2675170898438][612.9823608398438, 585.6065673828125, 585.3145141601563, 604.7814331054688;
 582.05615234375, 591.8875732421875, 542.7667236328125, 544.2675170898438][576.8391723632813, 550.4638671875, 549.6629028320313, 568.525634765625;
 568.763427734375, 579.486083984375, 528.9100952148438, 530.2036743164063][576.8391723632813, 550.4638671875, 549.6629028320313, 568.525634765625;
 568.763427734375, 579.486083984375, 528.9100952148438, 530.2036743164063][612.7911987304688, 585.4758911132813, 584.530517578125, 604.07373046875;
 580.5889892578125, 590.71875, 541.6036987304688, 542.9024658203125][612.7911987304688, 585.4758911132813, 584.530517578125, 604.07373046875;
 580.5889892578125, 590.71875, 541.6036987304688, 542.9024658203125][576.6603393554688, 550.3034057617188, 548.7762451171875, 567.7308349609375;
 567.2352294921875, 578.284912109375, 527.7205810546875, 528.8113403320313][576.6603393554688, 550.3034057617188, 548.7762451171875, 567.7308349609375;
 567.2352294921875, 578.284912109375, 527.7205810546875, 528.8113403320313][612.634521484375, 585.374267578125, 584.1636962890625, 603.7146606445313;
 580.41015625, 590.728759765625, 541.6154174804688, 542.78955078125][612.634521484375, 585.374267578125, 584.1636962890625, 603.7146606445313;
 580.41015625, 590.728759765625, 541.6154174804688, 542.78955078125][576.5872192382813, 550.2407836914063, 548.56884765625, 567.5243530273438;
 567.0678100585938, 578.3177490234375, 527.7531127929688, 528.7040405273438][576.5872192382813, 550.2407836914063, 548.56884765625, 567.5243530273438;
 567.0678100585938, 578.3177490234375, 527.7531127929688, 528.7040405273438][612.3433837890625, 584.8865356445313, 584.1246337890625, 603.7337036132813;
 581.8890380859375, 591.9547729492188, 542.81005859375, 544.1195678710938][612.3433837890625, 584.8865356445313, 584.1246337890625, 603.7337036132813;
 581.8890380859375, 591.9547729492188, 542.81005859375, 544.1195678710938][576.5031127929688, 549.9150390625, 548.6390380859375, 567.7193603515625;
 568.57177734375, 579.561767578125, 528.9725341796875, 530.0675048828125][576.5031127929688, 549.9150390625, 548.6390380859375, 567.7193603515625;
 568.57177734375, 579.561767578125, 528.9725341796875, 530.0675048828125][613.0960083007813, 585.4894409179688, 585.6607055664063, 605.2704467773438;
 582.9738159179688, 592.538330078125, 543.3914184570313, 545.0719604492188][613.0960083007813, 585.4894409179688, 585.6607055664063, 605.2704467773438;
 582.9738159179688, 592.538330078125, 543.3914184570313, 545.0719604492188][577.2698974609375, 550.5106811523438, 550.279541015625, 569.2920532226563;
 569.6795654296875, 580.157958984375, 529.5357666015625, 531.019287109375][577.2698974609375, 550.5106811523438, 550.279541015625, 569.2920532226563;
 569.6795654296875, 580.157958984375, 529.5357666015625, 531.019287109375][613.7415161132813, 586.0149536132813, 586.951416015625, 606.498291015625;
 583.8447265625, 592.9896850585938, 543.8504638671875, 545.8341674804688][613.7415161132813, 586.0149536132813, 586.951416015625, 606.498291015625;
 583.8447265625, 592.9896850585938, 543.8504638671875, 545.8341674804688][577.874267578125, 551.0552368164063, 551.6207275390625, 570.5382080078125;
 570.5335083007813, 580.591552734375, 530.0011596679688, 531.7771606445313][577.874267578125, 551.0552368164063, 551.6207275390625, 570.5382080078125;
 570.5335083007813, 580.591552734375, 530.0011596679688, 531.7771606445313][613.7723388671875, 586.0081787109375, 587.1163330078125, 606.6363525390625;
 584.076171875, 593.1629028320313, 544.0386352539063, 546.0543212890625][613.7723388671875, 586.0081787109375, 587.1163330078125, 606.6363525390625;
 584.076171875, 593.1629028320313, 544.0386352539063, 546.0543212890625][577.930419921875, 551.0686645507813, 551.778564453125, 570.7092895507813;
 570.8162841796875, 580.7726440429688, 530.1738891601563, 532.0138549804688][577.930419921875, 551.0686645507813, 551.778564453125, 570.7092895507813;
 570.8162841796875, 580.7726440429688, 530.1738891601563, 532.0138549804688][613.1679077148438, 585.4478759765625, 585.9849243164063, 605.5975341796875;
 583.763916015625, 593.1149291992188, 543.9619140625, 545.7880859375][613.1679077148438, 585.4478759765625, 585.9849243164063, 605.5975341796875;
 583.763916015625, 593.1149291992188, 543.9619140625, 545.7880859375][577.4328002929688, 550.5347900390625, 550.65478515625, 569.7152099609375;
 570.470458984375, 580.7453002929688, 530.1310424804688, 531.75830078125][577.4328002929688, 550.5347900390625, 550.65478515625, 569.7152099609375;
 570.470458984375, 580.7453002929688, 530.1310424804688, 531.75830078125][612.7822875976563, 585.0438842773438, 585.3088989257813, 604.9559936523438;
 583.7139892578125, 593.224853515625, 544.0684814453125, 545.7750244140625][612.7822875976563, 585.0438842773438, 585.3088989257813, 604.9559936523438;
 583.7139892578125, 593.224853515625, 544.0684814453125, 545.7750244140625][577.1852416992188, 550.173583984375, 550.0555419921875, 569.2432861328125;
 570.4227294921875, 580.8739013671875, 530.2387084960938, 531.7402954101563][577.1852416992188, 550.173583984375, 550.0555419921875, 569.2432861328125;
 570.4227294921875, 580.8739013671875, 530.2387084960938, 531.7402954101563][612.7338256835938, 584.981201171875, 585.3383178710938, 604.9969482421875;
 584.1658325195313, 593.6770629882813, 544.5277099609375, 546.2130126953125][612.7338256835938, 584.981201171875, 585.3383178710938, 604.9969482421875;
 584.1658325195313, 593.6770629882813, 544.5277099609375, 546.2130126953125][577.201416015625, 550.1702880859375, 550.2515869140625, 569.4252319335938;
 570.9131469726563, 581.343994140625, 530.7197875976563, 532.1907348632813][577.201416015625, 550.1702880859375, 550.2515869140625, 569.4252319335938;
 570.9131469726563, 581.343994140625, 530.7197875976563, 532.1907348632813][612.8150024414063, 584.92626953125, 585.683837890625, 605.4059448242188;
 585.067626953125, 594.353515625, 545.216064453125, 547.06103515625][612.8150024414063, 584.92626953125, 585.683837890625, 605.4059448242188;
 585.067626953125, 594.353515625, 545.216064453125, 547.06103515625][577.4461059570313, 550.2105712890625, 550.7504272460938, 569.978759765625;
 571.8433837890625, 582.0466918945313, 531.416015625, 533.0398559570313][577.4461059570313, 550.2105712890625, 550.7504272460938, 569.978759765625;
 571.8433837890625, 582.0466918945313, 531.416015625, 533.0398559570313][613.4063110351563, 585.2791137695313, 587.16064453125, 606.8148803710938;
 586.37939453125, 594.9952392578125, 545.8736572265625, 548.1867065429688][613.4063110351563, 585.2791137695313, 587.16064453125, 606.8148803710938;
 586.37939453125, 594.9952392578125, 545.8736572265625, 548.1867065429688][578.123291015625, 550.5988159179688, 552.2647094726563, 571.5264282226563;
 573.1474609375, 582.695068359375, 532.09423828125, 534.1754150390625][578.123291015625, 550.5988159179688, 552.2647094726563, 571.5264282226563;
 573.1474609375, 582.695068359375, 532.09423828125, 534.1754150390625][616.0606079101563, 587.5271606445313, 592.9763793945313, 612.3244018554688;
 589.3792724609375, 595.9671020507813, 547.1229858398438, 550.8624267578125][616.0606079101563, 587.5271606445313, 592.9763793945313, 612.3244018554688;
 589.3792724609375, 595.9671020507813, 547.1229858398438, 550.8624267578125][580.5403442382813, 552.7396850585938, 557.8521118164063, 576.656982421875;
 576.1646118164063, 583.6231079101563, 533.2772827148438, 536.8396606445313][580.5403442382813, 552.7396850585938, 557.8521118164063, 576.656982421875;
 576.1646118164063, 583.6231079101563, 533.2772827148438, 536.8396606445313][627.411865234375, 598.4035034179688, 616.0689697265625, 633.5577392578125;
 596.1724853515625, 595.3201904296875, 549.4732666015625, 558.0234985351563][627.411865234375, 598.4035034179688, 616.0689697265625, 633.5577392578125;
 596.1724853515625, 595.3201904296875, 549.4732666015625, 558.0234985351563][591.5523681640625, 563.4180908203125, 580.6279907226563, 597.4301147460938;
 582.8388061523438, 582.6508178710938, 535.3252563476563, 543.776123046875][591.5523681640625, 563.4180908203125, 580.6279907226563, 597.4301147460938;
 582.8388061523438, 582.6508178710938, 535.3252563476563, 543.776123046875][658.4873657226563, 629.8977661132813, 653.2393188476563, 669.3886108398438;
 581.39501953125, 576.5238647460938, 533.1412353515625, 544.0701293945313][658.4873657226563, 629.8977661132813, 653.2393188476563, 669.3886108398438;
 581.39501953125, 576.5238647460938, 533.1412353515625, 544.0701293945313][623.601806640625, 596.2059326171875, 618.4466552734375, 633.7786254882813;
 567.0325317382813, 562.665771484375, 518.071044921875, 528.9537353515625][623.601806640625, 596.2059326171875, 618.4466552734375, 633.7786254882813;
 567.0325317382813, 562.665771484375, 518.071044921875, 528.9537353515625][746.182861328125, 719.6821899414063, 747.1814575195313, 760.9524536132813;
 552.9721069335938, 543.6807861328125, 503.6334838867188, 517.1088256835938][746.182861328125, 719.6821899414063, 747.1814575195313, 760.9524536132813;
 552.9721069335938, 543.6807861328125, 503.6334838867188, 517.1088256835938][712.4249877929688, 688.4110107421875, 712.8711547851563, 725.2537841796875;
 536.67431640625, 527.78125, 487.3351135253906, 500.7337646484375][712.4249877929688, 688.4110107421875, 712.8711547851563, 725.2537841796875;
 536.67431640625, 527.78125, 487.3351135253906, 500.7337646484375][871.196533203125, 849.6051635742188, 870.1929931640625, 881.403564453125;
 564.95947265625, 558.2890625, 515.2619018554688, 527.629150390625][871.196533203125, 849.6051635742188, 870.1929931640625, 881.403564453125;
 564.95947265625, 558.2890625, 515.2619018554688, 527.629150390625][816.2182006835938, 832.2916259765625, 841.0029296875, 833.1193237304688;
 540.311279296875, 497.8764343261719, 509.8832092285156, 546.5266723632813][816.2182006835938, 832.2916259765625, 841.0029296875, 833.1193237304688;
 540.311279296875, 497.8764343261719, 509.8832092285156, 546.5266723632813][-100][-100][-100][-100]