3D [58.414501, 172.57347, 931.01355;
 29.628229, 168.98526, 923.6546;
 50.697273, 123.80383, 927.41016;
 67.620316, 134.09509, 932.26447]3D [58.414501, 172.57347, 931.01355;
 29.628229, 168.98526, 923.6546;
 50.697273, 123.80383, 927.41016;
 67.620316, 134.09509, 932.26447]3D [55.440956, 164.12126, 937.04858;
 27.1394, 164.36864, 927.19159;
 40.880711, 116.83564, 934.36597;
 58.704613, 124.80044, 940.39764]3D [55.476463, 164.18454, 936.92303;
 27.145117, 164.3916, 927.14612;
 40.968071, 116.8828, 934.32373;
 58.787357, 124.86804, 940.26855]3D [55.463627, 164.1624, 936.77991;
 27.1122, 164.38382, 927.08795;
 40.925228, 116.85979, 934.19623;
 58.763687, 124.84496, 940.17841]3D [55.511864, 164.26439, 936.71161;
 27.145868, 164.44862, 927.05865;
 41.059052, 116.94698, 934.14703;
 58.871113, 124.94991, 940.09644]3D [55.191792, 163.76157, 937.03296;
 26.877678, 164.23923, 927.19012;
 40.160049, 116.61909, 934.60699;
 58.071423, 124.41491, 940.49298]3D [53.780006, 161.0668, 937.59296;
 25.614275, 163.01228, 927.45911;
 36.397953, 114.7467, 934.79443;
 54.62093, 121.6003, 940.89075]3D [52.889408, 159.4649, 937.36975;
 24.823545, 162.32652, 927.17151;
 34.167805, 113.69698, 934.04053;
 52.571812, 119.95069, 940.24823]3D [52.358627, 158.57832, 937.13165;
 24.307934, 161.95586, 927.02979;
 32.796364, 113.16539, 933.8396;
 51.316162, 119.08682, 940.07233]3D [51.992237, 157.97903, 937.086;
 23.997318, 161.6812, 926.9729;
 31.941833, 112.78504, 933.70923;
 50.536232, 118.49419, 939.89532]3D [51.607986, 157.36952, 937.21484;
 23.698343, 161.46095, 927.00488;
 30.999624, 112.46118, 933.68994;
 49.628448, 117.90094, 939.92401]3D [51.309952, 156.94432, 937.28198;
 23.461279, 161.28246, 927.04828;
 30.369186, 112.19535, 933.59033;
 49.028, 117.48856, 940.01105]3D [51.150192, 156.67758, 937.31067;
 23.331419, 161.17259, 927.04309;
 29.968794, 112.05042, 933.53198;
 48.65834, 117.21869, 939.78326]3D [51.248066, 156.86777, 937.5238;
 23.48345, 161.293, 927.06268;
 30.243395, 112.17441, 933.46979;
 48.871227, 117.40609, 939.99738]3D [51.22617, 156.84102, 937.57941;
 23.482756, 161.29575, 927.07965;
 30.192265, 112.16171, 933.44562;
 48.822701, 117.37733, 939.98126]3D [50.910076, 156.35574, 937.52319;
 23.204361, 161.10457, 927.06799;
 29.449726, 111.90105, 933.36481;
 48.109596, 116.91262, 939.8407]3D [50.304241, 155.48489, 937.46198;
 22.68041, 160.71231, 927.03351;
 28.068996, 111.40955, 933.32153;
 46.840199, 116.10061, 939.78528]3D [50.1008, 155.17412, 937.42792;
 22.493729, 160.58278, 927.0434;
 27.587233, 111.24161, 933.2699;
 46.385551, 115.80386, 939.74133]3D [50.088089, 155.15013, 937.54895;
 22.502506, 160.56522, 927.09845;
 27.583405, 111.22012, 933.29077;
 46.364479, 115.77142, 939.79803]3D [49.909542, 154.91194, 937.76508;
 22.416092, 160.47893, 927.07916;
 27.204079, 111.09509, 933.18433;
 45.970703, 115.55693, 939.90173]3D [49.625774, 154.52544, 937.77197;
 22.229044, 160.33409, 926.9859;
 26.610697, 110.89471, 932.9046;
 45.393562, 115.17458, 939.65479]3D [49.362316, 154.17532, 937.68054;
 22.022324, 160.23683, 927.00159;
 26.021193, 110.74668, 932.82727;
 44.829632, 114.87839, 939.56866]3D [49.20517, 153.96771, 937.93579;
 21.968159, 160.21469, 927.06354;
 25.731646, 110.66643, 932.60376;
 44.492008, 114.68021, 939.52869]3D [48.98737, 153.74017, 938.23706;
 21.86574, 160.1676, 927.14258;
 25.311981, 110.56863, 932.54913;
 44.056129, 114.46461, 939.67462]3D [48.887558, 153.62918, 938.28027;
 21.809338, 160.14775, 927.10968;
 25.144836, 110.51398, 932.31458;
 43.875614, 114.32517, 939.38031]3D [45.049023, 149.06094, 937.64655;
 19.041513, 158.67595, 926.16754;
 17.375299, 108.80759, 929.40735;
 36.205627, 110.44654, 936.95697]3D [44.811409, 148.80672, 937.5542;
 18.885479, 158.65193, 926.12;
 16.927347, 108.75141, 928.9209;
 35.752396, 110.24062, 936.58337]3D [44.520958, 148.50121, 937.62897;
 18.736073, 158.59642, 926.16791;
 16.437214, 108.6879, 928.67084;
 35.217148, 110.02475, 936.55444]3D [44.075607, 148.06422, 937.23151;
 18.326874, 158.45943, 925.88062;
 15.494839, 108.56537, 928.27203;
 34.35778, 109.66161, 935.9873]3D [43.708794, 147.67587, 936.73883;
 17.951492, 158.33839, 925.6828;
 14.695587, 108.46664, 927.9856;
 33.624382, 109.38261, 935.53522]3D [42.197418, 146.24829, 936.11584;
 16.753559, 157.85378, 925.36694;
 11.729685, 108.14323, 927.58643;
 30.732519, 108.36181, 935.00598]3D [40.787922, 145.01257, 936.13477;
 15.845963, 157.55994, 925.27008;
 9.2441816, 107.99375, 926.9032;
 28.177507, 107.52269, 934.41534]3D [40.684883, 144.92169, 935.87567;
 15.771809, 157.59985, 925.11542;
 9.0457296, 108.04364, 926.46674;
 27.971172, 107.47667, 933.96045]3D [40.174118, 144.49519, 935.38873;
 15.354809, 157.49399, 924.76501;
 8.1082506, 107.98755, 925.79401;
 27.056566, 107.17681, 933.33624]3D [39.409702, 143.87961, 935.2276;
 14.801534, 157.32178, 924.68079;
 6.7355394, 107.95536, 925.57483;
 25.693491, 106.79835, 932.95239]3D [38.508911, 143.1602, 935.10944;
 14.156022, 157.08926, 924.59375;
 5.1499267, 107.89821, 925.41815;
 24.072924, 106.3479, 932.77625]3D [38.303337, 143.03899, 935.37494;
 14.11007, 157.10274, 924.66858;
 4.8546686, 107.96144, 925.30896;
 23.692623, 106.30323, 932.93237]3D [38.600952, 143.22646, 935.2644;
 14.353941, 157.17744, 924.54333;
 5.4072094, 107.97041, 925.00372;
 24.2533, 106.40046, 932.50238]3D [38.663372, 143.26831, 935.31525;
 14.399658, 157.17914, 924.56024;
 5.5134687, 107.96989, 925.05939;
 24.362568, 106.42618, 932.54858]3D [38.170197, 142.87415, 935.15637;
 14.006145, 157.0614, 924.54797;
 4.6072431, 107.93573, 924.99329;
 23.460497, 106.18038, 932.44531]3D [37.330227, 142.23325, 935.03522;
 13.392871, 156.85097, 924.51288;
 3.1256237, 107.89968, 924.98346;
 21.964598, 105.82952, 932.41266]3D [36.791035, 141.8858, 935.02936;
 13.049274, 156.79451, 924.44775;
 2.2346165, 107.95552, 924.89655;
 21.034851, 105.65608, 932.31964]3D [36.729107, 141.81271, 935.05365;
 13.087779, 156.81143, 924.35968;
 2.1929221, 107.98292, 924.40186;
 20.927502, 105.618, 932.05261]3D [36.809975, 141.91235, 935.47479;
 13.250072, 156.86, 924.57336;
 2.4493392, 108.01289, 924.55725;
 21.112644, 105.68972, 932.30902]3D [36.597958, 141.74002, 935.76257;
 13.147439, 156.7402, 924.67285;
 2.1243114, 107.94765, 924.81812;
 20.753168, 105.56715, 932.70496]3D [36.293995, 141.49553, 935.90137;
 12.971764, 156.62843, 924.68121;
 1.6441028, 107.91879, 924.83008;
 20.248323, 105.40292, 932.65918]3D [35.952106, 141.21155, 935.80731;
 12.743293, 156.54855, 924.70068;
 1.076851, 107.91369, 924.63708;
 19.648256, 105.2681, 932.59784]3D [35.578979, 140.97667, 935.85498;
 12.49906, 156.47241, 924.64111;
 0.46833235, 107.92616, 924.53027;
 19.009502, 105.14323, 932.54529]3D [35.33099, 140.78094, 935.65472;
 12.340497, 156.44624, 924.55225;
 0.066375457, 107.96075, 924.29425;
 18.576696, 105.04591, 932.23322]3D [34.993347, 140.55359, 935.43933;
 12.102682, 156.41566, 924.37543;
 -0.50608927, 108.01345, 923.90546;
 18.00173, 104.94722, 931.80719]3D [34.670876, 140.35629, 935.45331;
 11.895021, 156.3938, 924.39819;
 -1.0150667, 108.06348, 923.73413;
 17.465467, 104.86622, 931.75299]3D [33.981663, 139.88116, 935.31866;
 11.420003, 156.22084, 924.24567;
 -2.1535962, 108.07703, 923.70959;
 16.296394, 104.61462, 931.6015]3D [33.585583, 139.59416, 935.14722;
 11.137703, 156.17282, 924.2536;
 -2.8121831, 108.13036, 923.49664;
 15.604816, 104.50426, 931.40485]3D [33.916512, 139.86182, 935.10059;
 11.426723, 156.31595, 924.13055;
 -2.2167661, 108.20511, 923.20435;
 16.185627, 104.66695, 931.18964]3D [34.33865, 140.10197, 934.87524;
 11.703601, 156.44476, 924.03204;
 -1.5407807, 108.20174, 922.79657;
 16.885033, 104.79193, 930.88068]3D [34.363487, 140.13762, 934.78308;
 11.709456, 156.48734, 923.96753;
 -1.5062627, 108.23332, 922.64502;
 16.928413, 104.8186, 930.69464]3D [33.997066, 139.92535, 934.54498;
 11.453814, 156.44783, 923.73669;
 -2.1234605, 108.33015, 922.4151;
 16.31451, 104.7375, 930.31757]3D [33.312897, 139.54016, 934.30225;
 10.966936, 156.39914, 923.62024;
 -3.237443, 108.45237, 922.0459;
 15.147015, 104.59757, 929.93378]3D [32.498905, 138.98817, 934.09924;
 10.421852, 156.24739, 923.50916;
 -4.5466895, 108.54321, 921.74438;
 13.798527, 104.34894, 929.56683]3D [31.723074, 138.5303, 934.54901;
 10.081181, 156.13255, 923.56567;
 -5.602519, 108.68114, 921.60626;
 12.549981, 104.19293, 929.67804]3D [31.060265, 138.13173, 934.74536;
 9.7468624, 156.02356, 923.60742;
 -6.5291443, 108.77477, 921.45099;
 11.498508, 104.049, 929.68341]3D [30.59841, 137.83926, 934.37;
 9.4528971, 156.02379, 923.38312;
 -7.2577267, 108.93746, 920.85919;
 10.711535, 103.98441, 929.11078]3D [29.917677, 137.4957, 934.13605;
 8.9968262, 155.98763, 923.24774;
 -8.3259783, 109.11773, 920.50427;
 9.5971375, 103.90553, 928.65363]3D [28.947069, 136.90343, 934.04553;
 8.3398275, 155.76767, 923.16382;
 -9.8577766, 109.2545, 920.55231;
 7.9955826, 103.70078, 928.6427]3D [27.77635, 136.24562, 933.91693;
 7.5431886, 155.55875, 923.17706;
 -11.652152, 109.45129, 920.54138;
 6.0941544, 103.5311, 928.69482]3D [26.878752, 135.77339, 933.69794;
 6.9568496, 155.46286, 923.03601;
 -12.998387, 109.68815, 920.34204;
 4.6511126, 103.44416, 928.42767]3D [25.862019, 135.29869, 933.35999;
 6.2617579, 155.40764, 922.84631;
 -14.538694, 110.01647, 919.95801;
 3.018801, 103.41311, 927.95825]3D [24.616329, 134.72031, 932.90314;
 5.4302092, 155.31255, 922.60577;
 -16.402897, 110.42964, 919.69476;
 1.055087, 103.35779, 927.36847]3D [23.26433, 134.16397, 932.7702;
 4.5696893, 155.23393, 922.5332;
 -18.343887, 110.89697, 919.56726;
 -1.0694866, 103.40917, 927.28522]3D [21.912064, 133.59413, 932.56311;
 3.7176178, 155.14458, 922.40533;
 -20.251492, 111.39331, 919.28943;
 -3.1543281, 103.47184, 927.05798]3D [20.375099, 133.0681, 932.39093;
 2.7223239, 155.11835, 922.33215;
 -22.421003, 112.03774, 919.20013;
 -5.5126028, 103.62704, 926.86884]3D [19.666271, 132.82671, 932.15918;
 2.359488, 155.18007, 922.14655;
 -23.323542, 112.42434, 918.61621;
 -6.5658264, 103.75522, 926.29303]3D [19.167768, 132.71111, 931.70184;
 2.1273372, 155.31815, 921.84949;
 -23.929119, 112.84112, 917.76215;
 -7.2829452, 103.92813, 925.36035]3D [18.384642, 132.47401, 931.74182;
 1.7395419, 155.34244, 921.82068;
 -24.87245, 113.24932, 917.49512;
 -8.4316339, 104.10175, 925.2489]3D [17.407946, 132.1855, 931.83911;
 1.2136111, 155.31493, 921.76691;
 -26.106081, 113.70185, 917.28046;
 -9.863306, 104.26596, 925.14844]3D [16.823677, 132.00549, 931.82928;
 0.94686902, 155.34024, 921.70215;
 -26.777403, 114.01026, 916.89172;
 -10.693915, 104.40202, 924.90643]3D [16.27951, 131.85609, 931.75543;
 0.70521617, 155.37804, 921.56189;
 -27.397503, 114.35507, 916.47577;
 -11.459075, 104.55254, 924.51691]3D [15.629256, 131.7083, 931.51526;
 0.32538155, 155.45351, 921.45197;
 -28.209116, 114.75397, 916.02216;
 -12.393609, 104.73289, 924.05017]3D [14.825298, 131.49736, 931.44226;
 -0.092306152, 155.46619, 921.35663;
 -29.200489, 115.21291, 915.87903;
 -13.53027, 104.92131, 923.77454]3D [14.218548, 131.30441, 931.77032;
 -0.37327781, 155.39499, 921.47662;
 -29.865059, 115.43007, 915.93475;
 -14.374082, 105.02104, 924.03229]3D [13.486046, 131.11217, 932.14374;
 -0.72194493, 155.32561, 921.63531;
 -30.686035, 115.70224, 916.07928;
 -15.388968, 105.15511, 924.38159]3D [12.833913, 130.91893, 932.26251;
 -1.0478266, 155.28421, 921.62671;
 -31.426525, 116.02116, 915.93433;
 -16.273964, 105.29445, 924.29559]3D [12.759918, 130.84531, 932.56921;
 -0.92772156, 155.21808, 921.71985;
 -31.312654, 116.00465, 915.71411;
 -16.299967, 105.26268, 924.27869]3D [12.737249, 130.7877, 933.38507;
 -0.60300004, 155.10657, 921.98859;
 -30.898603, 115.90472, 915.54004;
 -16.153553, 105.19427, 924.52594]3D [11.941854, 130.593, 933.3432;
 -1.1275041, 155.07855, 921.98218;
 -31.942179, 116.25909, 915.56677;
 -17.305538, 105.38277, 924.56091]3D [11.549344, 130.49567, 933.05225;
 -1.383531, 155.12202, 921.88196;
 -32.482689, 116.53165, 915.50659;
 -17.882813, 105.51497, 924.33655]3D [11.51455, 130.47189, 932.83038;
 -1.384008, 155.14787, 921.73969;
 -32.495831, 116.61207, 915.1225;
 -17.929565, 105.54964, 923.99207]3D [11.439939, 130.46625, 932.73474;
 -1.4233848, 155.17529, 921.6449;
 -32.591427, 116.71073, 914.91333;
 -18.045238, 105.59151, 923.82556]3D [11.152715, 130.40227, 932.62488;
 -1.5769684, 155.18185, 921.53278;
 -32.93103, 116.87111, 914.77631;
 -18.434566, 105.66254, 923.61285]3D [10.851696, 130.33943, 932.3938;
 -1.7488199, 155.2247, 921.42371;
 -33.292622, 117.09083, 914.53619;
 -18.864302, 105.79285, 923.35144]3D [10.743315, 130.32278, 932.4895;
 -1.8012623, 155.21848, 921.5058;
 -33.39658, 117.12431, 914.54413;
 -19.014488, 105.8224, 923.49335]3D [10.76354, 130.32144, 932.60852;
 -1.7524797, 155.20332, 921.55182;
 -33.33419, 117.10195, 914.61768;
 -18.963211, 105.8041, 923.54889]3D [10.652041, 130.29202, 932.58228;
 -1.8390965, 155.21837, 921.5484;
 -33.480045, 117.15884, 914.49561;
 -19.137754, 105.84482, 923.521]3D [10.656394, 130.28845, 932.47229;
 -1.8217317, 155.22823, 921.4801;
 -33.468273, 117.19187, 914.31531;
 -19.129341, 105.86062, 923.34515]3D [10.589536, 130.27299, 932.48438;
 -1.8531339, 155.23053, 921.44745;
 -33.521774, 117.23577, 914.24298;
 -19.211456, 105.8782, 923.28033]3D [10.453205, 130.26419, 932.54895;
 -1.9448299, 155.22449, 921.45636;
 -33.713711, 117.31622, 914.40613;
 -19.399975, 105.91077, 923.30127]3D [10.347243, 130.26157, 932.57568;
 -1.9972627, 155.24207, 921.51599;
 -33.842705, 117.37955, 914.55054;
 -19.540054, 105.96345, 923.35236]3D [10.143547, 130.20564, 932.65277;
 -2.0492973, 155.22569, 921.50525;
 -34.001434, 117.48987, 914.42084;
 -19.796646, 106.03017, 923.38501]3D [9.7463999, 130.14488, 932.82758;
 -2.2520285, 155.21489, 921.59161;
 -34.436138, 117.66447, 914.46863;
 -20.336369, 106.14724, 923.51764]3D [9.1253662, 130.06178, 933.0105;
 -2.6225696, 155.22603, 921.71472;
 -35.176544, 117.96942, 914.59009;
 -21.203243, 106.34521, 923.78882]3D [8.8057356, 129.99486, 932.96759;
 -2.7661669, 155.23763, 921.64252;
 -35.52438, 118.19374, 914.61279;
 -21.632648, 106.4492, 923.66467]3D [8.6904726, 130.00478, 932.96674;
 -2.8035431, 155.28058, 921.64423;
 -35.613731, 118.29695, 914.39972;
 -21.766714, 106.52203, 923.56573]3D [8.2650623, 129.9288, 932.9032;
 -3.0431705, 155.28116, 921.58014;
 -36.136066, 118.53823, 914.39532;
 -22.37306, 106.67258, 923.56622]3D [7.6783552, 129.85115, 932.96216;
 -3.4282894, 155.30003, 921.62817;
 -36.865658, 118.86929, 914.50146;
 -23.188908, 106.89284, 923.66699]3D [7.0462871, 129.75226, 932.9043;
 -3.7923539, 155.32932, 921.59735;
 -37.630486, 119.26511, 914.47479;
 -24.089647, 107.14407, 923.68927]3D [6.488163, 129.6799, 932.8905;
 -4.1494823, 155.36856, 921.63611;
 -38.303097, 119.60252, 914.45099;
 -24.849024, 107.33599, 923.6228]3D [5.7471814, 129.57654, 932.66278;
 -4.60813, 155.41666, 921.52551;
 -39.240658, 120.10307, 914.47156;
 -25.912571, 107.66225, 923.59332]3D [5.1129017, 129.56223, 932.46027;
 -5.013792, 155.54257, 921.42303;
 -40.031517, 120.60387, 914.36548;
 -26.798185, 107.99996, 923.37946]3D [4.397491, 129.46323, 932.28833;
 -5.4801445, 155.59285, 921.38892;
 -40.922478, 121.08515, 914.4234;
 -27.798342, 108.29079, 923.3457]3D [4.5080338, 129.47501, 932.26733;
 -5.4014831, 155.58908, 921.37665;
 -40.784485, 121.02521, 914.39337;
 -27.653221, 108.26542, 923.38257]3D [4.3491759, 129.4393, 932.34979;
 -5.4871759, 155.56436, 921.40802;
 -40.957039, 121.08947, 914.43939;
 -27.847652, 108.28628, 923.34717]3D [4.3101044, 129.42642, 932.08289;
 -5.5048342, 155.59888, 921.21735;
 -40.991993, 121.18884, 914.10583;
 -27.894352, 108.3344, 922.92761]3D [3.8263438, 129.37756, 931.66064;
 -5.810101, 155.70848, 921.05847;
 -41.603565, 121.6153, 913.85645;
 -28.590706, 108.61372, 922.60443]3D [2.6881771, 129.33116, 931.57446;
 -6.5017142, 155.85727, 921.05139;
 -42.919888, 122.44264, 913.81036;
 -30.126162, 109.18091, 922.53931]3D [1.304962, 129.30461, 931.47467;
 -7.3630242, 156.03949, 921.04175;
 -44.58329, 123.48523, 914.08966;
 -32.024899, 109.92795, 922.66785]3D [0.52182335, 129.31441, 931.26007;
 -7.8523607, 156.19324, 920.95905;
 -45.505302, 124.13046, 913.9903;
 -33.085766, 110.38866, 922.51227]3D [0.13296402, 129.31696, 931.10181;
 -8.0613604, 156.26463, 920.8714;
 -45.943352, 124.47928, 914.00018;
 -33.601891, 110.63868, 922.44171]3D [-0.53859198, 129.31902, 930.987;
 -8.459363, 156.39326, 920.88684;
 -46.68708, 125.03398, 913.89331;
 -34.506462, 111.02371, 922.32489]3D [-1.1261214, 129.32777, 930.94812;
 -8.7674837, 156.48169, 920.78333;
 -47.297127, 125.49207, 913.7655;
 -35.250183, 111.39396, 922.27203]3D [-2.2438526, 129.34225, 930.83136;
 -9.4412651, 156.65446, 920.83893;
 -48.546604, 126.38879, 913.95526;
 -36.730267, 112.04796, 922.28278]3D [-3.3966727, 129.42136, 930.84308;
 -10.101295, 156.85783, 920.81702;
 -49.807434, 127.34429, 914.04956;
 -38.23011, 112.78156, 922.35999]3D [-6.3579555, 129.64998, 930.23639;
 -11.855823, 157.48642, 920.6048;
 -53.023746, 130.00809, 914.12231;
 -42.067753, 114.8116, 922.18396]3D [-6.9063773, 129.68689, 930.36719;
 -12.167948, 157.55196, 920.65417;
 -53.602547, 130.4433, 914.38678;
 -42.742062, 115.14645, 922.27277]3D [-7.3255324, 129.72095, 930.3089;
 -12.448603, 157.64835, 920.73071;
 -54.066547, 130.80325, 914.42639;
 -43.280357, 115.43647, 922.3208]3D [-7.8124776, 129.75896, 930.28436;
 -12.720374, 157.72719, 920.66119;
 -54.582565, 131.2459, 914.53412;
 -43.898968, 115.77377, 922.39667]3D [-8.1656189, 129.77856, 930.30096;
 -12.924732, 157.77873, 920.70929;
 -54.929333, 131.50719, 914.54156;
 -44.361664, 116.00835, 922.53247]3D [-8.3565645, 129.81902, 930.33575;
 -13.027477, 157.82703, 920.65271;
 -55.121418, 131.72047, 914.57111;
 -44.587261, 116.15657, 922.47803]3D [-8.6200523, 129.82391, 930.18109;
 -13.19004, 157.88649, 920.67828;
 -55.402458, 131.96797, 914.56641;
 -44.916492, 116.33488, 922.39148]3D [-9.010829, 129.87222, 930.18011;
 -13.413236, 157.9632, 920.65778;
 -55.806824, 132.30879, 914.60815;
 -45.413387, 116.62511, 922.43243]3D [-9.4340429, 129.92291, 930.21576;
 -13.642861, 158.03741, 920.63202;
 -56.23373, 132.71063, 914.74707;
 -45.946968, 116.92908, 922.54486]3D [-9.898303, 130.05762, 930.18365;
 -13.920268, 158.20753, 920.67474;
 -56.69833, 133.19571, 914.76025;
 -46.509434, 117.34526, 922.52301]3D [-10.185194, 130.11136, 930.13336;
 -14.086183, 158.29128, 920.69873;
 -56.993248, 133.49431, 914.8197;
 -46.872559, 117.58741, 922.53052]3D [-10.984946, 130.21979, 930.07031;
 -14.561385, 158.45334, 920.65405;
 -57.836029, 134.244, 915.08093;
 -47.858505, 118.18892, 922.65918]3D [-11.422668, 130.32133, 930.07294;
 -14.81602, 158.60165, 920.67236;
 -58.260815, 134.68367, 915.06653;
 -48.407806, 118.55187, 922.69562]3D [-11.68386, 130.38126, 930.03113;
 -14.973453, 158.68703, 920.66553;
 -58.536938, 134.97176, 915.18329;
 -48.726173, 118.78307, 922.7381]3D [-11.840945, 130.40486, 929.95361;
 -15.075275, 158.72168, 920.62695;
 -58.707897, 135.13847, 915.21393;
 -48.946518, 118.92684, 922.76605]3D [-12.188999, 130.47121, 930.00635;
 -15.274232, 158.8019, 920.65289;
 -59.056038, 135.45258, 915.30847;
 -49.34943, 119.19066, 922.82678]3D [-12.718264, 130.571, 930.08112;
 -15.602362, 158.92993, 920.79663;
 -59.581669, 135.95224, 915.56769;
 -50.005928, 119.61017, 923.09094]3D [-13.128879, 130.66505, 930.21027;
 -15.838608, 159.0211, 920.84039;
 -60.017895, 136.35121, 915.83081;
 -50.519028, 119.96426, 923.31451]3D [-13.168231, 130.65421, 930.1875;
 -15.862019, 159.00874, 920.78015;
 -60.056675, 136.36806, 915.80334;
 -50.581715, 119.98105, 923.35339]3D [-13.216537, 130.65714, 930.19855;
 -15.905336, 159.03535, 920.84521;
 -60.11132, 136.42236, 915.79468;
 -50.631519, 120.01158, 923.28491]3D [-13.356815, 130.68869, 930.1463;
 -15.990932, 159.06009, 920.7796;
 -60.253315, 136.56137, 915.80609;
 -50.79834, 120.12212, 923.31055]3D [-13.703145, 130.75797, 930.09131;
 -16.215761, 159.1725, 920.86945;
 -60.614555, 136.92087, 916.06299;
 -51.23111, 120.40114, 923.43561]3D [-14.094207, 130.89688, 930.08545;
 -16.459496, 159.34868, 920.85773;
 -61.008316, 137.37151, 916.01923;
 -51.695164, 120.80739, 923.40674]3D [-14.157102, 130.94513, 929.87897;
 -16.503773, 159.43155, 920.76984;
 -61.075569, 137.51016, 915.93756;
 -51.789707, 120.91644, 923.33606]3D [-13.774534, 130.85693, 929.64343;
 -16.310223, 159.35692, 920.64935;
 -60.747787, 137.18886, 915.82532;
 -51.353161, 120.62396, 923.08081]3D [-13.685443, 130.83553, 929.54199;
 -16.273596, 159.35382, 920.65253;
 -60.678448, 137.13193, 915.79352;
 -51.256378, 120.5566, 923.01862]3D [-13.960401, 130.92511, 929.47583;
 -16.437004, 159.4644, 920.57257;
 -60.952122, 137.43506, 915.71204;
 -51.57423, 120.81609, 922.92603]3D [-14.193673, 130.98724, 929.38715;
 -16.57114, 159.55112, 920.55963;
 -61.173988, 137.7048, 915.79303;
 -51.855042, 121.02105, 922.90918]3D [-14.503476, 131.08636, 929.28198;
 -16.736189, 159.68462, 920.43878;
 -61.474976, 138.09869, 915.76312;
 -52.220531, 121.35301, 922.80188]3D [-15.005024, 131.21858, 929.22644;
 -17.015186, 159.84941, 920.50592;
 -61.922775, 138.6275, 915.73651;
 -52.830292, 121.80584, 922.85315]3D [-15.500908, 131.36278, 929.11554;
 -17.297003, 160.03296, 920.44452;
 -62.410622, 139.20615, 915.8222;
 -53.408863, 122.28935, 922.75842]3D [-15.869831, 131.49779, 928.83771;
 -17.503048, 160.21306, 920.3006;
 -62.74184, 139.68918, 915.64966;
 -53.822636, 122.66273, 922.47943]3D [-16.403353, 131.66405, 928.70752;
 -17.838985, 160.43651, 920.36847;
 -63.275253, 140.33904, 915.81604;
 -54.470932, 123.21081, 922.52277]3D [-16.990307, 131.83527, 928.73273;
 -18.146935, 160.62306, 920.30426;
 -63.820454, 140.987, 915.96802;
 -55.172165, 123.77605, 922.66119]3D [-17.302011, 131.94417, 928.62201;
 -18.320835, 160.75279, 920.29462;
 -64.087242, 141.34956, 915.93787;
 -55.517529, 124.07799, 922.5672]3D [-20.486969, 132.97276, 928.57202;
 -20.11017, 161.85419, 920.47253;
 -66.940346, 144.98001, 916.82318;
 -59.174202, 127.22468, 923.19159]3D [-20.725077, 133.06776, 928.4585;
 -20.244387, 161.96889, 920.43036;
 -67.150238, 145.31248, 916.80225;
 -59.440872, 127.50376, 923.12683]3D [-20.757439, 133.11147, 928.34393;
 -20.291725, 162.04599, 920.34064;
 -67.210373, 145.40987, 916.84253;
 -59.492332, 127.57921, 923.06335]3D [-20.714695, 133.03711, 928.2757;
 -20.288164, 161.98204, 920.34479;
 -67.20179, 145.3065, 916.87732;
 -59.452236, 127.47069, 923.07092]3D [-20.863817, 133.09718, 928.30432;
 -20.375086, 162.03389, 920.36353;
 -67.329796, 145.48618, 916.96747;
 -59.653286, 127.64823, 923.20349]3D [-20.823057, 133.10197, 928.31757;
 -20.342794, 162.0356, 920.34027;
 -67.285812, 145.45108, 916.94348;
 -59.60585, 127.62735, 923.23932]3D [-20.831631, 133.05609, 928.37469;
 -20.357853, 161.98492, 920.39081;
 -67.307571, 145.40047, 917.00067;
 -59.598335, 127.56602, 923.23187]