Angulacion
punto 1 -> perpendicular 
110
	[-123.1010046725677, 247.6996570825155, 853.9543049091911]
	[-123.1010046725677, 247.6996570825155, 853.9543049091911]
	[-124.395835735912, 248.0230796938676, 856.2050556142099]
	[-123.6766759020572, 247.5917175546818, 856.913142009998]
	[-123.2723474513788, 247.8110514530368, 853.1110451774894]
	[-123.0956237037588, 247.6983009362364, 853.427433459854]
	[-122.9296147605359, 247.6090957853066, 853.4910443205383]
	[-122.8178859499462, 247.5877870353544, 853.3600663683418]
	[-123.2773846180255, 247.6674184390777, 854.5569275770637]
	[-124.105200671711, 248.0361269757561, 854.8100675863802]
	[-124.9800511526725, 248.2072989813685, 856.7380580654965]
	[-124.5178320683972, 248.1036015986635, 855.8352708165432]
	[-124.1318417740716, 247.8445305881905, 856.7276280339045]
	[-123.9385883575744, 247.7585449809776, 856.7389889063707]
	[-124.1387854884119, 248.0392178909799, 854.8671955059391]
	[-124.0019808385134, 247.8439533144526, 856.2425073545157]
	[-123.4228510937902, 247.593573313719, 856.1087096301108]
	[-124.0421472521835, 247.8685414531729, 855.8523527306763]
	[-124.0488747659333, 247.7776371894957, 856.7638288940597]
	[-124.0788069931862, 247.8992613534934, 855.8893789695926]
	[-124.1990873654256, 247.8770205760149, 856.2525961243557]
	[-124.0647121658509, 247.8689303811071, 855.7539719160013]
	[-124.5748868725984, 247.9301699069967, 857.0681861306741]
	[-123.5340395691145, 247.6817253253107, 855.7339389875879]
	[-124.4453204232088, 247.7752919015959, 857.8971814894429]
	[-123.5625849566696, 247.529414868594, 856.7835696565411]
	[-124.2422397262481, 247.6603747058596, 858.0836779910877]
	[-123.3789244064912, 247.6034759577709, 855.6847985430347]
	[-124.6174187889376, 247.9881700404801, 856.7669741572975]
	[-124.3869411012168, 247.8339966672182, 857.1514453217405]
	[-124.1791986342965, 247.9465332515339, 855.0272670898825]
	[-124.6009867879984, 247.8749720177028, 857.3788831827673]
	[-124.4087141010483, 248.7297450549741, 855.8856990512636]
	[-124.603460722559, 248.7428657291301, 856.9449298769433]
	[-124.6992315761929, 248.7713396744893, 856.3808979990237]
	[-124.5471247746622, 248.7471433163406, 856.0462771454177]
	[-124.2953393427975, 248.6907244847243, 855.1723231859313]
	[-124.0387112465084, 248.6394028369909, 855.7809962609577]
	[-123.0977555773947, 248.3987836846403, 854.6503914177973]
	[-123.4902938835104, 248.4916148317573, 855.1473505368236]
	[-124.9029158804273, 248.8110722221313, 855.3922806041395]
	[-123.9440919028151, 248.6037233677453, 854.5308504316893]
	[-123.7350567212156, 248.5709259920563, 855.2281814800149]
	[-123.4428736477707, 248.5035269200214, 855.3585163949434]
	[-123.4414049964598, 248.5014625751481, 854.3604282422478]
	[-123.8095538062518, 248.5724487149011, 855.3308974698032]
	[-123.6326501399123, 248.5241149955337, 855.3902926446809]
	[-123.688931321779, 248.5373130715211, 855.6519440295881]
	[-123.0448137354265, 248.4210053145567, 854.5879106604443]
	[-123.5694849290072, 248.5122567980304, 854.7786392612335]
	[-124.196457218729, 248.4580395561665, 856.6692847556679]
	[-122.5465594948251, 248.6090079173078, 855.0976643049925]
	[-122.9779625268772, 248.6483114005236, 856.9020978392172]
	[-121.9823325078096, 248.7915102442041, 855.6395530899974]
	[-122.6357107040002, 248.6318842958315, 855.1139136542222]
	[-122.4350168300953, 248.6429806948648, 854.257903945159]
	[-122.6387397215213, 248.6784019023395, 855.2582272307219]
	[-122.4327563480598, 248.6618911349998, 854.8870631419763]
	[-121.8869550621564, 248.7284612599553, 854.3936647415027]
	[-122.7931806774371, 248.6178801271589, 855.1815317355481]
	[-122.9393575015102, 248.6468522390128, 855.988037712257]
	[-123.0262397369982, 248.5983622221203, 856.1492112572622]
	[-122.9720149135671, 248.6036484170347, 856.0569110339933]
	[-122.5259276588866, 248.6113656037382, 854.2071743533149]
	[-122.6969261944633, 248.6103522093282, 854.7845271559503]
	[-122.0437592921357, 248.6887538926952, 854.1271198938718]
	[-122.7952701934862, 248.6262107617789, 855.6884261386139]
	[-122.3957143920622, 248.6407894663332, 854.3339067136983]
	[-121.5602676357333, 248.7889997824095, 854.2608975418376]
	[-122.9896642125963, 248.5428991239931, 854.8942187053311]
	[-122.5640705457742, 248.5432902843492, 853.9590884750259]
	[-121.823219389433, 248.6801110786816, 853.5662466713599]
	[-122.7691747094601, 248.5633197435821, 854.7297805510394]
	[-122.356736372116, 248.68888326967, 855.5082641464491]
	[-122.3800956737423, 248.7426055566494, 856.3405644730024]
	[-122.9099982306708, 248.5489184860644, 854.6585210001717]
	[-122.1236237170289, 248.7509470875895, 855.1895207466251]
	[-123.148494045876, 248.4636260720787, 854.5149505296853]
	[-121.963419713526, 248.7118960976158, 854.2006100249291]
	[-121.0733828547362, 248.3308489148549, 849.8969257844011]
	[-122.3411450146837, 248.4217751760877, 852.469468386897]
	[-122.7419488554391, 248.5329063128413, 853.9804542771896]
	[-122.6624565986089, 248.519872866444, 853.9956632721157]
	[-123.2612590392479, 248.3149550141424, 854.1492701981338]
	[-122.7560460649176, 248.2423042722244, 852.126655470283]
	[-123.1412451526705, 248.2635570709469, 853.2516743692931]
	[-122.4187347364263, 248.5508505806322, 853.4766262104029]
	[-123.6622855136407, 248.3093515147084, 855.8686482694841]
	[-122.3480539264815, 248.6262109869431, 854.4023197092214]
	[-122.4214695850861, 248.5608311990046, 853.9550649218614]
	[-123.8501577371971, 248.1522470926431, 854.590765413919]
	[-123.6155202905384, 248.3106896212202, 855.6034277840968]
	[-123.0910360168131, 248.5658815415956, 856.465196703036]
	[-123.393076859561, 248.3545067946951, 854.9784237331066]
	[-123.5844679129653, 248.3482536431162, 856.0944129473673]
	[-123.7600241523056, 248.310058118176, 856.0412258507106]
	[-123.2496366059624, 248.3457779804777, 854.2544343544489]
	[-122.4872729281465, 248.4102107055079, 852.2491677239243]
	[-122.6056841788209, 248.5909622815271, 854.9919378300402]
	[-122.9606557173861, 248.5523958960767, 855.6281036494295]
	[-122.8158030453247, 248.5711592154852, 855.4245715134554]
	[-122.4412213420448, 248.5878929864629, 854.0911132160245]
	[-123.1053451032264, 248.4705808232239, 855.3702422330081]
	[-123.1123023219828, 248.3766748860258, 854.3049271259551]
	[-123.2421016783397, 248.3743766875687, 854.4517109555578]
	[-122.3352608556827, 248.6883545164364, 855.2355594734501]
	[-122.3896871714454, 248.5588096463364, 853.8799908588671]
	[-122.7359023301124, 248.4519103090763, 853.5950534302831]
	[-122.8705727898554, 248.5144842178834, 855.0832299307355]
	[-122.6631402662054, 248.5211789126838, 854.7353462699213]
	[-123.1050774435281, 248.5147072679688, 856.0056479757552]
	[-122.2252161534898, 248.6105463889595, 853.264274236491]
	[-123.1005697945805, 248.3187318900184, 853.5756181086058]
100
	[-123.2261434769514, 248.4765615749803, 855.762749998466]
	[-122.4252870332881, 248.6745253382669, 854.9287397380735]
	[-122.80897519683, 248.5925770648126, 855.3557756172218]
	[-122.8607912173772, 248.4258961116897, 854.0374211070455]
	[-123.3071565318842, 248.259136967049, 853.812172737333]
	[-123.0407238422925, 248.333437973205, 853.5518735081453]
	[-122.3182955760883, 248.5874786095952, 853.487428176078]
	[-123.1095278593969, 248.411270623753, 854.7914373713705]
	[-122.5085832907062, 248.5081291902549, 853.8573593944031]
	[-122.5867648423448, 249.5711765904034, 855.0078929127211]
	[-121.7170443639224, 249.9383168726025, 854.609188325546]
	[-122.0637689615448, 250.5128800237437, 852.6187584771296]
	[-121.9500466482579, 250.1069423925568, 853.5935915776959]
	[-122.1187547048703, 250.007543901107, 853.8166425568494]
	[-122.1782619529876, 249.9946503363726, 854.0395768736859]
	[-122.1840460110832, 249.9202779558004, 854.4576840028717]
	[-121.5785367943912, 250.0306301159956, 854.2507134961096]
	[-121.5945404273148, 249.5819789991887, 855.5540926483679]
	[-121.6171918413106, 249.7613126983433, 855.0025835918292]
	[-122.4744084549655, 249.6415130922693, 854.7864613369287]
	[-121.7943643544797, 249.5983002586614, 855.2346141790742]
	[-122.8688709745315, 249.641435647868, 854.5022157147826]
	[-121.9540726318135, 249.5237735222257, 855.4124687665101]
	[-122.3510266157064, 250.2535785080958, 852.9226569315459]
	[-121.9627459983773, 249.3385094114584, 856.1643058737448]
	[-121.6993950335323, 249.4978731230284, 855.6984658437224]
	[-122.124519977582, 250.4564864800937, 852.3790216906463]
	[-121.4982643654812, 250.4881440183838, 853.0418201295261]
	[-121.6074011467861, 249.5611573863073, 855.5531066116044]
	[-121.0729976752666, 250.0270915348615, 854.4296085901004]
	[-121.319326834907, 249.9554624059483, 854.3642590316821]
	[-122.1985977423236, 250.4455473922695, 852.3427939269325]
	[-121.900636553743, 249.7096569712025, 855.0017874018812]
	[-121.5111333621227, 249.8707469294081, 854.5634729263534]
	[-122.3100398953165, 250.5410829335536, 852.0370209306905]
	[-121.0628193898317, 250.3715463143437, 853.1378564872898]
	[-121.999238396133, 249.9697686193131, 853.9395796922023]
	[-122.5541591511414, 249.9055929692817, 853.7292392980933]
	[-121.3364780795299, 250.0860856437124, 853.8588543036236]
	[-120.7976701890115, 250.1517654621479, 854.0531140492081]
	[-121.5591407132076, 250.3524234597016, 853.1115034462814]
	[-123.0546356945295, 249.3928101988085, 852.824558114438]
	[-122.4278123475721, 249.4156388980147, 851.8296942770203]
	[-122.5470241507148, 249.2945896306968, 852.7540295727573]
	[-122.3573710796048, 249.1578383813236, 854.1549273250176]
	[-122.5577852753937, 249.2301329243124, 853.4972100144855]
	[-122.3192127741682, 249.3112738310501, 852.4484883534747]
	[-121.9536347317725, 249.2329054131625, 853.2876110870637]
	[-121.9902392770814, 249.2736856115752, 853.0935478685703]
	[-122.6301242407914, 249.1301758312214, 854.5041811230014]
	[-122.5576077918414, 249.2894787675366, 852.8236919496554]
80
	[-122.3366768056337, 248.9728577223178, 855.7370168093595]
	[-121.7191504430813, 249.2709362761377, 852.9357611576762]
	[-122.5028378165704, 249.2261692819875, 853.5657844331156]
	[-122.8256219252808, 249.1208704487726, 854.4279413273164]
	[-122.5467013773675, 249.2654035662761, 853.192114477892]
	[-122.4342632466801, 249.2431728354386, 853.6787977581524]
	[-122.4545091254288, 249.3737966083824, 852.5752257600205]
	[-121.8912002077124, 249.335786369277, 853.0479588929369]
	[-121.8193914727297, 249.0510745639807, 855.5665526356526]
	[-122.3860104108758, 249.2862300362444, 853.3019013561311]
	[-121.9601857225189, 249.4273258929834, 852.2539730967226]
	[-122.7857189270941, 249.134609366314, 854.1628105995923]
	[-122.0530997174782, 247.2387405537598, 854.7504544699229]
	[-122.0008026983898, 247.8504283675987, 857.3787907772105]
	[-122.0616138630341, 247.2882334014414, 853.2343639925064]
	[-122.7598473594862, 247.927441852512, 856.156280538089]
	[-122.9077839821708, 248.1447096840266, 857.5430641576133]
	[-122.4144846415152, 247.5721356736719, 854.9935016015934]
	[-123.0481630730641, 247.9559926613175, 856.6965333325886]
	[-121.8503438031028, 247.3808772545444, 854.7716083481938]
	[-122.2061678636639, 247.5798609805255, 855.4647830185078]
	[-121.8276059244812, 247.6865687950394, 856.4268070520042]
	[-122.6343125408953, 247.6155201854166, 855.2657961537215]
	[-122.6267500766005, 247.730826766992, 855.6793003006093]
	[-122.6845423600705, 247.8888688167712, 856.7967857462057]
	[-121.9423574411688, 247.3543231077065, 854.1924069116704]
	[-122.1557948618116, 247.6460414552047, 855.4267594920998]
	[-122.5343232024672, 247.7953439242505, 856.0307768200377]
	[-122.3543310878443, 247.6742754513916, 855.4357264581015]
	[-123.3752895361866, 247.9219897038226, 856.1850341017682]
	[-122.7840108150766, 247.9052263017059, 856.539971220135]
	[-121.9007237620389, 247.8423712728235, 856.4720969309478]
	[-122.2126073145036, 247.8206768459704, 856.33688999131]
	[-123.0917786352969, 248.0991719276774, 857.6180163280249]
	[-121.5960711680616, 247.2671852599252, 853.5950706631868]
	[-122.1191376887423, 247.702683228498, 855.8794338077464]
	[-122.6964881034118, 247.6307691182653, 854.7761931394689]
paralelo 70 punto 1
	[-122.7840582188035, 247.1461470662132, 855.9560475635966]
	[-122.7840582188035, 247.1461470662132, 855.9560475635966]
	[-123.4203563571013, 247.1335356807502, 855.8821504986443]
	[-122.672381518756, 247.3165952319185, 856.7294831906993]
	[-123.1970814517002, 246.8399006886621, 855.1372455634349]
	[-123.3455172417821, 246.8333612631895, 855.0400292818372]
	[-123.5881697752544, 247.6741466254688, 857.3718846903789]
	[-122.8532344025151, 247.2223523601555, 856.1603737636852]
	[-123.1463540757428, 247.4968406668625, 856.988087606765]
	[-123.454644342892, 247.227307571245, 855.9842872940902]
	[-122.7047067766535, 247.3206051707355, 856.6516921786684]
	[-122.6925633339104, 247.1250014248226, 856.0459016845235]
	[-123.2777074472774, 246.950092156023, 855.2258231648493]
	[-122.4905578013794, 247.2780502295226, 856.5609113027642]
	[-123.2761377256489, 246.9705179334252, 855.2697313378834]
	[-123.051293675848, 247.1097911107421, 855.7478443965554]
	[-123.6276688055343, 247.3176821509591, 856.1154611260364]
	[-123.4097333976407, 247.2211682224658, 855.7232966849651]
	[-122.949220184842, 247.2206340798085, 856.1114456604971]
	[-123.1366392448205, 247.0010843885424, 855.1738532100574]
	[-122.6696262544144, 247.2930062352608, 856.4839709787091]
	[-123.0847124076154, 247.3879073999881, 856.6073123942987]
	[-122.3988195635837, 247.0089942466426, 855.7114362173483]
	[-123.0611770279435, 247.0192343104489, 855.351956691616]
	[-122.6998769335145, 246.6267940903649, 854.3543749315767]
	[-120.8066543412553, 245.5879419759607, 853.8465170293255]
paralelo-> punto 18
110
	[-237.7722797009775, 250.7264105723138, 913.9251770084219]
	[-237.7084555926739, 250.6052538635477, 915.3295216288595]
	[-237.5265381095001, 250.3489700880451, 918.6093670425622]
	[-238.3677098632493, 250.8325193859033, 915.582533042821]
	[-238.2712495803154, 250.4852903454083, 920.0875116012373]
	[-238.0264798313764, 250.2831749171815, 921.4844890401085]
	[-238.3412322287058, 250.7354621143805, 917.059263659206]
	[-237.989885386431, 250.6632869514528, 916.5663925859188]
	[-237.896804200016, 250.7769714197163, 914.2983009962495]
	[-238.2238932470915, 250.7039552355602, 917.0648641993398]
	[-238.1126863826085, 250.686507376536, 916.8369173604589]
	[-237.6949059534078, 250.7915345844304, 913.0205605988597]
	[-237.9032357785686, 250.898784791343, 912.3810767718837]
	[-238.1546890491371, 250.760238398038, 915.8223325579739]
	[-238.1847604182788, 250.627617831404, 918.0199632389172]
	[-237.7807091646304, 250.6962438338045, 914.9539663487144]
	[-237.8718180792902, 250.6246506453561, 916.5855447611565]
	[-238.2886793754072, 250.5975930290627, 918.7062163552807]
	[-238.2419604919926, 250.5910551751878, 918.8331344513484]
	[-237.9905584658908, 250.5060448170629, 918.510529296717]
	[-237.7497577881103, 250.5411409307127, 917.3565690747158]
	[-237.5117191825927, 250.5233786793577, 916.426787438128]
	[-237.9852733337934, 250.6691067886376, 916.1522921145501]
	[-237.9267253106535, 250.5757121916571, 917.5524413145184]
	[-237.4949580426287, 250.5312580672904, 916.3770448574206]
	[-237.9852733337934, 250.6691067886376, 916.1522921145501]
	[-237.8894286291702, 250.4607704189526, 918.6905685083975]
	[-237.5853000327106, 250.5409253366271, 915.9897650113563]
	[-238.0740952338605, 250.6120667854333, 917.7064320001407]
	[-237.8180068453304, 250.5556893782494, 917.4715440911845]
	[-238.1289705184744, 250.7896545880819, 915.575813910567]
	[-237.6750760941962, 250.6150850265306, 915.3069323434272]
	[-237.757788759531, 250.6432449271588, 915.0183164032067]
	[-238.8789016664307, 251.70477126537, 914.4803565790783]
	[-239.3654308371222, 251.744035159899, 915.8827443213651]
100
	[-240.1692968836701, 251.8469305690611, 916.5106256871138]
	[-240.0860668631012, 251.9633033731783, 915.4584117400083]
	[-240.186697415923, 251.9226470134138, 915.6985124690657]
	[-240.038322206016, 252.0933164385181, 913.4134149128201]
	[-239.0568687219513, 252.0452509502118, 912.5085970970239]
	[-239.7276559118084, 252.092725489034, 913.0886335210006]
	[-239.8673725658034, 252.0657775958273, 913.5122834567762]
	[-239.8789246771095, 252.1055893945785, 913.343605574795]
	[-240.1352997096439, 252.0096594778896, 914.3549725387401]
	[-240.5649698766054, 252.0017973414798, 914.9940294436789]
	[-240.684105875102, 251.9761194896874, 915.3470984889302]
	[-240.6999355504253, 251.9842646993102, 915.5229243523198]
	[-240.008813829226, 252.009547646065, 914.3444222229152]
	[-239.4325009750925, 251.832303896957, 915.2285822009859]
	[-240.5700379441824, 251.8707316298515, 916.7093185348276]
	[-238.5200395788584, 252.0426386422346, 910.5555049490257]
	[-239.4536928682764, 251.9462890602473, 913.7257897698003]
	[-239.5539004371351, 251.8009437159512, 915.9970965178588]
	[-240.0714189235181, 251.8182435971598, 916.45049553786]
	[-239.7943726416737, 251.8616039889817, 915.4696742260275]
	[-237.8936404568944, 251.9287440752488, 911.3686295554138]
	[-238.2461046325771, 251.9437235615064, 911.9936117835344]
	[-238.4933103521603, 251.9378763530374, 912.1413330582792]
	[-238.9287021878189, 251.9606397761825, 912.8209065006367]
	[-238.1755353685501, 251.9898610720362, 910.7810218251914]
	[-237.9202003025694, 251.9003052243852, 912.2455287722335]
	[-237.8403211414171, 251.8897388942556, 912.3548543033294]
	[-238.4479447446507, 251.9687506249128, 911.8173725936822]
	[-238.1481305274247, 251.9296459097912, 912.0738105767252]
	[-238.5951468821343, 251.8613990062645, 913.8108217334495]
	[-237.9133841670075, 251.939810217111, 911.4526298872584]
	[-237.8513065454718, 251.9496205651037, 911.1394533803207]
	[-238.7067154493307, 251.9911312303149, 911.9644164416833]
	[-238.1974856489931, 251.9624720108415, 911.4126740690765]
	[-238.2212745432132, 251.9860783830305, 911.047442301973]
	[-239.1457268652068, 251.9808828260991, 912.9310037203521]
	[-238.3531223755944, 252.0114436485648, 910.7257148374586]
	[-238.0053573392695, 251.9646936343972, 911.0527961273245]
	[-238.2424349220822, 251.963864468344, 911.5028894261733]
	[-238.4467420160652, 251.9557358001106, 911.9343947671673]
	[-238.7349680994624, 251.9298059975174, 913.1044193805626]
	[-237.9893817385319, 251.9555489353328, 911.1854527600823]
	[-238.8525644820593, 252.0176654657557, 911.4966562556709]
	[-237.854466146788, 251.946550986421, 911.0800588368077]
	[-238.7267527191606, 251.9235344633658, 913.0075333239209]
	[-238.8525644820593, 252.0176654657557, 911.4966562556709]
	[-237.8561937409633, 251.9161855727934, 911.5969254473061]
	[-238.6786959220815, 251.9515456820958, 912.2524536207865]
	[-238.98542414902, 251.9047764321621, 913.5741660414515]
	[-239.6749962669807, 251.9196307711354, 914.1419107813307]
	[-238.3886881976141, 251.9202960757969, 912.1383996145285]
	[-239.6075855235866, 251.7870592645202, 916.2228540859852]
	[-239.0452858510333, 251.8309364437673, 914.4731827172466]
	[-239.0773665042346, 251.8363011451368, 914.6575253748782]
	[-239.2955073581224, 251.9724163423093, 914.3185163920208]
	[-239.1858961534363, 251.9926296696686, 916.6189646057387]
	[-239.7047901916634, 251.9609659123164, 916.7323607845125]
	[-238.8612100035863, 252.0185793490783, 915.3408718999814]
	[-238.7077947671285, 251.9700943446005, 912.23356581367]
	[-238.3767759180682, 252.0998834188369, 914.1358650386951]
	[-240.0446714577782, 251.8018776092717, 916.2872876858194]
	[-239.9302838550715, 251.8474822278667, 916.3827263520172]
	[-239.6132854947145, 251.8789701791143, 915.4000423652]
	[-239.5188214372412, 251.9332530987945, 916.5002200031528]
	[-239.9126822177869, 251.8478124699484, 916.670477019751]
	[-239.9758150812073, 251.8590097256914, 917.3479010323831]
	[-239.4034288658454, 251.9205398654182, 915.6135198522491]
	[-239.7739661703823, 251.8890003874616, 917.2725853614238]
	[-239.6975179769109, 251.8989152437673, 916.8495567221372]
	[-239.7728241039993, 251.8745142933326, 916.8260233560324]
	[-239.9140746292742, 251.8620520622884, 917.4184298984941]
	[-239.5129428846046, 251.9085635537534, 915.9500361229855]
	[-239.4720865712569, 251.9156604389662, 916.2686282321708]
	[-239.6222748767103, 251.9372493274448, 917.1910917371659]
	[-239.4645352884967, 251.9419848746137, 916.3695697122569]
	[-239.0907499104903, 251.9968098032999, 915.7964948523424]
	[-239.1204321154853, 252.0438609102498, 917.2287480645291]
	[-239.991977803407, 251.8771352645989, 917.7517536669613]
	[-239.6145814954489, 251.9427528634826, 917.4644760597243]
	[-239.7226585568104, 251.9117986589482, 917.2749797663033]
	[-238.8423361291649, 252.0406291462534, 915.6192132389245]
	[-238.7142114075072, 252.072716056799, 915.6525699066211]
	[-238.1334227424362, 252.1405936825502, 913.9233248909891]
	[-238.3680924433946, 252.1169941760266, 914.3823208911165]
	[-238.7712124782702, 252.0903877801404, 915.5639618125142]
	[-238.8556216586215, 252.0293712406161, 914.788251292729]
	[-238.8739055030894, 252.0782430787912, 916.0075322516467]
	[-238.8552517799187, 252.0475952870343, 915.4073169015443]
	[-239.1496205274418, 251.9822684777484, 915.7251034578513]
	[-238.5417454713892, 252.0903142118454, 914.2981882769481]
	[-238.7113135573772, 252.0591801010549, 914.762465231616]
	[-238.5448406710297, 252.1092236873305, 915.1618656758922]
	[-239.1435579225753, 252.0010189054071, 917.2508707761783]
	[-240.121148908839, 251.87588859351, 918.6635594545318]
	[-237.6612043587533, 252.4118038303547, 913.661382175413]
	[-239.3863531663787, 251.8682715991715, 916.3269969229284]
	[-239.4677058075941, 251.8461936674557, 917.144561372967]
	[-239.6393651419214, 251.7717018972253, 916.2296706692158]
	[-240.2406832035333, 251.7083770924464, 919.6054707731128]
	[-238.7587900738487, 251.9168288340433, 914.1001862089994]
	[-239.9786918210155, 251.7140070993035, 917.4496037714607]
	[-239.0895006840997, 250.6098806137025, 918.2591026187722]
	[-229.3325183071265, 245.520124964473, 917.3028333901162]
	[-236.7861763021957, 248.9327690080206, 918.262285015169]
	[-236.9359340611872, 249.1936454356932, 916.1996655310619]
	[-238.4609437003439, 250.8980227655186, 917.4795684842544]
	[-238.5442788901076, 251.7430127604102, 914.7439940774087]
	[-237.9767377562106, 252.130919144491, 914.336474590994]
	[-238.9078968235784, 251.8488592381152, 914.288834070871]
	[-239.7120124797864, 251.6240763825536, 915.9646384470846]
	[-239.5418280003761, 251.8160458008582, 917.7900386185208]
	[-239.6205893705969, 251.5127018434841, 912.7499071574712]
	[-239.7105074202856, 251.6493600982114, 914.9526508639541]
	[-239.2730090577705, 251.7943194906056, 915.7483623171696]
	[-239.9468634730083, 251.5994477388658, 916.2100343031648]
	[-239.3561883997027, 251.7591056997186, 914.6744742489498]
	[-240.2906668107446, 251.5200425722688, 917.6301543632297]
	[-240.3274154950077, 251.3248675942594, 914.3133096080663]
	[-240.3977476660066, 251.4219733147226, 916.3785354658769]
	[-239.2116792152141, 251.7515565298283, 915.1794877320871]
	[-239.0864251667034, 251.8079973899539, 915.3002488648175]
	[-239.1799745094409, 251.7814348813407, 915.6056340362352]
	[-239.3962292561847, 251.7088345513661, 915.4730982804986]
	[-240.8358659232593, 251.293211953304, 916.2270428720267]
	[-239.4868799818629, 251.625523022677, 913.8634359985112]
	[-239.8012041351295, 251.5354254201732, 914.2396778652429]
	[-239.219626732301, 251.777853486162, 914.6103327248975]
	[-239.9947521090309, 251.6131119085125, 916.0747387795218]
	[-239.6563914907968, 251.720432093573, 916.6894288342163]
	[-239.5006092876224, 251.7028162285728, 915.7894125781613]
	[-239.4700089816029, 251.7319822713457, 916.4057154390933]
	[-239.3792067953283, 251.669100428166, 915.1203873530418]
	[-239.3039625226861, 251.6785910782581, 914.7709523397916]
	[-239.1118225901051, 251.6805218839811, 914.3377175861874]
	[-239.9385861150375, 251.4242739176352, 914.2527301063121]
	[-239.978698616871, 251.415899518476, 914.1110988250086]
	[-239.8797335313625, 251.4850192112496, 914.6901458207924]
	[-239.7869127964002, 251.5243237958721, 914.7732821183687]
	[-239.7192874871392, 251.5501307363124, 914.634086283163]
	[-240.2150318678043, 251.4579659586264, 915.6518420574624]
	[-239.6097669133596, 251.5946887275786, 914.4708725506458]
	[-239.6763089377139, 251.5309544756858, 914.34054333372]
	[-239.8068228845138, 251.5428831685923, 914.7094513820624]
	[-239.5916606421561, 251.5898355734265, 914.3130325766597]
	[-239.4593110921927, 251.5638928297863, 913.7472076077336]
	[-239.5228217869037, 251.5355360319003, 913.5263178695138]
	[-239.3075507249348, 251.7758438179642, 916.4469479620153]
	[-239.8869200255436, 251.4900335266593, 915.3379618234162]
	[-239.7682410129418, 251.5951174649622, 916.8430661102335]
	[-239.3932056820728, 251.6409059430872, 914.9527637691483]
	[-239.7900145052678, 251.5799191003606, 916.0982956480993]
	[-239.3817538756783, 251.5626875691955, 912.6843721418461]
	[-239.9771080913016, 251.4480274117844, 914.7561349176281]
	[-239.9647400160088, 251.4778690621692, 915.163625998363]
	[-239.3740717003569, 251.6014932796753, 914.2964342383596]
	[-239.3728568088877, 251.5827601637966, 913.4188483480451]
	[-239.7812513175922, 251.6067731365507, 915.2140449868607]
	[-239.6800005696889, 251.6471066084949, 915.3320291974869]
	[-240.3862157088868, 251.4489798970252, 916.0518097276172]
	[-240.2121849145753, 251.4762221555541, 915.7716256406135]
	[-239.9843268586117, 251.5993862198885, 916.8423087513929]
	[-240.131497336502, 251.5149529835356, 915.800090175735]
	[-239.8957344748218, 251.5610118330988, 915.1695241741539]
	[-240.131497336502, 251.5149529835356, 915.800090175735]
	[-240.196502040317, 251.5921711634914, 917.7028640383664]
	[-240.2204665376487, 251.4688250746895, 915.7549472284251]
	[-239.9031088933066, 251.5969851968337, 915.5598479611206]
	[-239.7812513175922, 251.6067731365507, 915.2140449868607]
	[-240.036748355061, 251.5628761540744, 916.0017400915078]
	[-239.9294840850785, 251.563372517514, 915.45503972777]
	[-240.0688486337522, 251.5429243218773, 916.1479167482934]
	[-240.2337312420009, 251.5649405683985, 917.1711625486037]
	[-239.9088033925596, 251.7062393561517, 918.2134614388476]
	[-239.8352903975958, 251.6430837167794, 916.7982556163951]
	[-239.4506654119835, 251.5585176197436, 913.6105664753867]
	[-237.1167626920604, 252.0425280782134, 911.5303030913656]
	[-239.6473416520114, 252.2238848696252, 915.3841503316868]
	[-239.4247067040754, 252.6738670283076, 914.0188085295148]
	[-239.8861755410597, 252.112363065337, 915.6602186034276]
	[-240.1768492833431, 251.9458760016364, 916.1827105875694]
	[-239.7399413173455, 252.0847258437016, 915.9098194448002]
80
	[-240.3562569738305, 251.8886516538757, 916.2821550811537]
	[-240.1629565630339, 252.2426931368028, 915.2306603724859]
	[-238.7420652462505, 253.3963028510152, 911.9084902366029]
	[-239.8243743122501, 252.3488950165669, 915.0644182410896]
	[-239.4567655949492, 252.1156272479444, 915.7298294366484]
	[-239.5467100652497, 252.1484132209006, 915.7483422346502]
	[-239.6355953250625, 252.612437829588, 914.0960034339053]
	[-239.7666391726881, 251.8612453997681, 916.5759209987849]
	[-239.2554843500161, 252.5059078010746, 914.8288657576409]
	[-239.460785049425, 252.7274681674312, 913.902703850115]
	[-240.3517816957104, 252.075678934041, 915.6432824047489]
	[-239.2626969244796, 252.6707427009657, 913.9770905871828]
	[-239.4415768949262, 252.4640701045081, 914.6102310863411]
	[-239.5395744107985, 251.9728293162248, 916.1769828069828]
	[-239.1805261869986, 252.7605915846509, 913.6588755187784]
	[-239.6619940747685, 252.8241384060734, 913.5878196389283]
	[-239.5328549476521, 252.6503317852329, 914.1892300836953]
	[-239.9299299731497, 251.9220407756131, 916.3224638177132]
	[-239.5645698333971, 252.5432982258306, 914.5252288388772]
	[-239.6813195447144, 252.0903621649527, 915.8553736897755]
	[-239.5682787698978, 252.5584100415006, 914.3709302289492]
	[-234.4404277677618, 254.7098721367882, 908.8178895836819]
	[-240.0521189213042, 252.2851721180074, 914.5274010367506]
	[-240.9332339554159, 251.9833090746559, 916.2638351500168]
	[-240.1650972256979, 252.1013397616888, 915.6512846248877]
	[-240.2886070223149, 252.2231248541701, 914.7785440090939]
	[-239.8487050504766, 252.1765663218786, 915.0801158360722]
	[-239.7572545472219, 252.3036062790655, 914.3603045912986]
	[-240.5303618222738, 252.0063036863133, 916.0696452856726]
	[-239.9789989915267, 251.8525707660768, 916.8265631433122]
	[-240.1011559145494, 252.096701163927, 915.4467886819587]
	[-240.1987337825549, 252.0304462104067, 916.0243453831811]
	[-239.5990469762283, 252.2697519551533, 914.6115877860509]
	[-240.1629453833833, 251.9396673445983, 916.5588169970509]
	[-240.6923889737983, 251.8956872081566, 916.7336667061323]
	[-240.7812458379927, 251.8327136588245, 917.1601549903285]
	[-240.2666570805699, 251.9864640608308, 916.2310283311804]
	[-240.2351006789711, 252.2123214211678, 914.998173498215]
	[-240.2953137370012, 252.2440634317267, 914.8636375025138]
	[-240.3715781612967, 251.8278750029912, 916.9867082713292]
	[-240.0615933993427, 252.0475024969971, 915.8295373679465]
	[-239.768127870177, 252.1658482758507, 915.1043310092874]
	[-240.2309759416267, 252.2518348418435, 914.5561298872924]
	[-240.0423689227183, 252.4020065306529, 913.9689046869114]
	[-239.9264988733551, 252.3853663320753, 914.1161029527444]
	[-240.1366561019205, 252.3176813966583, 914.4799705200364]
	[-240.1293527397297, 251.97670905581, 916.2945429325961]
	[-240.2593548070863, 251.9514178814936, 916.4213954937602]
	[-239.3768287508293, 252.2347860470427, 914.8716345218077]
	[-240.0249250791933, 251.9492250101595, 916.4003087425314]
	[-238.9689135402587, 252.4606522014506, 913.4143975219187]
	[-240.3613847541433, 251.7277441082599, 917.6056260753942]
	[-239.9455540213662, 252.0992421974966, 915.426889119009]
	[-239.9139544425931, 252.0674882958294, 915.7451182876207]
	[-239.5872006216687, 252.0987935821507, 915.529760415346]
	[-239.9241839473259, 252.0788869625201, 915.6070275024967]
	[-240.8080131268005, 251.9372428849434, 916.3067254080402]
	[-240.2307083648524, 251.990748906886, 916.0382881700483]
	[-239.9132912143246, 252.0596329492314, 915.8234191954405]
	[-239.9673443056176, 252.1757615519645, 915.2342435919055]
	[-239.2621874453465, 252.1759485786522, 915.0859643735606]
	[-239.5223054287337, 252.5480703999776, 912.8129542685414]
	[-240.5484940824212, 251.878455599364, 916.7101045812047]
	[-240.5169456195229, 251.9915711536849, 916.0508164984974]
	[-240.6340382522871, 251.9310319820752, 916.4862517607925]
	[-240.2082820635502, 252.2527962329553, 914.5237699290203]
	[-239.6516578520802, 252.2984040705031, 914.4765238878092]
paralelo 70 punto 18

	[-57.35196771114168, 179.9729808754428, 960.0041134243795]
	[-238.6785059699951, 251.7802810190425, 915.8353079348632]
	[-237.8196149467045, 251.7845872342424, 916.0519178748507]
	[-238.705923031097, 251.673824013825, 914.3915452314695]
	[-238.1963878899103, 251.9267091267926, 918.9721029848746]
	[-236.4434074810365, 251.3920829632918, 912.1764637130747]
	[-236.6922952202744, 251.4643939741022, 913.529552461187]
	[-237.1421013303181, 251.5644171432366, 915.2371553329994]
	[-237.7344312580363, 251.5956604730582, 916.504719120958]
	[-238.5381444904471, 251.5899462763331, 915.441207059525]
	[-237.5574397261859, 251.3864108835621, 913.7331660404482]
	[-238.5779071875756, 251.5934454248062, 915.5397931722271]
	[-239.2116403567377, 251.5487107804534, 914.4070390117651]
	[-239.0069914507936, 251.5445660788481, 914.5871447235043]
	[-236.2433506223273, 251.2164400528584, 912.581562323397]
	[-235.7237784561465, 251.1814797569115, 912.3602712645342]
	[-236.5563546848444, 251.2138922360195, 912.3796854879025]
	[-237.1391223901242, 251.4500753686844, 914.6517625068743]
	[-238.2542161400202, 251.3969684201893, 913.0537541690868]
	[-239.1118804689039, 251.6921381458193, 916.5509181431877]
	[-239.0424188981292, 251.5953638149401, 915.1786999519904]
	[-237.3892325055312, 251.3468324480447, 913.5322238216634]
	[-238.9941761100986, 251.631474447627, 916.0981718997349]
	[-237.5471913942174, 251.5191542287081, 915.610441440775]
	[-238.7527806496256, 251.6098270912953, 915.3089925212274]
	[-238.9191225498288, 251.592563293533, 915.5532353492724]
	[-236.5635718959087, 251.3392558946115, 914.0141883902381]
	[-239.0651496195881, 251.5987417956464, 915.1202516840914]
	[-237.7991403102897, 251.3677397625624, 913.2467410974457]
	[-238.1206448567658, 251.4160869273478, 913.8300585524954]
	[-238.9086104669207, 251.6910159090601, 916.9001932931561]
	[-238.7395193761871, 251.7378298171624, 917.8102336104171]
	[-239.0038998674578, 251.7422834762203, 917.2152848998439]
	[-237.2679907669639, 251.1964139651828, 914.3641714518162]
	[-238.4355984552088, 251.5819386572878, 916.2094677869057]
	[-238.5681304107884, 251.876284927284, 916.4587112241724]
	[-238.6890264031247, 251.4122305735593, 916.6293466561269]
	[-239.6121394434234, 251.9504419477737, 914.72227774392]
	[-239.6289061646004, 251.9326001101213, 915.9876431709059]
	[-239.0550260424546, 252.0839986959546, 914.6892458218306]
	[-238.9839673512134, 252.0549704434439, 913.4231147300493]
	[-238.2592423056162, 251.9908127838433, 914.6936832876183]
	[-238.6337889829443, 251.97133576845, 915.8457643408493]
	[-239.1409544004959, 251.9502551273584, 916.4619025783727]
	[-239.7312750785587, 251.8976118428159, 915.5841220240275]
	[-238.0486118257251, 251.8603169895731, 911.2570606176964]
	[-238.5398650000664, 251.8893899422272, 913.1685354609575]
	[-238.1304155605183, 251.9607690647211, 914.3880382865684]
	[-238.1255537072836, 251.9843445665539, 914.5321753462081]
	[-237.6609517183059, 251.9570947345059, 913.4697143818877]
	[-237.6103610217224, 251.9143433058372, 913.0397020621443]
	[-237.8908617102068, 251.9701987584154, 913.9007620604436]
	[-240.0140501741734, 251.8963429000427, 916.0422978087196]
	[-239.9447677846492, 251.8897886295261, 915.580733131549]
	[-239.5795302477855, 251.9180965601223, 915.7039108003679]
	[-239.9815125839737, 251.8891221535512, 915.2655583963657]
	[-236.8880970512073, 252.0169105625748, 914.3276239305792]
	[-239.7831791842531, 251.8960869439956, 914.7843748219577]
	[-238.1408840910748, 251.8563451419591, 911.4435021919205]
	[-237.2179919043018, 251.9324133998224, 912.1996329326794]
	[-238.6063800535787, 251.9626875454736, 915.0651855749305]
	[-237.7519585472675, 251.9338099381673, 912.414849250132]
	[-239.5995083650313, 251.943000733815, 915.8576323871229]
	[-239.1706937707103, 251.9732664471511, 916.3741621335291]
	[-238.761306742819, 251.9488306509387, 914.5183363802256]
	[-239.0986629580833, 251.9112844192613, 915.5154665772296]
	[-239.7009420254279, 251.9394609798594, 916.8044297418556]
	[-239.6364856902077, 251.9609348409201, 916.9079115872501]
	[-239.9957050305634, 251.8505134022539, 914.3801974162247]
	[-238.9956440817164, 251.9431127675221, 914.8298738450197]
	[-239.2147579150423, 251.8578050880707, 913.4869710943245]
	[-239.0094157325654, 251.908524492109, 915.2269132527031]
	[-239.7236678274712, 251.8718943992102, 915.5136348150791]
	[-236.5213496037531, 251.981941451304, 912.4080629508934]
	[-237.7339245497787, 251.8833555778898, 911.7744965869248]
	[-236.8425023272736, 251.9742531298634, 912.5301779461701]
	[-239.6045486476779, 251.8991878764365, 914.9262462214543]
	[-239.1161863045156, 251.943469424348, 916.2958628656846]
	[-237.0464949579071, 236.4079673341807, 914.540000872136]
perp punto 19
110
	[-66.92739547372217, 247.8695766274276, 971.7698620996766]
	[-65.78719583726109, 247.1775438923055, 971.8688386465726]
	[-66.06122513450893, 247.1571730849055, 972.6916656349903]
	[-66.14293441307434, 247.1079890998366, 973.0896123548952]
	[-66.2272278113507, 247.0856972184976, 973.3089963135801]
	[-66.90811034767597, 247.3376659502889, 973.4685549975893]
	[-66.33074340450581, 247.2795474776016, 972.6205645638258]
	[-65.76867632359622, 247.5482447368364, 970.3729451169065]
	[-65.91524730570899, 247.5511323939814, 970.6990122930982]
	[-65.76867632359622, 247.5482447368364, 970.3729451169065]
	[-65.83223622642929, 247.570583035544, 970.416402483386]
	[-66.16024031865069, 247.5776211119554, 971.105480597386]
	[-66.25854037121184, 247.5845119204037, 971.2502786455377]
	[-66.25854037121184, 247.5845119204037, 971.2502786455377]
	[-66.49780827916534, 247.5498506238566, 971.8876137839661]
	[-65.82072802490705, 247.5020570577364, 970.6191019443038]
	[-65.99307535448735, 247.4787442389149, 971.0867611174453]
	[-65.38146986280064, 247.3567885931542, 970.1954685365324]
	[-65.93147992864206, 247.2990452669589, 971.7299657895245]
	[-65.25215247182904, 247.2398275965199, 970.3920157150014]
	[-65.95975091588863, 247.5981357583884, 970.4951965981121]
100
	[-66.12096885588133, 247.5034435862518, 971.251549972213]
	[-66.69408221643356, 247.5937138408142, 972.1460975633393]
	[-66.0873837192929, 247.5616335363527, 970.8633606346928]
	[-66.26341025667743, 247.418525064641, 971.8439957446981]
	[-66.42484655299478, 247.4648856106155, 972.0588617524643]
	[-66.29433648843596, 247.4492077661256, 971.7998215995218]
	[-66.28311160365686, 247.4407771179131, 971.820779665896]
	[-66.02917913470745, 247.2207780138836, 972.0695520883045]
	[-66.15032159239196, 247.2346565045554, 972.3089913632678]
	[-66.54086021523368, 247.3400019672975, 972.7110531595046]
	[-66.49289059898067, 247.2571472905968, 972.9280832869052]
	[-65.57135176785216, 247.1570841042914, 971.255448493012]
	[-65.69411440414474, 247.3270713980868, 970.8709217082718]
	[-65.79003847545584, 247.376062425314, 970.7664738970906]
	[-65.94025828738496, 247.1669630610643, 971.9539151059229]
	[-65.82925339493741, 247.2390658464759, 971.4311498300503]
	[-65.77511320435474, 247.193303660656, 971.4540598118252]
	[-65.53360218440287, 247.1645105212099, 971.0084724839611]
	[-66.1697349010678, 247.2711824536688, 972.0054683866888]
	[-65.79878524018731, 247.2767536089647, 971.0752289750131]
	[-66.14381586460901, 247.1215556539925, 972.5525561286925]
	[-65.35389656973319, 246.9288926271471, 971.5363534854339]
	[-65.736924939605, 246.8371535224149, 972.7564203415687]
	[-65.72625024585588, 246.9251239328867, 972.4038564289234]
	[-66.07403447335987, 246.8855934718803, 973.3070404762798]
	[-65.96469020348039, 247.0318646998856, 972.5745449535791]
	[-65.82657593516002, 246.9929904942495, 972.4397235797557]
	[-65.70224003652325, 246.9005414507228, 972.4956193076403]
	[-65.54238727542457, 246.8454214560562, 972.3595375879594]
	[-65.32902358425632, 246.8394078758766, 971.9133090420064]
	[-65.97074795085859, 246.7247723195784, 973.6707640904683]
	[-66.42892030868573, 246.9566418261949, 973.7413038240483]
	[-66.33111113103791, 246.8964029983585, 973.9065218226639]
	[-66.1305414755758, 246.8153268131736, 973.7229706877902]
	[-66.1808792813992, 246.8580459259926, 973.6493011062906]
	[-66.38751141198276, 247.0940234689473, 973.1484393291047]
	[-66.33104637278629, 247.0675976486962, 973.1018461163052]
	[-66.08603936686713, 247.0822517067157, 972.4283573593921]
	[-65.73479853180042, 246.9321280273555, 972.3197167503415]
	[-65.56920329520891, 246.9598567146879, 971.8428392766222]
	[-65.85513502192535, 247.0345941389358, 972.1542399919795]
	[-65.9535280324005, 246.90216158204, 972.9891282329143]
	[-66.12308839208433, 247.0972262521379, 972.5508393823432]
	[-65.38465236840605, 247.0064042450879, 971.2220041471348]
	[-66.54319068542175, 247.7873617341637, 970.5014143022805]
	[-66.61611123060503, 247.516018558527, 971.7546432947855]
	[-66.3175757704967, 247.3023928329713, 971.9610276379783]
	[-65.95397287666853, 246.9899063105367, 972.5814360703541]
	[-66.34856970937722, 247.1260869751488, 972.8643839808641]
	[-66.45527652667523, 247.6444268457781, 970.90526262348]
	[-65.7693522644047, 247.2697196930075, 971.013649191724]
	[-66.4198987374987, 247.2095283376314, 972.7543411010935]
	[-66.36486793256468, 247.1587534109221, 972.8246935778218]
	[-66.20686863045253, 246.9522382375882, 973.2858994023928]
	[-65.68404871605887, 246.9897716887252, 971.8411140794673]
	[-65.53742743794071, 246.9635819745448, 971.6800271242558]
	[-66.16008835725681, 247.0561893181389, 972.6593891886453]
80
	[-61.78910623562456, 246.5894898908167, 970.5719302346751]
	[-62.36107017417706, 247.1073073118812, 968.2677830483024]
	[-62.1945701216985, 247.3164936847789, 966.5680862998445]
	[-62.31614447994754, 247.2608257316735, 967.240730936878]
	[-61.72261849161676, 247.0587384034159, 967.0197076299899]
	[-61.95422690986079, 247.0621704937641, 967.4711251012951]
	[-62.55065773269669, 247.1742509742004, 968.169775898732]
	[-62.66401025590308, 246.6610802583091, 971.4259973923837]
	[-63.09185412793965, 246.8895373017356, 970.9859302242756]
	[-63.32304445108585, 246.9538647987502, 971.163517053177]
	[-62.89155367926348, 246.6729134474836, 971.9212058089487]
	[-62.69437109176363, 246.853825857867, 970.3468280863833]
	[-62.73329879908911, 246.6864034872179, 971.4841596992367]
	[-62.9584515712943, 246.7537870557026, 971.4855785066034]
	[-63.38739350564281, 246.9183839594284, 971.4094014015532]
	[-63.50834673694722, 247.1150689065771, 970.5825341241059]
	[-63.14160078609875, 246.7536004543887, 971.9039926167986]
	[-61.91375126114092, 246.2872418647804, 971.8994379119903]
	[-63.09868250214399, 246.6561624368842, 972.4181597951598]
	[-63.90958288826835, 246.8798207131834, 972.7742627782795]
	[-63.94454513904333, 247.0567335401228, 971.963842241105]
	[-63.49724490610734, 246.8368771806213, 972.2259869064181]
	[-63.69380210011117, 247.0598069311001, 971.2209498830317]
	[-64.37592875657577, 247.1339898467667, 972.3312833721607]
	[-63.77083997703519, 247.114403378846, 971.1187694661116]
	[-63.79149397035683, 247.0780965601504, 971.5277558964723]
	[-64.01770422394272, 247.1042250754616, 971.7111265288013]
	[-63.88506483644859, 247.0073160259539, 971.9747062274932]
	[-63.12249035574123, 246.7954012519131, 971.5993792671344]
	[-63.87642229547357, 247.0535159592019, 971.6903260397064]
	[-63.33854024940756, 246.9473919844858, 971.0843090390063]
	[-63.59434517648847, 246.9366387204445, 971.7993624945069]
	[-63.54138492793955, 246.9530498297839, 971.5309517037454]
	[-63.60648255168975, 246.8747694049488, 972.1476493732958]
	[-63.69906797932525, 246.9000814311779, 972.1135430243799]
	[-63.55028559303034, 246.8728548560026, 972.0383189705892]
	[-63.79991807302457, 246.9973790718027, 971.9348840601643]
	[-63.67831997063374, 246.7430333591588, 973.1462731052283]
	[-63.76281613532612, 246.9865809683408, 971.8971149236063]
	[-63.50307404538364, 246.9701389458806, 971.2715995293954]
	[-63.54793573159968, 247.0922297578194, 970.7292199106266]
	[-63.6448153132732, 247.1819724574971, 970.3436412858342]
	[-63.85414711524933, 247.0992935238694, 971.357226434149]
	[-63.72583513413079, 247.066160406813, 971.4259534916762]
	[-63.54882456230627, 247.0266109418127, 971.0689468525563]
	[-63.48247272715807, 247.0270864279934, 971.0321765667393]
	[-63.6778320993818, 247.0522583977531, 971.2615211563351]
	[-63.51217369076059, 247.0429697796277, 970.9364793886989]
	[-63.86194976783671, 246.967328583598, 971.9746566035443]
	[-63.73364961731961, 247.1407987591473, 970.8116595233394]
	[-62.48227552814005, 247.8648193788419, 968.9908236853369]
	[-61.9156064817912, 247.9164188476258, 969.2428011078808]
	[-62.7958505377862, 247.7200923736206, 967.5585446716618]
	[-62.79937241040788, 247.7801794823128, 968.6573231772804]
	[-62.18757073780168, 247.8211734369577, 967.4943296775922]
	[-62.67368275974723, 247.863365509903, 969.6788413247639]
	[-62.63009647214383, 247.7860106931846, 968.479350526677]
	[-62.58637641228688, 247.8010739915571, 968.419898269443]
	[-63.01479045856843, 247.7612007665294, 969.2166817147557]
	[-61.69492460876067, 248.1881006998404, 972.8755476303195]
	[-63.03350144336225, 247.7000008671067, 968.2226442210522]
	[-62.65223195730772, 247.70930802675, 967.0740751792682]
	[-63.246513142211, 247.664460871571, 967.9982360367646]
	[-63.2562529999278, 247.6969138923817, 968.9660034147292]
	[-63.05296492777207, 247.6200375344332, 967.2554393995689]
	[-63.32645312646441, 247.6785962996927, 969.0626193879924]
	[-62.03119463844678, 247.9629580855982, 969.621326708581]
	[-61.84435724411629, 247.98287453563, 969.4052822286558]
	[-62.08016299153056, 247.7993008398527, 967.0745073868827]
	[-62.82998284002515, 247.7251376134379, 967.6996702979457]
	[-61.90905707136884, 247.9697402363113, 969.8122150153407]
	[-62.80742280124542, 247.3194932304026, 966.6260271939377]
	[-62.12690934522988, 247.5980901737154, 967.3695272126334]
	[-64.07786535873375, 247.311914346183, 969.6348852048289]
	[-64.10931866239292, 247.1353064776663, 968.4031142139138]
	[-64.02016185853219, 247.2587890692484, 969.2037778569746]
	[-64.2500323917877, 247.2653567746938, 969.9626178272027]
	[-64.17302000595738, 247.268140668234, 969.6752003077916]
	[-63.49709268583108, 247.3787281658404, 968.6643143175299]
	[-63.0688943502463, 247.1973037362677, 966.250879928222]
	[-63.82159399172716, 247.010812697843, 966.3117700169516]
	[-63.93692096866125, 246.9033185458989, 965.9569229916719]
70
	[-64.18959145449986, 247.2657191290973, 969.2941660713356]
	[-64.63708363130436, 246.8587624673391, 966.8918218852972]
	[-64.4736019385158, 247.2416166761916, 969.629166838694]
	[-63.74815763510091, 247.3813919758767, 969.0172299872045]
	[-63.30876984418701, 247.4315439471265, 968.5588250015915]
	[-63.37713142184023, 247.3787843675087, 968.4324573261844]
	[-63.11744001516563, 247.4999581454938, 968.7270721264084]
	[-63.992389863588, 247.2256520981687, 968.4406487807515]
	[-63.38011238843809, 247.1349988694099, 966.2367342577797]
	[-64.11546659239484, 247.1618567677749, 968.6208231887928]
	[-64.13653823084836, 247.2953721318991, 969.7739033625458]
	[-63.29766294930921, 247.4176235982064, 968.7457021483508]
	[-63.61893344117704, 247.1662971909324, 967.1719441198592]
	[-63.96661013931236, 247.2391381767113, 968.6090021296102]
	[-63.95167351240079, 247.1254578644674, 967.6819441447552]
	[-63.61453755706999, 247.3064068642864, 968.1205453765908]
	[-63.24034699611368, 247.295441611082, 967.0160991978431]
	[-62.85700490019158, 247.3991610118276, 967.0192811278139]
	[-62.90263698904786, 247.2919811678099, 965.9397444436653]
	[-64.68022472787503, 247.241653552657, 970.6174894666666]
	[-63.96853055573895, 247.3640211645177, 969.5584096571957]
	[-63.57447844127827, 247.3304278632383, 968.1735361914323]
	[-63.49748155688669, 247.5588942836654, 970.1045799178578]
	[-63.57049775171046, 247.1934430333207, 967.027188744914]
	[-64.01524767203902, 247.3647866157418, 969.9595792589472]
	[-64.22757991154491, 247.4363960424877, 971.0480985458952]
	[-64.26893183882382, 247.323393969617, 970.1176808038944]
	[-64.27965333418243, 247.2459183196212, 969.2822842915485]
	[-63.72573051912035, 247.2562909060454, 967.8001174182568]
	[-64.02585225935177, 247.1559254119798, 967.9561143012869]
	[-63.84817473445778, 247.1730077623446, 967.2302368780211]
	[-63.67690306776345, 247.4311126595259, 969.5853820116665]
	[-64.14964110406756, 247.1622804450207, 968.1619633526368]
	[-63.45693200578298, 247.1919377744219, 966.7530957494998]
	[-63.21813195980372, 247.4793788929538, 968.5218840389169]
	[-64.09668027340173, 247.2832452012051, 968.9554362378037]
	[-63.23200630013948, 247.5666537722998, 969.2248317705714]
	[-63.5230179583959, 247.3701398372227, 968.2535475867932]
	[-64.02565552649487, 247.3233939976675, 969.1823593868858]
	[-63.73986958978642, 247.4193032316809, 969.3852072569233]
	[-63.62924017539512, 247.3059903874879, 968.0669847772266]
	[-64.37911467567454, 247.0843539928932, 967.9172243787323]
	[-63.64129113775849, 247.2024558982062, 966.9159883589714]
	[-64.25591902412495, 247.3185046210189, 969.9625648620503]
	[-64.53868104204454, 247.2172924121682, 969.9126583918794]
	[-63.78701122682584, 247.3218967070653, 968.4380549272033]
	[-64.23927451454485, 247.2242417854944, 968.0280144895891]
	[-9.296594682769468, 208.7431267130405, 840.4197436476982]
paralelo 19
110
	[-64.86804132051077, 250.0860353173797, 968.4099403206087]
	[-64.90746598335016, 249.9810313477585, 968.7794071815071]
	[-64.89874330926051, 250.192634644425, 968.1612349768053]
	[-64.92745271538556, 250.2212149141284, 967.9946331414665]
	[-65.12958677574278, 248.4706344958768, 972.5100303608478]
	[-64.81612383427134, 248.4473489299325, 972.6754067981593]
	[-64.22129982730034, 248.3861132282573, 972.7156321774667]
	[-64.4319343120426, 248.6550903790753, 972.0930394798581]
	[-64.44171319059512, 248.4623173845532, 972.5101632669914]
	[-64.53487266166309, 248.8466829770819, 971.5004690856732]
	[-64.02634506833552, 248.7523241812983, 971.7826961287694]
	[-64.29591549072104, 248.8481249055168, 971.5530880554202]
	[-64.99042550268338, 249.3810693524198, 970.2037383218509]
	[-65.05316265144533, 249.1684098761907, 970.5519812458557]
	[-65.08934333614712, 249.2155913700755, 970.598039857793]
	[-64.3408766776767, 248.0589699931251, 973.4270088881444]
	[-64.40291881831519, 248.3380618944968, 972.7467674880186]
	[-64.47894202350541, 249.5203799991503, 969.9239561687803]
	[-64.31099484790874, 249.4078816219843, 970.167461791685]
	[-64.45440611562627, 249.1998573105297, 970.7566596549996]
	[-64.75893130707502, 248.8796789175636, 971.4091440161538]
	[-64.75824094460998, 248.7889979465198, 971.7043001332329]
	[-65.35801141786412, 249.0064181160643, 971.1913311115161]
	[-64.40040452372753, 249.2330967379839, 970.3976666589817]
	[-64.09721902641297, 249.4119719005735, 970.1612141865995]
	[-64.5740727031607, 249.17037326001, 970.7186589914691]
	[-64.57530187721704, 248.7753301454459, 971.5807423657584]
	[-64.02108345762672, 249.2923758041256, 970.6058876498648]
	[-64.02144760010418, 249.0935190475656, 970.9206048454694]
	[-65.25210564737407, 249.5812647102751, 969.664664430928]
	[-65.556635063058, 249.1922506151241, 970.5759039488582]
	[-64.54953283808236, 249.4238904356236, 970.0968473376497]
	[-65.00070490828426, 248.6124812319966, 972.0099543932666]
	[-64.31726937635527, 248.48996398913, 972.3113951148127]
	[-64.40248327588976, 249.4696407643238, 969.910428367345]
	[-64.53594141485689, 249.370888582938, 970.2268562992629]
	[-64.43033685589587, 249.35570008112, 970.2589307673163]
	[-64.99803032952985, 249.4964149522817, 969.8160390499336]
	[-63.98045823646363, 249.5547341995178, 969.8481814442841]
	[-65.10962424557283, 249.1496960520761, 970.7282205242407]
	[-64.17705677195411, 248.5711508326681, 972.3034562225263]
	[-65.1035323297971, 249.2680477673169, 970.4015283154688]
	[-65.08821973456975, 248.894471532804, 971.2555065973]
	[-64.34545994635266, 249.3871364411947, 970.1979313343393]
100
	[-64.1099949659794, 249.6778431664279, 969.5453545298001]
	[-65.42217543845055, 248.1840942017914, 972.3895446065654]
	[-65.22433199449281, 248.1062663907529, 972.8718548520228]
	[-65.415867978473, 248.1937490246882, 972.227508311685]
	[-65.60376033045414, 248.1959150717561, 972.3474684829052]
	[-64.83696966742947, 248.1113838662053, 973.0171618839491]
	[-64.71401216287521, 248.6836953070002, 969.4169438727361]
	[-64.96728050520842, 248.2991283889175, 971.8071352944045]
	[-64.90163106929039, 248.1724119302832, 972.7343275912726]
	[-65.37532675081658, 248.7089374435196, 969.3003639927449]
	[-64.72113485524294, 248.6073433603394, 970.049190750162]
	[-65.26097790563155, 248.5718714138455, 970.2678221679339]
	[-64.73720658989342, 248.2864214243098, 971.87997332604]
	[-65.51549201436913, 248.0695864735113, 973.0089233720747]
	[-64.49232222150253, 248.524944271011, 970.3421136978981]
	[-64.5941485581406, 248.5682527779647, 970.3520229323094]
	[-65.52576852384725, 248.0593905818292, 973.4427678520318]
	[-64.57006840118923, 248.6291444251028, 970.0248507128412]
	[-64.6360519835012, 248.432928212152, 970.9958215860622]
	[-65.0535001964021, 248.2502680244912, 972.2071651874422]
	[-64.88702562938528, 248.5473365402808, 970.577877894211]
	[-63.92137883308924, 248.6261909005559, 969.7293209549796]
	[-64.85875015202555, 248.5743051176664, 970.3736486988629]
	[-64.31010649441876, 248.5383379292896, 970.3500134045273]
	[-64.06645813585726, 248.4766662295417, 970.7296559492884]
	[-65.01613800578336, 248.5317061843834, 970.467194194222]
	[-64.72688228075273, 248.3725551263553, 971.28986104116]
	[-65.6102764503449, 248.0493550725993, 973.1573724672771]
	[-65.17851960536976, 248.2760612794323, 971.9775931066806]
	[-65.18392027819168, 247.9139762841958, 974.1644016651798]
	[-64.92207932697526, 248.0107334252673, 973.6229971886208]
	[-64.95027876869887, 248.2180697242108, 972.278074930979]
	[-65.02475659048939, 248.2528517300016, 972.1220278151069]
	[-65.03297881130686, 248.635038232273, 969.875491719113]
	[-64.91887009748351, 248.4648277866588, 970.6473766188668]
	[-64.75020583936131, 248.7036779981213, 969.381583412438]
	[-64.9062128474167, 248.2891854208371, 971.76240016128]
	[-65.78797283795305, 248.2313547627612, 972.1139670196189]
	[-65.04152391504626, 248.1726764747744, 972.594105683819]
	[-65.2080610953758, 248.8194094865837, 968.6661498177729]
	[-64.94660279302975, 248.5362363691769, 970.4852527445296]
	[-64.90598519447241, 248.337326822585, 971.695929598666]
	[-65.04612635022376, 248.3326708550052, 971.6916732622038]
	[-65.22881147560206, 248.7389865952552, 969.1667764710004]
	[-65.35358667380717, 248.4635960633287, 971.1411675532452]
	[-64.31414525656039, 248.1263528056398, 972.620609494399]
	[-64.87342694654193, 248.1356060318286, 972.6387833182156]
	[-64.63642477576147, 248.4823014389795, 970.8445248870041]
	[-65.34193389399798, 248.3007750878475, 972.101911269098]
	[-64.33809470323392, 246.8781222750669, 971.8251294136585]
	[-64.34350351715506, 247.1709091840261, 973.8461365442492]
	[-64.27456273646794, 246.910050285059, 972.1512538727678]
	[-64.52757240925681, 247.0499112144581, 973.0058468815499]
	[-64.44833592024249, 247.0357797250679, 972.8331301419502]
	[-64.89863748988557, 247.3542472356505, 974.1769102385093]
	[-64.12722986813766, 246.9285003791661, 972.767055514093]
	[-64.08372782803509, 247.1050658643126, 973.7488061040207]
80
	[-63.6372696533251, 246.6143550398312, 970.739637009956]
	[-64.54552767443022, 247.0684389765655, 972.9259715602449]
	[-64.56870144975966, 247.0628381758223, 972.9128782988874]
	[-65.07975395434225, 247.5565859761898, 975.5387600984715]
	[-64.8193724772802, 246.9958325837678, 972.2864484182219]
	[-64.31236594656377, 247.1130928565913, 973.3432369780783]
	[-65.19108168301941, 247.2780702604895, 973.3099659832825]
	[-64.19246453559133, 246.8474202481305, 971.6372703439285]
	[-64.29524132127074, 246.753812455909, 970.7535825511833]
	[-65.23454690454079, 247.256296857532, 973.0953665534194]
	[-63.65789671730506, 246.8374490033507, 971.8784518059622]
	[-65.28627862993068, 247.4040196972385, 974.0739081686222]
	[-64.44370597310163, 247.0985812201538, 973.0380735127831]
	[-64.94112554948742, 247.1098992051998, 972.6337722462388]
	[-64.46984075452552, 247.3096545069918, 974.5159650829788]
	[-64.81137570715418, 247.4087582580237, 975.186292851224]
	[-65.20146135914678, 247.3504574011438, 974.1587159313651]
	[-64.82239588676791, 247.3063207719692, 974.240844372332]
	[-64.38419042829764, 247.3043107959103, 974.7025485000321]
	[-64.49023765233432, 247.028586041993, 972.5758950248975]
	[-63.36108697332083, 246.7862991875422, 972.0286659460658]
	[-64.85107743520166, 247.1855909130481, 973.4295342213493]
	[-65.6730948270486, 247.6448862637277, 975.7627077753061]
	[-65.63110501553237, 247.5689190993015, 975.435223747521]
	[-64.46369029340394, 247.1921235373968, 973.8085516592981]
	[-63.213312398271, 246.4263833233808, 969.4984963615645]
	[-63.91513325132342, 246.6446504318033, 970.3695722757561]
	[-63.04494001493479, 246.4619707876491, 969.8187351531185]
	[-62.93041603071237, 246.3919024602067, 969.4056598731365]
	[-63.88847595015052, 246.7139879867329, 970.6350887684214]
	[-64.13214436223598, 247.0295414192309, 972.68788696455]
	[-63.92234097269002, 247.1547074247177, 973.954165439935]
	[-63.63237373394201, 246.8356314301591, 971.6587238279326]
	[-65.4282862501943, 247.2391121688298, 973.3242578651542]
	[-65.19515519724769, 247.5119678452076, 971.4695329590639]
70
	[-65.04687267159666, 247.5187361879249, 972.5038606605796]
	[-64.48204365433236, 247.5538169164355, 975.4648302480012]
	[-63.56471719317305, 246.3279459866141, 970.1285195863004]
	[-63.54065871654122, 246.896688102854, 970.7784061374365]
	[-64.92596065769163, 247.3259678097922, 973.7481235606168]
	[-64.69712392518446, 247.1772087090713, 972.7400540817147]
	[-63.92052305555579, 246.8588068218951, 970.7567469855308]
	[-64.2625063096128, 247.0925126356349, 972.3494520921367]
	[-63.88631319791118, 247.0408676636147, 972.3329128729386]
	[-63.34375833786804, 247.0212988561268, 972.2581486734898]
	[-63.98939684964972, 247.3982418223463, 974.1399220595861]
	[-63.27691871665486, 246.8990905884213, 971.3923511046989]
	[-64.02428383031871, 247.4726138968034, 974.7079032095777]
	[-63.47313370077355, 247.2503753006863, 973.4748117546146]
	[-64.06592896049899, 247.0869342380598, 972.4521322178903]
	[-63.19906031673028, 247.2029131892374, 973.1239829220888]
	[-63.95447579608597, 247.1884863613247, 973.0224517056266]
	[-63.86349845210989, 247.1201901482555, 972.5888896476811]
	[-63.73462951683816, 247.3736246759592, 974.0388160005281]
	[-63.17875858227131, 246.8323949261303, 971.1963181181623]
	[-64.07503381009593, 247.3090641494857, 973.6334501175546]
	[-64.63061635847124, 247.0519122150502, 972.1850956558696]
	[-64.0406776724231, 247.2653667085086, 973.5825311101855]
	[-64.52072090299826, 247.4064406671622, 974.1934740659001]
	[-63.41801214459592, 246.8263117544109, 971.3044375155839]
	[-63.56571840127155, 246.9597131443335, 971.9363620311162]
	[-63.64705547069676, 246.7921857094727, 971.1712161059324]
	[-64.43886513093169, 247.1349295326555, 972.8592434057988]
	[-64.11842059468064, 247.3444686319011, 974.1568623144553]
	[-64.01780438663512, 246.9111577422663, 971.6183432947878]
	[-64.21471933400848, 247.3241043513108, 973.8058808984524]
	[-64.34849736577249, 247.1773785473301, 973.0161505874518]
