1
	-122,5365437874246	248,7031502136521	856,8829684600969
	-122,5365437874246	248,7031502136521	856,8829684600969
	-121,8782311493716	249,1322199678832	853,4844387318321
	-122,0778820440493	248,871630096638	855,6043615503663
	-123,160354025247	249,1263302180924	854,6228362841201
	-122,7075772076821	248,9991472932437	855,3178498389298
	-122,8023344100916	248,9247271316863	855,8205452416253
	-121,7936353625277	248,8918223337523	855,1842740207255
	-122,8928331846703	248,8762930794489	856,1254062758379
	-123,0566623856987	248,9880264524257	855,4817804115355
	-123,1012399061438	249,0301635050009	855,3396118315712
	-121,9332708205813	248,8920919050914	855,3656462693144
	-121,7881708778943	248,6888956788498	856,5006893777979
	-122,6562860518987	249,1093645820309	854,417834157694
	-121,733552295802	248,9747577993527	854,7702783744776
	-122,3998406034544	249,1384042807295	853,9781098099589
	-123,0930326228783	249,089163350436	854,8189721607855
	-122,6972310073461	249,1034692082079	854,3985404468764
	-122,5241411356293	248,9412163547934	855,4344952912478
	-121,7402420224816	248,7637438652357	855,922242929295
	-121,8812830706772	248,7982120218767	855,7498124336867
	-122,7186493214199	248,8471032414017	856,1722358261668
	-121,9563119223445	248,782378140439	855,977095125963
	-122,7254870419515	248,8066013049687	856,4812553357575
	-122,3697598976446	249,1416531115491	853,9002513558311
	-122,1789317625413	248,7454391511963	856,3645840381979
	-122,2698569276295	248,7719018525851	856,2331421935515
	-122,2788486633935	248,8281288015948	855,9505644738576
	-121,8238763018315	248,7902158873255	855,824163518914
	-122,4000753502661	248,7300508163733	856,6329384962521
	-121,6641497037839	248,862081611081	855,2990620519887
	-122,4269881883158	249,0681947192146	854,2733408171067
	-122,1712454958025	249,0184983227225	854,7025412374446
	-122,1963064224511	249,1578375809847	853,7570294850519
	-122,8359001617287	249,0964709366663	854,5642629511465
	-122,5064869116795	249,1152427458979	854,238183626256
	-122,6838167186552	249,0876003258265	854,529889340558
	-122,1704005894035	249,1477009631795	853,8142213374621
	-121,4303341940222	248,9421141717692	854,5931690610855
	-122,6556293894694	248,7607636306408	856,6483325581936
	-122,7114683192939	248,9235876506263	855,7499763605992
	-122,1021758540731	248,6809363526478	856,631785561515
	-122,5012849337137	249,066433625421	854,3850271091404
	-122,0726418128732	249,1404593828134	853,6319308268492
	-122,2114488017297	249,0573620627704	853,6088670767358
2
	-135,2355096314462	247,1848723492691	862,4587086145787
	-134,5065643468978	246,7875052559205	861,5205183186794
	-135,0884340358916	246,9805196627603	861,2629470384952
	-134,8307123542726	246,7706341470101	860,5518583532788
	-135,0263363934291	246,9966362910781	861,6343352578804
	-134,7766102264417	246,8445089892687	860,8064114660491
	-135,6246255353757	247,2517229054415	861,7639046726806
	-135,2966692558496	247,1003771674052	861,0977857837761
	-134,9426752039973	246,972326904894	861,0043337253132
	-135,0453143359828	246,834437631522	859,8480472752154
	-134,8766295138601	247,2261503692634	862,7765041211313
	-135,1665383128908	247,5931650580313	864,2741714386664
	-134,8037919604431	247,1410826222129	862,0243670606257
	-135,0619305549019	247,3380096472538	862,6048994058166
	-134,821663187661	247,3159805478905	863,0648288456875
	-135,5666150470394	247,5418970893796	862,5464532159552
	-135,7836710030062	247,5508840473959	862,436855443952
	-135,5314361819579	247,4336740370325	862,2512801252634
	-135,6361313630577	247,5164871803586	862,5303328057598
	-135,374124724695	247,2580349672792	861,3702652144735
	-134,5660643621954	246,980107023461	860,9746011440207
	-135,2422079862953	247,4286441094262	862,6005123240064
	-136,1658946271967	247,7103873564806	862,4686362308582
	-135,2981993702176	247,5190058499257	863,0867868824413
	-135,3019080326513	247,3907974395385	862,1398809517663
	-134,369772927688	246,7376947249309	859,8737260601066
	-135,2753374478153	247,3341137778357	862,38843671097
	-134,9918765083689	247,2547024454081	861,9286522100433
	-135,3381117324182	247,4903698843697	862,7903421009128
	-134,2251752631748	246,7169646428088	859,53350990421
3
	-115,3129822424427	248,0331977895945	868,5147732855111
	-114,9611198744618	248,3422047142446	869,4361638203404
	-114,8250852141001	248,2782419905779	868,951658615194
	-115,6296364008535	248,4426131126564	870,1992586293385
	-116,2533895296096	248,4709302439988	870,6469662409577
	-115,9394332948057	248,469133600912	869,7921175071295
	-116,3540810712827	248,4992579712598	869,7117816104912
	-116,408146604852	248,4620789357171	869,095046524307
	-115,8267362787053	248,5831379322179	869,4638001263955
	-116,2870917492835	248,4936098830918	868,6124359467077
	-116,0453205160807	248,5416388518446	869,0396281998222
	-116,1851818504894	248,5054176098777	868,9824391171611
	-115,6890930163396	248,5211551974695	866,6506172164723
	-115,9799226047374	248,6133189275257	870,6119948734176
	-116,49673788694	248,5210000505898	871,2414439473267
	-116,3698384784491	248,5679104704517	872,1176382931674
	-115,8870755834352	248,5464783943807	868,6289866395185
	-116,5883352861268	248,3722048297708	868,8308562496096
	-115,7316078181312	248,5671146240295	868,4410084507168
	-115,6689295286588	248,5704151234547	868,3098899162562
	-116,1482285243694	248,4766462175551	868,2767111552041
	-116,0967564406676	248,5034555503602	868,7612451611524
	-116,4025210379078	248,4806938942345	869,7204370229215
	-116,082856222272	248,5377204090217	869,1460953426983
	-116,3139001248929	248,5272761158568	869,5332350660314
	-116,1992145574969	248,5067279184231	869,2278568835579
	-115,1382327139429	248,6373104951835	867,6249057491648
	-115,6868943078535	248,5424019290046	868,1624025507091
	-115,7886694978065	248,5634733094593	869,0274725064879
	-115,9538406528843	248,5521267751594	868,552240429457
	-115,8095311964862	248,6055129995173	869,2397713459601
	-115,6104867652994	248,5683087971742	868,3895179745648
	-116,12920966318	248,6142940931064	870,3834937451902
	-116,3119602854424	248,5593539643361	870,1183194893479
	-115,3024757066972	248,7216374686581	868,1941230262219
	-116,3037666662525	248,5664388469762	870,1838640599487
	-115,8231074914679	248,6045102849922	869,4273984514649
	-116,0296492945151	248,5842444463801	869,4580510419044
	-116,0412751665723	248,4878059454282	867,6984695089496
	-115,2473335785446	248,7396373610826	869,5761255385704
	-116,1308358940373	248,6073513008414	870,6333154091944
4
	-147,8406823578715	247,2510718248692	867,9963032578813
	-148,2910692975656	247,8092003860599	869,8120125033635
	-147,7558366663498	247,3060501600908	868,204949836958
	-147,5548719840434	247,1463588385616	867,7664861413188
	-148,5607326393712	247,52977993388	868,4457260849155
	-148,2355461341104	247,3303035617747	868,0146417343659
	-147,8936673569503	247,3593576527853	868,0601843011261
	-147,6283461037051	247,0673671343979	867,1404951327085
	-148,1869257944341	247,2967129587981	867,7046104117915
	-148,0259218003179	247,2199610580738	867,5091431961218
	-147,7729150639862	247,3468186820274	868,378540075571
	-147,4967056798647	247,0619852990519	867,4357279396013
	-147,8079551153917	247,3301421548105	867,8712878500611
	-147,3971515804797	247,046427041259	867,2845299917161
	-147,41056633378	247,0074944293027	867,0457745243571
	-147,5070948412353	247,0587804163338	867,1427688997725
	-147,8033410452405	247,2058051944319	867,5335358925463
	-147,8451101337127	247,2488949848896	867,5547593141499
	-148,2710019963336	247,6854143595806	868,8481030215804
	-148,5710540148844	247,8844993222625	869,2886146788082
	-148,49981586462	248,0681331083689	870,1475673783087
	-147,9354639181863	247,4269341267729	868,1495968490538
	-148,8796205964406	248,0923112069865	869,8845099493816
	-148,1568824531064	247,6507177304884	868,67191369571
	-148,7011852416372	247,9202053319394	869,4398305068044
	-148,4828601036787	248,0770621702441	870,1273484418771
	-149,0741886515962	248,2898796982151	870,5161483681653
	-148,6199451496861	247,8982386033532	869,2529411987762
	-148,5685052400069	247,8054058919774	869,0396159644117
	-148,6115232471234	248,0213370062545	869,6987862266564
	-148,6327698077135	247,9064978931322	869,2745193418523
	-148,5321279870548	247,8947913527456	869,2066477231344
	-148,6970948097617	248,0866714545188	869,9860657012375
	-148,7729190344047	247,9093145062988	869,0855388503535
	-149,1866266917404	248,5563594416414	871,407469320689
	-144,1639223712395	246,296410149935	866,0910457300716
5
	-85,87188877052907	217,8811748278975	877,7795751821378
	-110,4347241948095	247,9936770244762	884,8307400311251
	-110,2704873187818	248,1811804527221	885,4910284714447
	-107,0925533299772	248,3835188906782	883,112450562691
	-108,9875075072794	246,7964405137693	879,9661639110916
	-108,4577161746917	246,680847890302	880,518658694227
	-108,2783387149995	247,1921369310813	882,3400798614638
	-108,8482708192382	246,8422146552336	881,6242606167897
	-106,9291488617736	246,0484184239094	879,5626127369131
	-107,9567374188471	246,6263669184782	880,8652177012386
	-108,9186854306599	247,0287829158381	881,8482748538329
	-108,7718403285992	246,9415297329583	881,6978998479141
	-108,7950021702031	246,591796776155	880,6291871801948
	-107,8965408723692	246,4594681390182	880,0530586340233
	-108,3447555209578	247,4832040250308	883,2520316448564
	-108,5840376704334	247,2240070520882	882,4294103931106
	-108,202102191496	247,0210531796613	881,5438944969387
	-108,2912062970715	247,0849521640157	881,6270232884769
	-107,7840360293607	246,444567148233	879,200585116291
	-108,2353773296718	246,7952853525846	880,4665195329997
	-108,0361871681454	247,395367737463	882,7013892469029
	-108,6100934898328	246,7118956437166	880,0374375470826
	-108,1456548196587	247,0661988095438	881,5571503466656
	-107,913984988902	247,2693427085657	882,3195458394397
	-107,7528231962791	246,6646401814994	880,1446193492922
	-108,7308786452148	246,4868426646365	879,2619462720528
	-108,0843483827259	246,9039013244975	880,9761408631305
	-107,3434920452159	246,9029465383681	881,0717441025187
	-108,5950594477577	247,0761824882001	881,6484293318026
	-107,6084045084105	246,9551693817972	881,0362187798019
	-108,237477729385	247,1125160696747	881,7324794039592
	-108,0232369975377	246,3692680549173	879,1049738985132
	-108,2624246575475	247,3454070030823	882,6733596853397
6
	-160,5490288476748	248,1909985289161	880,8176748674875
	-160,4441201732091	248,1148809919462	880,3415387835748
	-160,3450609865844	248,1405468333883	880,9995454522908
	-160,3678044456582	247,7412280702022	877,6324221340606
	-160,6326269942476	248,0151332244874	879,2522114550611
	-160,5919068474703	248,088987441168	879,8504137195771
	-160,8956296295372	248,1015376840427	879,3813462297895
	-160,6426946712317	248,1989077765654	880,3527943987174
	-160,806570788292	248,0875392018787	879,2871863384941
	-160,5447604591706	247,8287563111724	878,0136533049676
	-160,3916643463763	247,8235557822578	878,6148776559693
	-160,1963771725555	247,7389841970165	877,9192853570305
	-160,7550811654162	248,1136266357744	879,3454112680237
	-159,9932555523061	247,5143308239578	877,2660533317801
	-160,2711181461008	247,6266710258886	877,3575124132917
	-160,9008585048067	247,9776868108991	878,2951833278813
	-161,6874427179468	248,4619852890876	879,6473959991948
	-160,9111432217703	247,9682109578037	878,4720545900715
	-161,0503827067565	248,0590511808516	878,9200352916447
	-160,6795633210908	247,7836116724905	877,7401065575766
	-159,6800250713864	247,525859467181	878,6564852373072
	-160,536624362726	247,8121084053379	878,1914878775224
	-160,3843816976725	247,6860135328491	877,746186632393
	-161,3247263297517	248,31636328445	879,6112122950094
	-160,6442461378393	247,8892090221088	878,7569446746818
7
	-102,4489051246957	247,2722313564056	892,9587033089608
	-101,4725227153333	247,2677492092548	895,240346864467
	-101,3007519590982	246,7995975135967	893,8462902441651
	-101,3384601739872	246,7246624227757	893,8408572832789
	-101,4510217228564	246,2830699508199	892,1714982219929
	-101,8755040143415	247,0421460042323	895,3485397642601
	-102,1985527709167	246,8688110132638	894,315591803988
	-101,1970200122753	246,5847557546487	893,5418354328399
	-101,2788610393452	246,5193386737231	893,2528280184756
	-102,2663112271546	247,2425430471295	895,545909200678
	-101,3459936191173	246,9340414009517	894,7556391074755
	-101,7535765799172	246,7659992495016	893,5553426306709
	-101,9582233602472	247,2180647192929	895,5439197699287
	-102,3103098243314	247,6944479619821	897,5276013165314
	-102,0570635570786	246,8808192003508	893,8446753724642
	-102,1160347947425	247,4718319576415	896,5103471290165
	-102,2681475869513	246,6353821999332	892,7990581507872
	-101,1068815117772	246,9445628821376	894,5607630738025
	-101,308827896785	247,1257755270885	895,4420745929342
	-101,2266368993352	246,658791806003	893,4743858300592
	-102,329980083795	247,4696777757394	896,3844590321895
	-102,3854007502839	247,6010998559	897,1350132632163
	-101,0831576993026	246,4911279097202	892,7992926754036
	-102,5683630879984	247,6607764221262	897,2303414850098
	-101,5561280597096	247,284545959238	896,035514080898
	-101,8142426923639	246,5302908197129	892,425584717176
	-101,8271160227533	246,6003191507477	892,697113335052
	-101,4096240753157	246,8333539406721	894,0888759361142
	-102,0521542213492	246,8772323344127	893,8596314870782
	-102,0101840020654	246,6997323483403	893,1984871672788
	-101,5699823509087	247,2868475758058	896,1868465769443
	-101,9473942355178	246,9884851518396	894,4188982100708
	-100,911280941203	246,8700287240334	894,4286490569935
	-101,7813345960349	247,5201314703404	896,952342595825
	-101,5585700349847	247,0995713710428	895,0966095879318
	-101,2566621852183	246,500677114305	892,6564987492212
	-101,6537651033876	247,3655977424236	896,1599779477009
	-101,6876391045395	247,2503104694154	895,7495338661631
	-101,7041404451122	246,7400653964619	893,4763563048595
	-101,1958575753935	246,7670438556468	893,8575116896334
	-102,6439106771638	246,9302021934649	894,0240257500258
	-101,8253355276349	247,4026060550288	896,4238382843423
	-101,1090336599532	247,1858732686217	895,5961871192177
	-101,5890512060904	246,7218195349195	893,3544303208869
	-101,9137711384409	246,8416111576815	893,7809965202318
	-101,9205181841755	246,7946493659764	893,6426498198831
	-100,7109087425267	247,3158211602693	896,5370848143339
	-102,4137612755363	247,0927402668772	894,7584102285111
	-101,993790459057	247,0383213474457	894,5799081603672
	-102,1823130602712	247,5305589071065	896,8384294421903
	-101,4702700863075	246,7240930368383	893,47591564743
	-101,4122964264858	246,8936436892727	894,2840576356281
	-102,0241937344693	246,8300804070739	893,7188684959484
	-101,4991655974731	247,182326756647	895,3061438272111
8
	-173,8416244127195	248,4575201227173	885,4132746813518
	-173,2117162368588	248,3671540147481	886,4139718702975
	-173,5610095349132	248,5054098328958	886,1726567748523
	-173,2744900846734	248,6624038119242	887,9112598875134
	-174,1346105709286	249,1535062372934	888,206284158441
	-173,4903773934453	248,2204898676721	885,7003448230391
	-173,1772873039277	248,0084907775813	885,2164634583534
	-173,2633912984115	248,0862233262866	885,4552926272379
	-173,2725886548419	248,3801241104845	886,7881313303839
	-174,099794715517	248,8315551355137	887,0124433743089
	-173,5198769300237	248,7207728661231	887,6230006272579
	-173,2736285677999	248,1393498846521	885,5303661569365
	-173,1094590631457	248,1792237846589	886,2446250519254
	-174,467546424579	249,2553603955449	888,1669872793345
	-173,5894312820848	248,8577706486157	887,8340552680078
	-173,9802915059636	248,6178099810466	886,5691620717167
	-173,8027956688172	249,2529051037005	888,9735530065889
	-173,5326480882259	248,4777595760454	886,8079292673364
	-173,1036729913545	248,038347391214	885,4218408885902
	-174,1603963014163	248,7830472462039	886,4493178923431
	-174,4364063239814	248,9139811263733	886,5930816276913
	-174,3780794965357	248,8124367852962	886,4175739138409
	-174,3931296447968	248,9133446581755	886,8274539913888
	-174,311165418198	249,1555734939768	887,6863174745889
	-173,999838972039	248,5926594045362	886,2061662841843
	-173,5976149479025	248,3934717447022	886,0325261405141
	-173,4039135947623	248,3589600890554	886,5436238065423
	-173,0847067618485	247,8943736371872	885,144461880521
	-173,3563491240186	248,7453004960352	888,1423024329164
	-173,487527486379	248,3608603055776	886,156944269555
	-173,3232603131139	248,2579985557736	886,3299954488
	-173,4780843185754	248,1593985735134	885,2212001533816
	-173,4979562221003	248,5340431097043	886,4571444172668
	-173,2395502752917	248,2643322165003	885,8961181362079
	-174,435656187298	249,4980494826279	889,1792120548542
	-173,9035725899224	248,630985774672	886,6876299307105
	-173,5985626068712	247,8176149239175	884,3033505990853
9
	-97,07860902972894	247,2016952620864	908,7641160075427
	-97,30894511451487	247,0970971559214	908,4823812661048
	-96,56091705249574	247,0973494029221	908,145693638333
	-97,06644481199766	247,6619450416677	909,2939716374361
	-97,34064692356667	247,6935423030158	909,5325599814043
	-97,38334291649599	247,4456181144839	908,4756586231193
	-97,58853976231036	247,5019428118998	908,7410194506464
	-96,87905625950835	247,4472293291925	908,2727549301887
	-97,02925928407677	247,800325494917	909,8952353514804
	-96,81429216207198	247,5779878865704	908,8693177545247
	-96,97358427392774	247,5595877051405	908,8323266437528
	-96,90300180999053	247,1382181023241	906,9600867084408
	-96,96682450609163	247,577620752105	908,9307267287868
	-96,75683933242806	247,5418023013816	908,5433576461746
	-96,42006723528945	247,1940891290697	907,187657968516
	-96,80098751465725	247,3899982548055	907,9143900055432
	-96,66227766973419	247,3481425207675	907,5485836078053
	-96,99820899281846	247,8553883269438	909,8949970247374
	-97,02164320710364	247,1589250978537	906,9223127921048
	-96,84378215850275	247,453866218251	908,3050757807036
	-97,21080421364307	247,7549770707121	909,4815399194766
	-96,73469401501166	247,7445785276351	909,3871742950718
	-97,10376555208488	247,5645434360709	908,5800501313563
	-97,3868327280898	247,3219780690308	907,6754147535027
	-97,31385716546804	247,8316507349687	909,8403049919593
	-97,10412739768654	247,4422925188118	908,1824249729331
	-96,577990313537	247,2965588753043	907,3112016875111
	-96,60828473157679	247,7411970431541	909,4355953105519
	-97,19890569880572	247,6288755335412	908,8528289611424
	-96,40803716704545	247,7175181290941	909,2587584678471
	-96,52105712556234	247,3146358968112	907,6780877389784
	-96,58696983348733	247,3535985839928	907,7330750909941
	-96,86676101662438	247,5368840328078	908,6725220149575
	-97,28017678332868	247,7027072555667	909,4005287320804
	-96,49446796935504	247,4233104913155	907,9933811673023
	-96,8686784659518	247,3018513376284	907,5788535347737
	-96,84581958634585	247,6423528458217	909,1233121807994
	-96,77126245166656	247,44229065292	908,1472240841215
	-96,92096430004977	247,446240656054	907,9144202524909
10
	-187,9574064274993	249,8074337774996	889,8223698508403
	-187,3870469902704	249,3303499825414	887,9073439512417
	-187,9531344027868	249,7797155199202	889,4387560168603
	-188,4328191401325	250,136610502182	891,2079021450609
	-187,3171183530592	249,563274327963	889,0982616609676
	-187,8989927392531	249,877303300513	890,2539174678005
	-187,9394466609558	249,7367546540726	889,5360328685779
	-188,6043577944614	249,6911348094297	889,3580669766583
	-188,5872201131941	249,9122848365172	890,47331859291
	-188,7011549961166	250,0735284327232	891,1010436583813
	-188,0075848399305	249,7807897304822	889,7751335024797
	-187,9238526134283	249,5361902172266	888,7491260419836
	-187,943176383509	249,5240019828065	888,5362875537252
	-188,4630860988329	249,8948196806632	890,0608413662613
	-187,5992298989525	249,576973402062	888,7713170573423
	-188,3394087649717	249,6025774805165	888,8749451310226
	-188,5664948145422	249,9365577002178	890,4550451048831
	-187,1812445852124	249,4255269123858	888,3672382481952
	-186,9907124333686	249,3025639451149	887,508360325489
	-187,6155003580562	249,6272314567683	889,1556617453638
	-188,3314474298936	249,9116831510312	890,2257558109025
	-187,2667574817507	249,3933286500611	887,9416798466779
	-187,8805824432311	249,6676800168781	889,2863805063436
	-187,1488500991505	249,6164010333993	889,1424686377064
	-186,5251068154371	249,2555986565882	887,6315085290747
	-186,8583351484476	249,1591746260493	886,8891688842782
11
	-90,5934538594443	247,7920132919382	920,7272503043292
	-91,45554258442054	248,0162499717087	922,7390623999588
	-91,44287108277153	247,9483994108383	921,7408967482663
	-91,90256481019532	248,0313881760738	922,7999306943316
	-91,50103586947057	247,9610216712104	921,9882363717761
	-91,10120313851284	247,8503966874277	921,0505229578455
	-91,27367708747731	247,925682527038	921,3941720217452
	-91,16398073359933	247,9621653656178	921,79286067971
	-90,95380170672121	247,8922159638692	921,743057057103
	-90,97487003054374	247,8421603058888	921,1107336470833
	-91,11252420317459	247,8608281388206	921,1680569281597
	-91,36708348149253	248,0059147144339	922,3146868640054
	-91,36312839323622	247,8939400534216	921,1956632229105
	-91,27619016253033	247,8907188075829	921,4157377839673
	-90,14874690774944	247,7542649653553	920,288555516755
	-90,07577686384722	247,7399341233144	920,0214450782042
	-91,50833973191637	247,9156399379143	921,6527345589597
	-91,9299689000365	248,0298366633136	922,6704899006172
	-91,54052014032784	248,0481401116066	923,4339073522293
	-91,90020962596836	248,1123307568377	924,1465991090472
	-91,46696249678394	247,808488867008	920,3602980041871
	-91,2128782804516	247,9246341612497	921,9248694920003
	-90,59912897370793	247,8365955477715	920,8111126018057
	-90,33897853967534	247,7494815519626	919,8803649164188
	-90,72566540121507	247,9542276039556	922,5892425719445
	-91,97379701253854	247,9427350160448	921,8970491884295
	-90,83930720978196	247,8834433468232	921,3694168901908
	-90,98316500650884	247,8555837927147	921,1787901540121
	-91,4159211666417	248,0409438967486	923,3593941703061
	-91,58472274053074	248,0392917371356	923,2313097683182
	-90,49492384326987	247,8602960360341	921,3584494280979
	-90,5956898457418	247,8676550440621	921,5762814459756
	-91,34467688905833	247,9177079021921	922,3139171326861
	-91,20496043769568	247,9568654399042	922,2377535586538
	-92,0052956242275	248,031082130177	923,226580562139
12
	-200,8326026687434	249,9116912979394	894,5516255645646
	-199,6270141752374	250,0063593610976	895,9094104388899
	-200,0180850926433	250,1990487217913	896,7963944582623
	-201,5464539085949	250,4262798899832	897,1428165517774
	-199,2712155704083	249,6913892228875	894,3594605646775
	-199,8077694725976	249,9748488198811	895,6297904773789
	-201,3206120978726	250,3272282409683	896,7071014182583
	-200,8485719011256	250,1001242351729	895,850883705136
	-200,4601288253215	249,9069630527696	894,660398358322
	-199,715303591112	249,7749870321014	894,2146916877401
	-200,1571391567927	250,1124208520173	895,9974145614808
	-199,8488866547376	249,795709656389	894,4214069503172
	-200,3400802364746	249,8332067144589	894,4927758967453
	-201,4237312783598	250,3584359837811	896,9035899341816
	-201,8212069337659	250,406034387632	897,1100708323448
	-200,0845494341355	250,0136102036681	895,6457525375173
	-199,9139744213842	249,7765166161896	894,4377657810666
	-201,7964549261832	250,3860923393868	896,8552472679164
	-199,6133050631272	249,7461964383262	894,3285866092742
	-199,8236005517734	249,8240457100076	894,5660157947501
	-199,5640101960915	249,8643645875567	894,9428533673771
	-199,9029834308811	249,9644521606593	895,3001326967632
	-200,1792907481693	249,8961674271208	894,9996075067729
	-201,5084756172993	250,3935658581237	896,9765948184038
	-199,4095973810714	249,8326698554286	894,7973197351015
	-201,3603667662165	250,2085224638354	896,0569977444251
	-199,850377079387	249,9766375908115	895,3802350601526
	-199,2910179009313	249,6639985983485	894,0711238660109
	-199,4381627337658	249,6763998654515	893,9623616019102
	-200,0120149099612	250,14669859096	896,3272549602237
	-201,5664286375884	250,2320882268727	895,9762871598175
	-200,9816891245019	250,0640731607096	895,1359864499152
	-200,331640007808	250,030458659191	895,3916834983073
	-200,8983628893245	250,2208175417618	896,3323775895069
	-199,959129829566	250,0536677927439	895,8046559237334
	-200,1088888151021	249,9988423939664	895,3521263300238
	-199,7785229069712	249,9832643640209	895,4457835471957
	-200,2916088121724	250,092663891269	895,9269305163614
	-199,664563737617	249,8247568021334	894,7107790497845
	-200,4181480372007	250,1274287367159	895,9753435247644
	-200,1206120703639	250,058821170528	895,6983236889939
	-199,8693753716651	249,8656961127694	894,9195207079222
	-200,3524478579458	250,1854859594349	896,200190471446
	-200,7560517226469	250,2460617318557	896,4176308848283
13
	-86,35026402277283	248,7580737482193	940,2492223043766
	-85,90485507694122	248,2172967717887	937,9668516123138
	-86,79339828960768	248,5846248425043	939,7319163719991
	-85,23312673094354	247,9484730874731	937,0962434393737
	-86,17677332487051	248,2532428756162	938,3290516919442
	-85,44628892820688	248,2270819566205	938,0780737811372
	-85,91810037746006	248,2553070787585	938,3844779077781
	-85,34295762016465	248,3010624999794	938,3715174199324
	-85,81431638983891	248,3401676411465	938,5101848069241
	-86,18843921018404	248,1301062868426	937,8760062284481
	-86,05042478464644	248,4319470511089	938,9568436776917
	-85,82869706177645	248,0260535963635	937,3157867757343
	-86,59063631122699	248,2928098391871	938,6143580069133
	-85,83028530003286	248,2182159912912	938,0940844460168
	-86,07150478706617	248,4921405533317	939,1560501656221
	-85,86601591918917	248,1622061544038	937,7907609205016
	-85,79557340734441	248,1994667212543	938,1097266991167
	-86,88479600396761	248,2715279559968	938,6052449792926
14
	-213,7342492656472	250,9470256536932	901,9200359993386
	-213,1627687438922	250,9888799506883	899,4062226785118
	-212,7780521315819	251,3173453467982	900,9121743575378
	-212,9027309703782	251,5917546414069	901,308167867092
	-213,5413588385188	251,5257842747633	902,1299895100374
	-213,8392986511396	251,4953268933508	901,9011805817354
	-213,742652617192	251,8076232776934	899,0131971740893
	-213,782216669841	251,8097277527509	899,0802959306002
	-213,4147737002791	251,4956974007624	902,0391369783092
	-213,432453997987	251,5759106855723	901,3152630897126
	-213,5357280991172	251,7666094786158	900,0458679319751
	-214,0361473271529	251,5696760713832	901,0532737994306
	-213,2026015667044	251,3722043644011	902,638200377449
	-212,6192275368111	251,7309335523292	899,9027448460142
	-212,3777856423511	251,6688518815584	900,3542244559912
	-214,3765691368876	251,5863615992259	900,5099184140136
	-212,9007071308932	251,8199934285276	899,0141483897348
	-213,3889577335906	251,4350139217819	902,1967514367782
	-213,8037463719264	251,2074013978292	903,9374298139871
	-212,9328680861214	251,2972078677982	903,1016421890955
	-213,2291346804275	251,8510788367884	898,2109882511342
	-212,721313387244	251,414607609767	902,0849948985726
	-213,6013564405281	251,3378746126409	902,8612381241983
	-213,7440978038944	251,3639167572792	902,3464132656047
	-213,8860918329864	251,616644751957	900,0466419432713
	-214,1802349807919	251,2125082542739	903,4330435059196
	-213,7694222796091	251,4452916799609	901,785716583596
	-213,2098282061306	251,5081100192744	900,9165753550118
	-213,4290553887351	251,4013161356818	902,3021396480611
	-213,8140865848347	251,3598991948033	902,6129539213407
	-213,7348910263136	251,3356852216822	902,316208440851
	-212,4812528983519	251,5888936106691	900,6222901793277
	-214,0725010601943	251,3578267227953	902,2300443323242
	-214,0453265168584	251,3665677854461	902,0993351479332
	-213,3051572919184	251,3531659819031	902,5172487712214
	-213,8680788370334	251,6190404727194	899,8859260843004
	-212,3147596108546	251,5508660089538	900,9443879483409
	-212,3583624142079	251,6194397618723	900,3741078104025
	-213,7471023887606	251,3475265549305	902,2183287956831
	-214,2705819966843	251,2831821312741	902,7971448443262
	-213,7597349668269	251,4421421906827	901,3452565923373
	-214,1000325670768	251,2781764165539	903,1684296836347
	-212,3230170804577	251,6883906231331	899,9173199041361
	-212,1186917610742	251,6883701255992	899,8762494978728
	-212,0584220445866	251,6165225634823	900,4203046573795
	-214,312716158735	251,4614321300189	901,4798144002215
	-214,3290870273737	251,4396563824448	901,7003935519766
	-213,4970157575403	251,5332250197662	900,8992935975731
	-213,6397139004751	251,4761657296928	901,4381014045389
	-213,3355697504328	251,3563771520807	902,6270845123671
15
	-77,02787724113134	248,7107159625114	944,6532574826912
	-77,02414675311226	248,9991377561918	943,0686233150888
	-78,27770404711669	248,6291792770894	944,7388883327202
	-76,97761108555845	248,8569871884306	943,5923994746419
	-77,77591745015441	248,9831277070351	942,851527118318
	-77,69428065560503	248,4792107962161	945,3575519546996
	-77,74375240089431	248,7867685629601	944,0191056032681
	-78,21444926162964	248,8281143301059	943,4142799448912
	-77,75123288835307	248,4463310176707	945,506085195898
	-78,40116661247603	248,539350352207	945,2549007623693
	-78,73342188231864	248,3776748323679	946,1543021322952
	-78,7852314741283	248,4245654427887	945,7798731623659
	-78,28004764000615	248,7220442768259	944,0993301892827
	-76,9205410359835	248,5716231640125	945,0790603579295
	-77,15426907250537	248,7332828808802	944,3186651117225
	-77,39458292402374	248,9541663849788	942,9397293161978
	-77,3874536481888	248,3579700458477	946,2536750226739
	-77,11729290077841	248,3558832028896	946,1328178039328
	-77,26238243376085	248,2296989136676	946,835938860511
	-76,97416698576248	248,237843053235	946,779897451652
	-77,45557922611722	248,1667536863224	947,1171953755436
	-77,98549232776763	248,7603356525099	943,8086747181759
	-77,75442807216719	248,2311191780048	946,7323674980432
	-77,87126484979213	248,7480140437813	943,7959417957391
	-78,2670106563239	248,5706492281707	944,8993051132745
	-77,59120629808595	248,7478488662063	943,8263538014908
	-77,69113870829305	248,5503465127465	944,9961077199065
	-77,23819029151555	248,5540799094882	945,0624439222472
	-78,16878218723778	248,5165819634514	944,9892621701738
	-77,92015574501697	248,3138299718456	946,2750198521857
	-78,20269562486675	248,4068633094024	945,731738089554
	-77,79032425155926	248,4017880882013	945,7970185005418
	-77,17943409849205	248,5967985155882	944,8094506276555
	-77,59958716169589	248,1906516263275	946,9585937407237
	-77,86398705181203	248,3848278399464	945,7703410585273
	-77,17101107001142	248,4853703727394	945,5685947806486
	-77,22327324260564	248,5313663243008	945,4038539225864
	-78,06262763411502	248,9286128023076	942,5491869247836
16
	-69,48529633630844	246,3731061888106	956,3525629288604
	-68,91712194498386	246,2460214381174	955,7257827660126
	-70,74585005179335	246,5727742468308	957,1397075269997
	-69,44589059388622	246,456452382462	956,5086399528039
	-69,5608056258413	246,6780035480946	957,8065260087405
	-69,30034357190442	246,4638572640763	956,6781782669899
	-70,49702497893358	246,8597821291641	958,5338701340661
	-71,15983066583941	246,5744657245242	957,0338161609614
	-69,04389710187932	246,5869180524137	957,435670519037
	-69,04518708441832	246,3706240055661	956,2783156421128
	-69,65554813377855	246,4593332245385	956,7618825545914
	-70,09310896344992	246,6639334359753	957,5611150161109
	-69,27846941625155	246,4391917287009	956,8487946722402
	-69,87176319468776	246,6210965331346	957,4934041393622
	-69,73811745595135	246,772426179211	958,2226706583538
	-69,98537733309495	246,533765563719	956,8755620930034
	-69,02812607210227	246,7080177856508	958,0620689934383
	-69,9795162663772	246,3924348796494	956,5193396065257
	-69,81897511148058	246,4712921370081	956,8044472310406
	-69,92174107862817	246,6067624441697	957,3909092596564
	-69,46947464869575	246,4376748357326	956,5107863306938
	-69,64905061753323	246,79621553666	958,1101385380598
	-69,68246091520054	246,851897693292	958,5994990817172
	-68,95945037486433	246,4718982165854	956,8822512268065
	-70,41945231456678	246,5428877729498	956,9416444336638
	-69,8699735801753	246,3560379989539	955,9566511181674
	-68,74012578679228	246,477492520529	956,8864120268454
	-69,39891229101961	246,4770934345941	956,8945443127591
	-70,44680797865743	246,8120485647409	958,5643576769351
	-69,35008753739952	246,8188208253293	958,6800254128492
	-69,71965821371808	246,6061178157568	957,5557428321985
	-68,93671276933856	246,5031353699961	956,9750524688507
	-70,58425292287446	246,5920315188283	957,3548019342726
	-69,31486332638805	246,6935732041559	958,1408096904746
	-70,28395748101491	246,6444811980718	957,517816497245
	-69,96723617312374	246,7062461924386	957,7715043865924
	-69,78765184397102	246,6495094740051	957,8798145855011
17
	-238,5532600544611	251,8554236197004	912,5834851375889
	-238,3609813752873	252,1767813854161	913,1603638593983
	-237,906880465855	252,2791970589016	914,2061459365711
	-239,8025702988916	252,0290161245786	916,8980809742958
	-240,3278744871658	252,0234842510501	915,8540782918355
	-239,4498637211344	252,271409286121	912,5639385230595
	-239,2890251411466	252,2330573767682	914,0994114269874
	-239,5709907760983	252,1358242404739	915,3481255101999
	-238,6539722298129	252,2880450092469	913,5482596702789
	-240,6195526088819	252,2166537891683	914,17019918542
	-239,2659649183128	252,1902802183635	914,7998529704302
	-240,4944007674152	252,251249046983	913,5678126796712
	-240,4914236075183	252,1480873520082	915,1884126953701
	-239,2835062795453	252,275245283145	913,5922436828478
	-239,4645345844245	252,1624918360455	915,0782873826895
	-239,9565256576653	252,0749991092693	916,0768066865239
	-239,630855758765	252,1979323164976	914,3632533536711
	-239,6111212892676	252,2678105699633	913,2697687049056
	-239,329030372822	252,1807304759723	914,7035910034332
	-240,3599853911126	252,3122725818771	912,7031584255084
	-239,618861838103	252,1418295797463	915,1863161118689
	-239,5186447864744	252,3934669268596	911,3872058200315
	-239,8468472271544	252,2974187432315	912,7740465364417
	-240,3589659178022	252,0879069090901	915,5467184391638
	-240,3020794873522	252,0935364797129	915,4849498859006
	-240,9223557185795	252,2433137262277	913,3306841088812
	-240,0776636484831	252,1347329834553	915,3356002285626
	-240,0935934690057	252,0854086692366	916,1736465691109
	-239,8430504382038	252,1251598903842	915,5604506447702
	-238,9494239846363	252,1559421066832	915,3059558247179
	-239,0170979092499	252,1011781775015	915,5792826944919
	-238,8300970892233	252,1479639944338	915,3018985565707
	-238,8974467249605	252,2298114360765	914,1136148487809
	-239,5619138361185	252,1805791467048	915,0681192415973
	-240,2197333298621	251,9234880902406	917,0037417804753
	-240,4819137404374	251,9598086618068	918,1179364826194
	-239,2850040997545	251,8307528618502	913,2981029326841
18
	-65,9196693396436	247,9320438166301	976,5243731632228
	-67,56670792446215	247,9932704558703	978,6224528671705
	-65,36738727930471	247,739762127738	974,5124925480141
	-65,37183228856421	248,026328688777	973,3204487982624
	-64,88210985741918	248,0095238992632	973,2635005995526
	-65,60615429849699	247,745817301164	975,0920112826295
	-64,6697898159388	248,0926276826539	972,4917071015852
	-65,11134231222972	248,0152993170719	973,3431155167996
	-66,12661407973532	247,7749761744391	975,5306705776572
	-63,9949797720792	248,2647863145968	970,7245863037008
	-64,04287458389072	248,1716133062555	971,3303056975924
	-63,96350976806427	248,045579298795	972,6054119702881
	-65,15458700230757	247,78260383371	974,811436208075
	-65,56981974297125	247,8125984875416	974,9070813806439
	-64,5575058000461	248,256515698799	971,2148374870482
	-63,85178999513288	248,078872111724	972,244262534781
	-63,97059836779543	248,0650713717036	972,1975884643499
	-65,38975323986091	247,8346822155729	974,9799908855587
	-63,56434283944104	248,2399421525595	970,7978843903109
	-64,27147716897456	248,0218932095028	972,8735332541925
	-63,6708141795761	248,1091384618568	972,006369212976
	-64,53936673500365	248,0979671754168	972,6063343855341
	-65,04437048856289	247,862616607913	974,4096174013833
	-64,23017633023645	247,9500946606702	973,5655082456503
	-65,59724521124716	247,8733931230055	974,5659281656846
	-64,59639108755097	247,9817564334838	973,6769155266599
	-64,38230842038385	247,8632269942102	974,0803216088813
	-64,57704451447179	247,8216828474536	974,4094359428293
	-64,4202158293772	248,0273031581057	972,9819402421317
	-64,04379860046134	248,0905544952838	972,2405448113079
	-64,26588288390427	248,0683038887952	972,4958195369552
	-64,25537656488396	248,0079352022145	972,9844917628276
	-64,92084623010417	247,9865092136076	973,6021130372089
	-64,0500925246558	248,1024292337893	972,1744177322072
	-64,24779953915527	248,0351895809886	972,7737402667548
	-64,91090018628498	247,9198476644637	973,8834796981029
	-64,51078379693425	247,9283361002833	973,5398353496998
	-65,4602530498853	247,975368181017	973,8643865925901
	-63,72145433830561	248,1609534957747	971,6265432880343
	-65,36719444732627	247,8333759097935	974,9203342686437
	-63,84485750072073	248,1974183342071	971,2395246098639
	-64,08058891311305	248,1735677151501	971,4985059752613
	-63,72022341826006	248,2394732736709	970,6280900146528
	-65,19092181025916	248,0898570478989	972,7923203484488
	-64,64974322406471	247,945684687657	973,5383079699621
	-63,94410898666698	248,1644895682872	971,2512367356065
	-63,19735119385695	248,1583509453818	970,671592308157
	-63,29814318050303	248,1778852265917	970,4538811857412
	-64,97981620009088	247,9547513473358	973,7140998113055
	-64,57307066480925	248,0365124179009	972,7456956112362
	-64,73112721668325	247,9412773541052	973,5057475113034
	-64,25607039785257	247,9277550611992	973,3882578220822
	-65,27901942267576	247,8726028722097	974,2912748372216
	-63,71036132679915	248,0934108835029	971,4362496859227
	-65,04494249346382	247,9529486076578	973,6028898582595
	-63,44753286185207	248,1317905030176	971,082222040603
	-64,15525002421023	247,9706015779806	972,9195906193301
	-64,89998868990831	247,8441843744957	974,7337095636861
	-63,57142116137945	248,1443586587449	971,263214477741
	-64,74175964569507	248,1783076978473	971,7440532810435
	-63,95072691503917	248,0244483796287	972,4132309008806
	-64,61205720634585	248,0475699742237	972,7863559291915
	-64,55812279045448	247,8952704098279	973,7418214033507
	-64,23784864228131	247,8637797942455	973,6587018729697
19
	-138,1608213731465	249,4732021801644	900,3654387179178
	-138,2586534071566	249,3260005746544	901,1506719253205
	-137,8974323848283	249,4534395892844	900,6285276004103
	-138,7003841331469	249,3425842611229	901,1633962126526
	-138,1098183225237	249,6446498375968	899,5494426346396
	-137,7663012691329	249,4713764579877	900,3147978685396
	-138,037411605508	249,4555977934642	900,5297707930831
	-137,7248232273965	249,2985983774222	901,3251045879661
	-138,0583277828739	249,3170610879784	901,2021040562734
	-138,0823892106551	249,7092343307297	899,3840537909086
	-137,8818059132844	249,5021110972766	900,3651900176745
	-138,7751779664185	249,0048862500944	902,8294401264938
	-138,3424061677579	249,4703059895839	900,5850048278014
	-137,6877202628164	249,7846499874007	898,8656501831039
	-137,8329163888715	249,6486610534349	899,3988166561321
	-138,6305469740523	249,405148172658	900,745885041422
	-138,7911583817363	248,8783811464038	903,5565448962687
	-138,7229086045058	249,3041561720061	901,4769551163229
	-138,9398715852759	248,8673259382715	903,62224406832
	-138,4831540633353	249,6239623171947	899,6894477777753
	-138,3791618949356	249,5813433053271	899,8710853170883
	-138,9096234896909	249,0495816922774	902,7285278557421
	-138,1831322426401	249,2314497743095	901,7463877815237
	-138,3644214625955	249,0698642181398	902,5586128791768
	-138,9588803416231	249,4957883637086	900,581766065857
	-138,0965897499658	249,5220083137809	900,2158714840176
	-138,5741339221089	249,4324361542577	900,686233080236
	-138,3295392045295	249,4632147912008	900,4519163928077
	-138,313333459588	249,480817164586	900,4233119736915
	-138,5198459658752	249,4082864424967	900,8349930745328
	-137,4419360903433	249,5242033013867	900,2385853277301
	-138,5001220423236	249,4847796269938	900,5608997090018
	-138,6825001427594	249,2750450312578	901,5622875813016
	-138,1141783446466	249,3810103142029	900,8878863267641
	-137,9135425060288	249,3869085252486	900,9849078304333
	-138,4466433838158	249,4592770543715	900,4945715146342
	-138,8824859366365	249,207445176505	901,8594616318784
	-138,6978541363385	249,5274656838416	900,402863139067
	-138,4795623942119	249,5922766107822	900,1103769691233
	-138,9416627690314	249,1545003114241	902,120675968219
20
	-217,7259950629588	251,349763324442	922,9333696872759
	-217,955631766206	251,4227035959591	922,6381452336744
	-219,2013636126843	251,5085588137591	923,8867147976873
	-218,0402332958739	251,5056797727902	921,6888098050399
	-216,9023190059871	251,4278001776788	920,2896048466181
	-219,127425706015	251,4577696676591	924,7221655299165
	-216,8413335143217	251,485025629735	919,1218867112308
	-216,2584383816632	251,4449337056078	918,1222391301427
	-219,8116903905223	251,5693671607153	924,3765940126987
	-218,1932601858136	251,5668203500281	921,0609900837691
	-217,5778220050163	251,4589323445504	921,3427236750661
	-218,5125309682791	251,5265660216049	922,2650943385491
	-218,9304649588987	251,4774113520496	924,0945370145004
	-217,3337192228405	251,4364061724533	920,8477708476175
	-217,3886175534949	251,3426934541083	922,2145298492344
	-219,3680523558134	251,5948189659136	923,1119239689662
	-219,2089922809346	251,5435351785964	923,4089378742032
	-217,2032640594005	251,4875674793663	919,5646723008305
	-218,730216151213	251,485379932739	924,0253162098842
	-217,2698270333585	251,4748002601929	920,6706588786785
	-217,5329686312523	251,4886026980916	920,9434593780779
	-218,9949344916315	251,5376908531854	923,2963811315281
	-219,1839154806557	251,4787149909649	924,516425070569
	-218,2216084267115	251,4090943044188	923,6742585616072
	-218,5897021089076	251,4702064746518	923,5347456044321
	-218,674058990124	251,4773313173234	923,6046087329098
	-218,2959751034714	251,4609064310551	923,1469858433342
	-219,817349569059	251,5156701809727	925,1704556479899
	-217,4390343586653	251,5442116264107	919,5767088622613
	-217,7019009750393	251,4666277249452	921,3653984743514
	-219,5503988559187	251,5223771148067	924,672003033398
	-218,0818669791421	251,4776804493087	922,0622510318537
	-218,1448101313557	251,41945146715	923,3293856550249
	-217,8154120720059	251,4636686449493	921,6196702111617
	-217,627815980756	251,4475474161484	921,9054561322822
	-218,8616409127244	251,5241002058519	922,9040296509202
	-218,9086929189627	251,5104151245729	923,3890932857813
21
	-195,9163531184435	251,1081994305708	931,0996890900693
	-195,3608398854977	250,9876575704381	930,2203065097151
	-196,5851605903408	250,9229128058348	929,3492548378747
	-196,4261806456841	250,8550751309374	930,5686970401991
	-197,1935948147622	250,9499888910788	930,9865153866551
	-197,0928882782233	250,962320254769	931,5168807159671
	-195,8978137175148	250,8550490755054	927,8852077574527
	-195,7047168890952	250,8042518669078	928,0097415344317
	-197,0798792181531	250,9595887448514	931,7178130972551
	-195,36382063624	250,8153438191467	928,3190581924919
	-195,5305567996181	250,837214027726	928,5510314712966
	-195,7876419434141	250,8330098943823	928,0303629764682
	-195,914232491391	250,8426892815799	927,573912066737
	-195,2430289806511	250,7566196126531	928,5137061300003
	-195,7523942794139	250,8075893127351	930,6020404819728
	-195,3092912127663	250,7737775524397	928,5378868368252
	-195,2772177202011	250,783839917539	928,4380969277081
	-194,9585782880593	250,7525019091943	927,4631055337735
	-195,7797350248578	250,8352804028149	931,5591875434537
	-195,3630007215174	250,7853195067491	928,4284616601992
	-194,9408348080092	250,7663563823676	927,425065247749
	-195,7674455497727	250,8551750492674	929,4856896388284
	-195,5556285751528	250,8406243753377	929,4762037402571
	-196,0331608581917	250,8605948246132	931,3640215147657
	-195,8659178576256	250,8633472371309	930,6382828630977
	-196,5374272019616	250,8919012716049	930,4823002590676
	-196,9534047719299	250,9283807111312	931,1540576511175
	-196,5499345578791	250,9069495048811	930,3909314490732
	-195,7069091012078	250,8538741026579	928,6741475940627
	-194,849475884412	250,7684680457123	926,6066661461302
	-194,7296161691226	250,7593121462873	927,231486137065
	-196,4986332544214	250,8952209717311	930,0041477078184
	-195,9473069878173	250,8430721295879	928,8636112813551
	-196,5781066704319	250,8950213014926	931,909404779653
	-195,7021262775434	250,858997253559	930,0583505622473
	-195,3803438808853	250,8191162149011	928,4786865133243
	-195,5879737618706	250,8433583097894	928,5486777037271
	-195,4617329335653	250,8353052642346	928,3795307979663
	-195,3692736304415	250,8304732450254	927,9245171355931
	-195,434511175085	250,8203391559516	928,2553745697387
	-195,050232398526	250,7906455821275	928,7676676749538
	-194,6815123053666	250,7464882508319	926,3567326724992
	-195,0644904156215	250,7886725489491	926,9745727734017
	-196,4075721575309	250,9081332288413	931,6843740717885
	-196,3919184628877	250,8967636527429	931,7059142758648
	-195,5822951912919	250,8574243482152	928,4826384551732
	-195,9699841596096	250,8838246016212	929,9087328379045
	-195,7859643037264	250,8309306481019	928,9646348134554
	-196,2363976096549	250,8799820669301	929,4814040999707
	-195,2680137529745	250,8137394780701	927,6941168214512
	-196,1811998049701	250,8830571122566	929,4949768622031
	-195,8857051500997	250,858651486931	929,7325315055308
	-194,8147306368629	250,7933901079817	927,0255249037313
	-196,2608730978908	250,8687250032895	929,9481335698836
	-195,7351851093723	250,8375182764123	928,648326174179
	-194,4554298112143	250,7567085100964	926,553153220717
	-194,8382468991192	250,7875402568326	926,8403317095334
	-194,4737412011878	250,7811266837617	927,4672930527712
	-196,9140578527742	250,9480907396644	931,8434537824137
	-196,7612665349168	250,9096926926169	932,0047757332541
	-195,6275154734116	250,8834355484856	929,2945021186088
22
	-173,6616575677199	250,6386858521689	938,0166214776392
	-174,7492100564739	250,4696127925309	936,9024698747342
	-173,5858243210572	250,6864465453667	936,4433226906633
	-174,7195023185459	250,3844283728644	939,3580301099292
	-174,226601638975	250,5086214462748	938,5470566114097
	-174,489778548263	250,4537227806152	938,5642557023974
	-173,9867754229702	250,6541403225766	936,0641589014357
	-173,8777745951236	250,672444288399	935,8121177339859
	-173,8383970601405	250,6654790269733	936,826214506114
	-174,1119473698932	250,5220423419738	938,5669482320404
	-173,5674985181262	250,7531621364885	934,7433508591705
	-173,5389329450622	250,6748991440647	936,6762990780167
	-174,0627935903865	250,5932282421076	937,5966953078374
	-173,7613108569029	250,743832623965	935,8651410789911
	-174,2631854765005	250,5373138700507	938,2385107980356
	-174,4784292485481	250,5345478662373	937,6108242580897
	-173,9895132149559	250,5926390162873	937,9572705961463
	-173,5541507065893	250,7039046929179	937,0477936459139
	-173,5426277576577	250,7221712313818	936,4488011272608
	-173,7842253282442	250,6767819227959	936,5533850307079
	-173,565287973282	250,7247709709771	936,020216966324
	-173,5395876644847	250,7350670643554	936,0323513312194
	-173,6942556894157	250,5872101569542	938,534202578336
	-174,4421761766338	250,4432725380701	939,6129312708671
	-174,373001734729	250,4696881528407	939,7565324439109
	-174,3812832334302	250,4660749344488	939,8017372895266
	-173,746282964274	250,6478645548264	937,4178870324529
	-174,6038073889371	250,5023856939583	938,7242891247945
	-174,3620502667628	250,499257610762	939,2438601575481
	-174,2881096197545	250,5602094550387	938,4476475188047
	-174,388389079079	250,5941011094982	937,3777963517583
	-174,5522233845659	250,50564099191	938,6138035473152
	-173,4064482805174	250,7604032880424	936,1048311885564
	-173,7403291247209	250,7395552898094	935,8879584573363
	-172,9667156700064	250,8708059241885	934,6047883934633
23
	-152,4759706555819	250,2479450366246	943,132517964696
	-152,5833120046665	250,3460572080238	942,9055116457839
	-151,2411814228566	250,5442028157002	941,2339680178724
	-152,2406795951157	250,0875777270813	944,6806527903943
	-151,8184374707008	250,4832385352005	941,7771215529565
	-151,684357749626	250,3548319714061	942,5323948718777
	-152,2847380422317	250,3020306010271	943,2395807455207
	-152,5863698350347	250,1905500551362	943,9104604485672
	-152,0700701714968	250,3694304715614	942,7636387924107
	-151,538252089392	250,5350802544713	941,3885631953378
	-152,0332283878447	250,3376477618194	943,0725540874049
	-150,9727487275722	250,6386817378487	940,464726051862
	-152,7860063204719	250,2638237853241	943,4739411589347
	-151,9144892867825	250,3994495345227	942,4817091485406
	-151,7300183731644	250,4319253420543	942,2972061787113
	-153,0783632460161	250,3585693936549	942,5920351346863
	-152,8162105672936	250,23727861746	943,4222519856362
	-152,7881075448335	250,159300972285	943,8688466393537
	-152,446747676611	250,4477923265961	941,8611894792874
	-152,1736134785997	250,5453161056425	941,1360645338053
	-152,9783722285257	250,1065922877205	944,68611504163
	-152,4544330033347	250,1801681891707	944,1055380756243
	-152,5721086950539	250,1968856002302	944,1032612842248
	-152,8203335675539	249,9149992164335	945,6426293996323
	-152,9985534227646	249,9856566314349	945,251823773569
	-151,5172104590808	250,6371708855502	940,6698586732842
	-151,705639140881	250,592982818153	941,007690438551
	-152,2126569809553	250,2632236180061	943,4802569551898
	-151,9900037670402	250,4565212474805	942,2242479418931
	-152,3495112544348	250,3646850168453	942,7064239821568
	-152,8967869829049	250,0293011205194	945,2615859017881
	-151,5489629486768	250,3938372880652	942,6234514853574
	-151,8405716724279	250,3900474361424	942,5885947544401
	-152,131354747923	250,0425842880788	945,0908278414196
	-152,6362463178794	250,2652129237711	943,4907716263887
	-151,9768793603454	250,6153211786761	940,7913274074041
	-152,2384532456761	250,3806574454624	942,733190265903
	-151,6487207879758	250,3686899403988	942,627539356428
	-152,2675092032263	250,3499893836238	942,9542626999189
	-152,7800451645246	250,0785289324629	944,7168345283719
	-153,232618951692	249,9590805039522	945,6582624044024
	-152,0110616464022	250,5146062288566	941,7765516525329
	-153,2123889062302	250,0625311716034	944,9437120493802
	-153,017162326252	249,956105979425	945,7245074804782
	-152,1856049592712	250,3634971251307	942,8294257784883
	-151,9762043113379	250,3258195177761	942,991765122274
	-152,7036351862812	249,9391181105494	945,6816387440551
	-151,5158575383006	250,402845729375	942,49119784811
	-152,5197082159441	250,1912301817041	943,9186580403465
	-153,2128412400255	250,310744220113	943,4189352526516
	-152,0698969489637	250,2062170980875	943,2885836499314
24
	-131,1523278356422	249,3153255803248	951,5272574794316
	-130,6439271604491	249,295077367139	950,473572987151
	-130,3449592405385	249,3182943135128	949,6411765906015
	-130,9691609500845	249,3488300070408	951,6191633958799
	-129,8301258367047	249,3006486788428	949,275700804551
	-129,5432952706944	249,3493949137284	950,2345276947442
	-130,0888172581512	249,346373897903	950,7403280691549
	-130,0996632455267	249,3356807680347	950,8433533660782
	-130,6216811053191	249,3318998119877	951,2768330750855
	-130,3161218903922	249,3100923872787	951,3227506349867
	-130,7074773496027	249,3332746522061	951,5506304319955
	-130,6540223249939	249,3038665919084	951,5509206661271
	-130,2728674672223	249,3289539839273	950,83042000486
	-130,0139974830546	249,3272473557063	951,4400981080688
	-130,2490816990287	249,2828181885975	949,4659936333258
	-130,8131825124385	249,3152786725144	951,9064975154366
	-130,9277335341266	249,3360990191295	952,1454671624407
	-130,1759280467185	249,3424939767659	951,8607757010956
	-131,0605733681696	249,3397473560653	952,4900759188184
	-130,8425610678532	249,311936869772	950,1986803359837
	-130,7450286134224	249,3090672926171	950,3664942313087
	-130,8090886005616	249,3257158897687	950,832853065012
	-131,0286279046281	249,2987128362291	950,4273473242292
	-130,6342350018323	249,3314896019912	951,6646615706003
	-130,3018025708103	249,3227403758281	951,1591969437889
	-130,7069591776151	249,3550362026405	952,6057208492089
	-130,3120192405814	249,3358251447414	952,2735666444521
	-130,3106856378613	249,3235981283082	952,6074276142151
	-130,1719939256828	249,3337636561646	951,5731607610772
	-130,1384181457147	249,3283219893187	951,8231714732678
	-130,3120192405814	249,3358251447414	952,2735666444521
	-130,4455863798391	249,253400306468	948,9246443558332
	-130,0358743725962	249,29734643773	950,7446367393986
	-129,9924064653909	249,3124529871871	951,051783145073
	-129,7396913527358	249,2326254601372	948,5625744727018
25
	-107,9498068231677	248,6934057946535	957,0567501280502
	-107,6713576383687	248,6880892103859	956,4164603656988
	-107,9155604549931	248,7132923029859	956,9611719966041
	-108,7296835277174	248,8037081136269	959,1794513127912
	-108,8852728465158	248,6798918296577	957,5755284749985
	-108,5011366375509	248,704972975709	957,4046442141617
	-109,2056077088244	248,7639304911283	959,5473360764547
	-108,5105503774858	248,7486264565755	958,1105750535667
	-108,3821205472269	248,7424455442778	957,4836943874478
	-109,0460822607292	248,7406582384328	959,2200766781278
	-108,4325289305161	248,7681635233361	958,4701811225422
	-109,0476992913394	248,7473359808764	959,3411996254805
	-108,5148742870232	248,7962778907039	959,1144074827289
	-107,6653755817882	248,7215847218867	956,6301896027971
	-107,8127339060621	248,6453798035001	955,909913182122
	-108,0004971853071	248,7412856332885	957,4273412924574
	-106,886998529074	248,7506269961112	955,909532962147
	-107,5062309163609	248,7114751870309	956,1034652446159
	-107,6797478850337	248,7065526613343	956,1643793780617
	-107,5293383557435	248,7217663862343	956,1019544210058
	-107,6351895487127	248,6924193829966	955,9327986119765
	-107,5431353759088	248,754529093861	956,7684305995306
	-108,0576683347005	248,6514066698967	956,3897429132996
	-107,6362644418329	248,6367220568938	955,2797184853112
	-108,5312408727126	248,7415024551801	958,0883259409436
	-108,6852315129956	248,7528689967005	958,743304835462
	-108,8380686221522	248,7673325890027	958,8251677967171
	-107,5421672728754	248,6363651076686	955,310292889979
	-107,3970098436007	248,6548816899343	955,4642103001877
	-108,8055536472699	248,7630956732558	959,0665007949791
	-108,6924419251125	248,7882461600109	958,8926718121985
	-108,7395681189875	248,7820507296227	958,599255620269
	-107,9242283450621	248,6574302156707	956,0275008275095
	-109,3862016408334	248,7601291217855	959,843463462578
	-108,3190304352915	248,6481367173428	956,348378035698
	-108,6526993505823	248,6599885379775	956,7802645775325
	-109,0896610882422	248,7780215945249	959,5025661615168
	-109,19382776342	248,7712091131843	959,4849266884729
	-108,0837539294618	248,7751332907383	957,9851862085367
26
	-86,51014281087949	248,1650762314501	965,5599275549424
	-87,09899595533633	248,2171272348015	966,9317833918915
	-87,67672931713749	248,3496679479114	968,928056856662
	-87,19443144616521	248,1544229707512	966,1717254253469
	-87,49597031596433	248,313305397595	968,319042214048
	-86,56591318388263	248,0968993623675	965,4460453810491
	-87,39517665022737	248,1154099666923	966,1328901781189
	-87,14023539657717	248,2329599658264	967,4845989503979
	-87,65696439290019	248,155938615351	967,1625052220373
	-86,47110703501345	247,9260820210806	963,1506808506057
	-85,97539047178503	247,8501164471353	962,1333953561855
	-86,02680317077927	247,8138413454608	961,7613417088959
	-86,43084111628868	247,8904154593459	962,8549228724863
	-86,70757222982692	248,0400680661617	964,9605224672518
	-86,00891104300358	247,7616886923664	961,4905380853669
	-87,63131865799552	248,2579445478173	967,8796576194759
	-86,82728481085604	248,0651845869598	965,0979738035958
	-86,55030013347123	247,8119158697295	962,496888014043
	-86,74860115039783	247,8904604323737	963,4656071681117
	-87,10455576458864	247,9318216571881	963,9478501585515
	-87,4513393437515	248,2044190754375	967,1992085028256
	-87,41313479654706	248,2713151401091	967,9317442239524
	-87,3275308462286	248,3616972289649	968,8773940048851
	-87,07508326023245	248,3038820226913	968,1082743014991
	-86,43636941122905	248,0202519071145	964,2272337254647
	-87,22376167272287	248,2795206492461	967,8125017979826
	-87,35084152930058	248,2063846451349	967,1112556101185
	-85,91339902972662	248,0449499316565	963,9722409350096
	-87,15247400081998	248,222252075208	967,1630757900787
	-86,10605491184367	248,1098090127128	964,7420485413606
	-86,50129419710721	248,0148608061715	964,1734143818758
	-86,00727220227813	247,919212435003	962,7991260236655
	-86,36900429688853	247,9731906181822	963,675363820349
	-86,40852765435545	248,1264846514838	965,3879481655158
	-86,63908723571635	247,9163505824103	963,3486043634911
	-86,59652426374797	247,9120925281084	963,3755636032615
	-86,6232234576448	247,9538468806855	963,8018853153652
	-85,98549510410149	248,2000431331664	965,6186286383472
	-86,82373069273092	247,9257709992966	963,7798374599371
	-86,79738947081859	247,8689478295735	963,0775200703256
	-87,19710581441981	248,1997427850379	966,7955810624636
	-87,23511113766072	248,217648341406	966,9720661073771
	-86,22137877464571	248,0008614198005	963,6121191635677
	-86,39865359159882	248,1241408064732	965,0474728538313
	-86,53233082314578	248,161137777165	965,6348434785217
	-87,69371593657043	248,1521069877537	967,0015988251923
	-86,99531760786428	248,1889627157293	966,5845272042453
	-86,50984167111218	248,0446348163937	965,0914005299022
	-86,89464351858672	248,1048519139544	965,7000111025518
	-86,83067703201925	248,158397079061	966,360390741455
	-86,88042863893237	247,9978002397765	965,1190463249698
	-86,96544316420909	248,0879140611719	965,6415419377952
	-87,05022278166263	248,1478823420472	966,233763332982
	-86,98579255110631	248,1598446554141	966,2861978460826
	-86,74443886182731	247,9590719288553	964,522213707014
	-86,94172723822764	248,1548163279471	966,1893555503216
	-87,07223198991255	248,0800121681906	965,6081278944057
	-87,1567059476387	248,1856792021145	966,8659865443362
	-86,40228488258566	248,1207165035976	964,9206141932245
27
	-211,3247777294854	215,5418794776142	974,530759829367
	-210,5813618103002	215,5938170054789	974,416353881994
	-212,3546452225785	214,8354994667218	975,6822307047501
	-211,7615456563333	215,4121860248563	974,1091340214808
	-211,3659041367225	215,472853160668	973,4015300604954
	-211,8468149987006	214,9407103407922	974,6471073951784
	-211,2292999500646	215,1371879372871	973,8604929217396
	-211,3024093312551	215,4158302341675	972,95156848342
	-211,6337071754528	214,8021485694635	975,1387357088962
	-211,6595430353556	214,8519913782458	974,706687391215
	-211,7877061841772	214,7355128174787	975,1689788236695
	-212,3569351001685	214,1463383695544	977,1703080537609
	-211,8290422213899	214,1669496670044	977,2014077326799
	-211,8597123726137	215,0532515297583	974,2063372025136
	-211,7527106091456	214,4320325610599	976,32493723093
	-211,5755665121865	214,5467200660468	975,8763119920326
	-210,988571158389	215,1183965074576	974,0005796673611
	-211,3141234911	215,2809927614084	973,3551774400137
	-210,9170362743597	214,8017390404838	975,3013679633711
	-211,3508312266155	214,8139155897002	974,9369306363828
	-211,3063066074491	215,089382996425	974,3125191996176
	-211,133776888473	215,1904981703579	973,9725315469982
	-211,4656164645907	214,8535723592704	975,0348917869774
	-211,8400317607613	214,8185589171003	975,1055645710662
	-211,167895376798	215,3629934022065	973,1867879829093
	-211,180055305212	215,1516366452863	973,8581353982157
	-211,6427160552161	215,2587017915228	973,4280560289826
	-210,6986214555232	215,6796860590209	972,1272313847352
	-212,285797473673	214,9405146437907	974,4981530066705
	-210,8968873788588	215,2308344137607	973,6465257371782
	-210,8690589973167	215,235336943216	973,5225191201783
	-212,1652305425606	214,5268261407437	975,8140518878342
	-211,2892304168652	215,3257867790878	973,3829768450985
	-212,0326051612019	214,8167596301069	974,9430261818343
	-211,5775981020619	214,9836618552774	974,2995844298107
	-212,0219677658632	214,9055950695427	974,6605565104528
	-211,9137344241284	215,3287595409708	973,1968996740935
	-211,1539281975812	215,0353149538563	974,3199130854978
	-211,6739041556254	215,1654413917441	973,7768129299828
	-211,3289708447057	215,362054964416	973,0936669115002
	-211,685639030225	214,7561143214918	975,3370171246669
	-211,2764330182423	215,1964639665289	973,8136512846862
	-210,6639164405232	214,9552179802327	974,7177263922227
	-210,8787188385905	215,0414092432491	974,3193275001696
	-211,4535110979219	215,1494131671563	974,1514685741523
	-211,017549360502	215,4347410281201	973,0152981152128
	-211,4969526713878	215,3483375269732	973,5014138198994
	-211,7726178434307	215,0210656249936	974,5507153705696
	-212,0400945122387	214,80314824944	975,2421071469506
	-211,6079804586275	214,7689233363159	975,3914093722174
	-210,651416904423	215,5091655112747	972,841170900739
	-211,6092115329971	215,4733968909096	972,8969044161831
	-211,5306539771533	215,444576269377	973,1803495253527
	-211,6564184367689	214,9633425972292	974,737175723265
	-211,7467561268228	214,8402449965737	975,1757147503236
	-211,7504488049549	214,5141509094852	976,1244472853724
	-211,0699650987655	215,198592854632	974,0223826221264
	-211,3866663064569	214,8799668322966	975,006100429244
	-211,3064165375229	214,6753916783012	975,6127532471572
	-210,885648661239	215,6339125540752	972,5763120889007
	-212,2671453418999	214,7246994325854	975,4856878177866
	-211,6309121176114	214,963421785399	974,731760157077
	-211,7152725090988	214,9492711394659	974,9193095987539
35
	-167,1758696842287	216,1440252029228	987,0451369441001
	-167,145542614707	216,5516942760812	986,4025595354594
	-167,0198392337481	216,3987283130498	986,6311492141525
	-167,5286990040844	216,2022773122126	986,8240252105703
	-167,2275844532676	216,5751716503399	986,1692843767891
	-166,850401463486	216,2103092381975	986,9808998793585
	-167,4607770758141	215,8647788409159	987,4602302434528
	-167,3685606119633	216,4941539836742	986,1321608458992
	-167,489883723311	216,1027260784965	987,0099987040817
	-166,8863644992979	215,964509558564	987,1633693556952
	-166,5587375238564	215,5205677935581	988,3311748651519
	-167,4360045547201	215,6299719876456	987,8302062261173
	-166,6250682108617	215,6452153010964	988,2317250869118
	-166,3815700992599	216,1306846741058	987,1890005658075
	-167,9983414510486	216,1282623921829	986,7104347203259
	-167,4134202376858	216,5966642218158	985,8150594382422
	-167,4135087040316	215,4602934441446	988,3121706408836
	-166,8602179429638	216,0928167674727	987,3034049480921
	-167,5552639213458	215,5790237372509	988,0813223973937
	-166,7129011017642	216,6451716842456	985,83421000047
	-166,7665065309109	216,6412408910174	985,7961302012004
	-167,5883326083977	216,2869456728506	986,4330672407198
	-166,7823812763717	215,2330043161162	989,0971970426605
	-167,0568846278429	216,0854670455182	987,1816530591957
	-167,176398473888	215,7930516748978	987,5861844016345
	-167,1045747757801	215,7784787222718	987,5982935847607
	-167,3736047969257	216,1298824349136	986,7581078238927
	-167,5622568834807	215,7518290609609	987,5768466557458
	-167,0617209461956	216,6459314385765	985,8019165212061
	-166,7543499400591	216,6474899859758	985,8771469638433
	-166,6164323609748	216,5699449806772	986,1126763800801
	-166,4507521059267	215,7300299342118	987,8610538194406
	-167,6645913492453	215,6576967702182	987,6548619685695
	-167,0130324086899	215,9155482016623	987,2586713305013
36
	-123,9438910334999	214,076722125019	1003,696426317217
	-124,4465534331855	214,7364501770813	1002,113858692742
	-124,1082715772391	214,9159924711898	1001,875015643302
	-124,6409654561888	214,1659367668065	1003,316584028127
	-125,0390881428447	214,0894811623361	1003,181892411639
	-124,4683771359252	214,192026835276	1003,291857408544
	-124,6315520629939	214,3246864870513	1002,902910129069
	-124,307154160415	213,1832883583673	1005,342476300364
	-124,290513531792	214,6423312895915	1002,351754588279
	-124,460356785902	214,2926410924894	1003,02624525429
	-124,7942725014238	214,8008208100138	1001,819774353363
	-124,4745445776722	214,242345500421	1003,07856476285
	-124,7238706826719	214,2408253521341	1003,00192423343
	-124,1686989167344	214,4019247908283	1002,842257534994
	-124,7589438039062	214,0585539561133	1003,375557887794
	-124,6187451242369	214,3316514889842	1002,83912657482
	-124,5793774395787	214,1936076516055	1003,229009549792
	-123,8906936945979	214,299063347858	1003,174632346023
	-123,7516570553529	214,6901646781935	1002,310979072313
	-124,3266869137104	214,6731993430849	1002,182445505846
	-124,2561419042895	214,1968122738226	1003,130224557559
	-124,4835992255103	214,0955360899029	1003,239268705451
	-124,1689715827126	213,8395826623001	1004,116826160285
	-124,3363459487475	214,5620141643784	1002,601207671913
	-123,954855495742	214,4195363084406	1002,749299422269
	-124,6327230112598	214,191668944936	1003,304568697022
	-124,1826878618069	213,679055667763	1004,433884058468
	-124,1528745690485	214,0109282879516	1003,69826975597
	-124,7733213824736	214,6531435432131	1001,956565668679
	-124,9796370865065	215,4598272909864	1000,748675951677
	-125,3085615156774	214,9180697012068	1001,56586580476
	-124,7542724332046	216,5586745467053	998,5237284675356
	-123,896314179998	215,3436507885743	1001,296710445016
	-123,573957574094	216,2399980383165	999,5842473881555
	-123,9006679159076	215,8987517563238	1000,154836375735
	-124,8427543606526	216,5076552043471	998,3983959180355
	-123,5383126780783	214,9641553035851	1002,157455898969
	-125,0700481775265	216,2900314967281	999,0035989310946
	-124,3970583023436	216,9072908373797	997,9905496268942
	-124,2914137173167	216,2580858204911	999,2549364836316
	-124,0956274094266	215,9179765571381	1000,091739802485
	-123,7038342290021	215,694196227146	1000,533491329942
	-124,8828904977177	215,7856744198908	999,9399757541156
	-123,2584517999704	215,0601517771196	1001,882436920098
	-123,8195951586437	216,1367988381977	999,5565995475787
	-123,567684496953	214,5465692228991	1002,63220350883
	-124,331366109189	214,8848681281661	1001,728638567063
	-124,1737129664638	215,4819148498227	1000,91458420266
	-123,6561870268212	215,3655256578967	1001,133317694966
	-123,509403646174	215,7379130732264	1000,326643094412
	-123,9164550049097	215,237500804377	1001,217601805787
	-124,3949909316644	215,5657353281711	1000,571391142978
	-123,4271867149514	215,6261108537998	1000,594644611432
	-123,6716678803797	215,1442291554969	1001,649804829105
	-123,811736857566	215,0818223124409	1001,788149528388
	-123,0838245839745	215,2088608457219	1001,638344335933
	-124,7834201326742	215,8066162360171	999,9452514811888
	-123,9896060198051	214,8051454070536	1002,21797777884
	-124,3871502390625	215,2235165192086	1001,189447321637
	-125,0233093295669	215,5639331479406	1000,388253081362
	-124,8173457729321	215,8204139544597	999,8718521326422
	-123,7921871996755	215,6851707272141	1000,5583535521
	-124,2443016348317	215,5815760241601	1000,468669847598
	-123,9631057736547	215,4507439406885	1000,845564715408
	-123,7809606383226	215,1062039378955	1001,585389773518
	-123,9560514867137	215,7130827274197	1000,415745140881
	-123,7293020050663	215,2072216910184	1001,38881236063
	-124,313108033318	215,4124344819276	1000,920517136218
	-124,3579090542613	215,4726055597115	1000,797461798275
	-123,6449417510186	215,4350640313195	1000,89197408952
	-123,9694804255791	214,9075846958569	1001,93362286054
	-123,6012597906206	215,3885475520263	1000,961429934603
	-123,606914800064	215,4172048256739	1001,011110596025
	-124,2599606561872	215,3519759897174	1001,125845353987
	-123,9598413359675	215,2787246130859	1001,361270752604
	-124,0199665085054	215,4786414889044	1000,883332961344
	-123,6723922063945	216,0302015756519	999,7338611190054
	-123,7023198255893	214,7122281284348	1002,414613574196
	-123,729659417731	214,9938716761329	1001,785694588782
	-123,8706964608153	214,8894240950825	1001,869929086624
	-123,9506690767609	214,5484175849391	1002,555835751933
	-124,1725735444995	215,603379916518	1000,539132763319
37
	-187,8049192693594	209,7008247758614	988,7008726016807
	-188,9944007708716	211,1480337224096	986,5389583141238
	-188,9850618457846	209,4753156970902	988,8205639080734
	-188,2809781885338	209,6594712013751	988,0416911435366
	-188,7164091664347	209,7680751830449	987,9322224556174
	-188,428494691698	210,6120458163077	986,1305212978807
	-187,6396257559248	210,37873647806	986,8042400557603
	-188,7107011567271	210,1381338455997	986,8322582325584
	-187,7314332952766	210,1206087693875	987,1956045957744
	-188,2159606645607	209,7531025144476	987,8338263894429
	-187,8010185024233	209,7076754610974	987,8061413139894
	-188,1795097316713	209,9872614927894	987,4197001863204
	-188,5547948967501	208,8114435289257	989,8963063892223
	-188,4615252383412	209,2166198413995	988,8079527392396
	-187,8202497050544	210,2097201223266	986,8448694094517
	-188,4778068061387	209,7044566850199	987,8663446453471
	-188,2548032770686	210,2359170512276	986,8634147423525
	-188,5028840586021	209,2359418209859	988,8178650828833
	-188,5837881821099	209,6772158756639	987,9225576360539
	-188,3906810597792	209,6798717484522	987,9725054895425
	-188,7661927954393	210,3161895260041	986,3987514499378
	-188,6206419072847	209,3417342920285	988,6191783597607
	-188,454892979124	208,3395364783561	990,8896537535867
	-188,4525563574912	210,9071515602247	985,2527961478878
	-188,1284071486638	210,5214616865596	986,2089731707787
	-188,1414835531476	210,2653117291226	986,5682780156613
	-187,7943876021589	209,9616261490033	987,383162850897
	-188,8595119929581	209,0224507833518	989,2828350803734
	-187,6198244570266	209,9766817827377	987,3474766743883
	-187,741884822249	210,3333776098116	986,4786871402761
	-188,9059618004744	209,5521917186364	988,1588216003862
	-188,4692955025085	209,8052821646226	987,7102398327833
	-188,3592820812877	209,8124003095008	987,7948656796526
	-188,6104008956657	209,6764147201126	987,8795305548106
	-188,6472596741939	209,0286759449636	989,0983219470473
	-188,6296857685581	210,2044112266967	986,6364491943267
	-188,0370375121865	210,2964243431472	986,8981933659969
	-188,3954098251024	210,8734643405581	985,3771062096645
	-188,0803231906323	210,3561605644702	986,3130638124873
	-187,9001014752673	209,7397867283694	988,0104864410752
	-187,8726291942713	209,4815514536634	988,5319518382076
	-188,0730450582355	210,9152928707445	985,1309572224143
	-188,1307512388474	210,5999076728867	985,8955225800499
	-188,2322851797212	209,2860480319477	988,7528809267563
	-188,3844825742893	210,3646022156328	986,4032571842965
	-187,8493639454511	209,0763252371128	989,5049897471001
	-187,4771345210503	209,7966433370233	988,1489835611909
	-188,0605420388936	210,1693938877745	986,9102343554891
	-188,159270949939	209,63260073658	987,9578513538277
	-188,8182544136587	209,5194679232546	988,012519603311
	-187,8466400436845	210,5031389134241	986,3094528248422
	-188,5971161940495	210,5551455695409	985,79041514477
	-188,6161878514409	210,628467557902	985,577488296033
	-187,7755003510204	210,5270913669299	986,2104340970195
	-188,6289496812946	209,5054387356562	987,9624571481329
	-188,49540936632	209,2818482364567	988,7162798586943
38
	-150,4652538640549	209,4840202375778	999,7753202113021
	-150,6782518577517	209,4925289784528	999,586245775153
	-150,7290449580809	209,7949175714849	998,9253521453245
	-150,4499383341221	208,9062879079158	1000,748156351192
	-150,1029463629383	208,5541719303461	1001,607285588541
	-150,0429226578359	208,9172825602165	1000,961079363683
	-150,2058996440539	209,6886912892121	999,313775676008
	-150,5724112759539	209,2956867604422	999,8856458114732
	-150,5740101142209	209,2387499104628	999,9359426877623
	-150,2672096852334	209,1710525487672	1000,382900974454
	-150,6422644126409	209,6846760258708	999,16377524642
	-149,8766584634917	208,7084959217932	1001,209022539907
	-149,9599324941402	209,1516103386835	1000,48483963779
	-149,6009511620899	209,7849612463051	999,2787284329349
	-150,8206534333633	208,9289825941634	1000,436262275633
	-149,9713690516759	209,7128798752287	999,3756866375509
	-150,5101732341485	209,4196945411025	999,6833351915475
	-149,5658214809658	209,2686650254715	1000,503524457371
	-150,5504845951976	209,0245009363139	1000,424961549363
	-149,8592272698122	208,8880075957137	1001,044571438599
	-150,1276652253636	209,4143825631398	999,9165243483534
	-149,6655212042064	208,1573326246533	1002,488563606692
	-149,7025478944559	209,4403780224501	1000,122238585967
	-150,3375552282672	208,7827762799625	1000,888913288006
	-150,6688152389677	208,9232818614983	1000,669962981914
	-149,5315409407382	209,2131572340068	1000,541521620176
	-150,7024999034272	208,5770187394199	1000,964913974356
	-150,2388270225975	208,8738783865039	1000,706832178158
	-150,4196515044062	208,5871380438628	1001,296302737302
	-150,5193434449217	209,6108428095678	999,083873588047
	-150,9863127928662	208,9216938647351	1000,085813004504
	-149,5718932835795	208,94861289141	1000,821060709875
	-149,7973504479481	210,1610071003273	998,3732101035499
39
	-202,4891655134514	203,4738129052551	990,6148557566688
	-202,8741624761545	204,1310233274471	989,0767432434375
	-203,1176194173885	204,9147676160493	987,1907238394538
	-201,6186769260359	204,8696774762069	988,7038346562341
	-202,0058130261693	205,7950306112095	987,1309298673651
	-201,9550220370929	204,9838469529841	988,5423370858365
	-202,6150541263823	204,7292259737506	988,5966134469851
	-202,4869843583749	205,078916182834	988,1232221277651
	-202,4386604401477	204,2074502596753	989,8294468001493
	-201,9220695563806	204,1574109958699	990,0084017848536
	-202,148142441515	204,6507914609342	988,9717312869334
	-202,9733109944092	204,9012838086574	987,9328206055224
	-202,2087061043519	204,6940358975896	988,8578901870612
	-202,2577843551014	204,5150146769607	989,1083671184674
	-202,699959381491	205,0542793565704	987,9154858023849
	-202,1079399892927	204,74017095801	988,7534715078366
	-201,483557697394	204,716625760112	989,2213215164686
	-202,3759081754142	204,5213183634559	988,9966250547998
	-202,2618245780824	204,5578942672835	988,9506364541978
	-202,462680320231	204,9430110919889	988,1558787053257
	-202,4726797550981	204,1997166661006	989,7008750783011
	-202,4488073328704	204,5085118359853	989,0166480227934
	-202,7778315831873	204,0832836599185	989,7884141082949
	-202,5497866835885	204,6480302754304	988,7678055398339
	-202,0931877125568	204,8640733759999	988,3661412225822
	-201,6654474226465	204,328119233361	989,8390011916096
	-202,0945451437466	204,9520923371313	988,1168327925209
	-201,9431457508025	204,2707627102857	989,5040081090478
	-201,9593896889552	205,2169407406622	987,6638257390728
	-203,0439350363676	204,1747357769778	989,0866069771873
	-202,7042159638347	204,2829906233766	989,2889234938411
	-202,7884872100201	204,9553831837491	987,9191841601115
	-202,5051490026632	203,8763194279772	990,1617688562762
	-202,6742166711799	205,0901789883521	987,5982651281757
	-202,2256940312181	205,0630754932422	987,8961708327045
	-202,5748742510087	203,5921215110683	990,5847046812802
	-202,3320234431974	203,9456861194685	989,9434232845517
	-202,1115930725834	204,737957645955	988,5915531118303
	-202,1728739985346	203,0321206318757	992,0412640324649
	-201,9598454352965	203,7519721484246	990,6939971585637
	-202,6835350869715	204,3340473593138	989,256139250514
40
	-172,2067947792475	201,8729543131059	1002,314339930846
	-172,9532823591976	202,0795588137553	1001,313779436951
	-172,3440959268192	201,9895403100284	1001,576661082596
	-172,1508177861687	202,293232211844	1001,319485921257
	-172,2856536033076	201,8792643305911	1002,189344024178
	-171,9297550989428	202,3904060602485	1000,890746231408
	-172,1913791195808	202,4315602614311	1000,895152509381
	-172,7559286589988	202,6724267590627	1000,064909323497
	-172,2922385547041	201,9408717221372	1001,837263187281
	-173,1449972123012	201,5418481813586	1002,407512057135
	-172,757660917869	202,0682941478123	1001,424007447146
	-172,6614737598004	201,5255896518003	1002,718797960589
	-172,5139383386124	202,3117306290454	1000,87889114239
	-172,342049290531	202,2984009075869	1001,086658513559
	-172,4354593886755	201,7558659536407	1002,300958726233
	-172,2449202331901	202,4735629741161	1000,731227872442
	-172,7649098382867	202,2923933345923	1000,859157245368
	-172,6627064620876	201,9138244731933	1001,783935259753
	-172,8476486602037	201,5804967297939	1002,540280838821
	-172,9002129750158	202,2117812755891	1001,042623034742
	-172,5293889281843	202,1691081922129	1001,265790532708
	-172,2284980618443	202,0281459183448	1001,751175493954
	-172,080925873653	202,1826129706768	1001,500590759277
	-172,4489643599848	202,2106218019135	1001,217457659373
	-172,9078947241017	201,9434376534603	1001,502458863761
	-172,8300112325667	201,8525146091829	1001,878464288303
	-172,0918949925342	201,867852128922	1002,234961165448
	-172,3695253837283	201,725397284513	1002,364324285646
	-172,4306549067234	201,6612716402183	1002,320862502049
	-172,6279978114066	202,046417360507	1001,597304378672
	-172,6434201164564	201,7164195251527	1002,437618173123
	-172,4133698992094	202,5732646174412	1000,215770476141
	-172,1847034520647	202,2417148056127	1001,273302966036
	-173,2163491359013	201,4786971021683	1002,488307149556
	-172,7624574306205	201,8169093665771	1001,970268154235
	-172,5935398067717	201,9352206869471	1001,932272466459
	-172,4525438382115	202,0595104436269	1001,631383945909
	-172,5968828965737	201,4993905185264	1002,664079753366
	-173,2424932682715	201,5475291058878	1002,463451751462
	-172,2707944000584	202,6555537570528	1000,2416133865
	-171,9293045620769	203,0566280294032	999,4372280297119
41
	-141,6427905031969	202,4349511875252	1009,658931887833
	-141,5914458385468	202,4185494632499	1009,884444423169
	-141,5820176342399	202,1253593655935	1010,420692026207
	-141,5707080877636	202,4332347202572	1009,889215889624
	-140,9152694230278	201,9013836457157	1011,593926725089
	-141,9666848628807	202,4284237360394	1010,01488608206
	-140,8361355368401	202,5110830633042	1010,579314353269
	-141,6143253657295	202,2153686554974	1010,749714300192
	-141,0407056406262	202,6131860123292	1010,025788230038
	-141,2092558241794	202,2792950641307	1010,773281295233
	-141,617827507992	201,8924778150329	1011,264180407913
	-141,0141008879667	201,7118070435482	1011,955239380787
	-141,1958569010318	202,4392866639262	1010,413796899884
	-141,3532255240185	202,4041438329971	1010,352440153371
	-141,7203807081161	202,5516279377161	1009,970559341339
	-141,500172736419	202,5626841218124	1009,825012183819
	-140,4938923664382	202,3513794573826	1010,748848007223
	-141,0106172960795	202,3889010293475	1010,567558906747
	-141,6416554029371	201,4143345073013	1012,115713387086
	-141,5247995644688	201,5582859434907	1011,841055147739
	-142,0137367405774	201,5662448753967	1011,562213113136
	-141,2715762927245	202,4236236010798	1010,370702953265
	-141,725564019528	202,1847005114254	1010,496135236743
	-141,5006447038212	202,6106093360639	1009,911076900005
	-141,36045522546	203,0015570184683	1009,178994721845
	-141,1778530077821	202,4352733919948	1010,366208825771
	-141,1193322002345	201,7614446892252	1011,649927751476
	-141,4123937128626	201,7903743015663	1011,48936021296
	-141,6561509247606	201,8372615197813	1011,262220750723
	-141,3596698869514	202,1300788502392	1010,955365596353
	-140,6961355050756	202,1592037907823	1011,054880597373
	-141,4511598474257	201,5812001484567	1011,898433742874
	-141,82303004892	201,8375858490339	1011,032515933257
	-141,8764930533085	202,0223845831958	1010,744512390194
	-141,8650859905634	202,555714434622	1009,739154029184
	-141,8821544534408	201,8364069534625	1011,180355293754
	-141,4453160698827	202,0283709395957	1010,946988164337
	-141,6169960323792	201,6017407482336	1011,8119645062
	-141,9309583052237	202,6102659607619	1009,612262782294
	-141,3427002497151	202,080674890448	1011,004987314214
	-141,5637697302847	202,1089923625995	1010,808957561132
	-141,7370655210206	201,6410323522378	1011,563832480449
	-141,1971875118668	202,5559430925268	1010,186475016213
	-141,0824299000728	202,3485935576184	1010,628287081372
	-140,9866641895695	202,1852979409093	1011,05384326564
	-141,6461937067068	202,0827908625618	1010,837405998435
	-141,7184127137818	202,278384339234	1010,462293864299
	-141,3830411810969	202,3318762789796	1010,495728622211
	-142,1060632949294	202,2824022775645	1010,134888101803
	-141,7348867867913	201,5539912168905	1011,879233193734
	-141,5186658803065	202,1219400809475	1010,758389784849
	-141,3908233195602	202,4106787192261	1010,233492512656
	-141,41188563295	201,8495233350316	1011,360950803247
	-141,1420493168079	202,3528361752211	1010,542947469661
	-141,3003694845871	202,3407148704369	1010,4001581103
	-141,4294125294269	202,509938579322	1010,152768665172
	-141,5412237878775	201,9628011530375	1011,139291440064
	-141,2260952308534	202,2267861378577	1010,754313416903
	-141,4011405470416	202,1767826284713	1010,759898942264
	-141,4377255273936	202,0265291680408	1011,05603887168
	-141,4850441940578	201,8459785609967	1011,201583020259
	-141,5099415396767	202,0216396107596	1010,902117818545
	-141,3392741246736	201,3937098037621	1012,469885294041
	-141,5516539421207	201,9571816616965	1011,248772921148
	-140,9925898759995	202,2041314540289	1010,679643540134
	-141,7626574005426	201,8759942025719	1011,131433751608
	-141,4226625700075	202,3827882550765	1010,391881928919
	-141,3980440856455	201,8086789008192	1011,437286413029
	-141,4299764803147	201,6019984744172	1011,75540295293
	-141,7476572879105	202,2832227400778	1010,235135978543
	-141,4166147313264	202,3006370789356	1010,374918486341
	-141,1880551609809	201,998127536539	1011,215023825972
	-141,1811450848784	202,1695315951271	1010,869313607041
	-140,8173833995449	201,8834975510369	1011,484366135679
	-141,0809814079135	202,1022073819629	1010,931779885596
	-140,9619952249965	202,0486894594482	1011,056173172357
	-141,59248178872	201,3161547464704	1012,223192368922
	-141,4168686245119	201,9914612948287	1011,107767385486
	-141,6013851710989	201,6887730420797	1011,632922400737
	-141,4572462251429	202,2245533524623	1010,568132106241
	-140,9567019170822	202,3627454681466	1010,480452170368
	-141,4901216753691	201,9156919220082	1011,082706029709
42
	-195,4114381491869	196,8308661204441	1005,134719076285
	-195,9257464937716	196,3402092463228	1006,828848772309
	-195,7508371044273	196,7926902733581	1005,376455663516
	-195,8085624180996	195,9450281446828	1008,242946415989
	-195,3614737236579	196,1387145379896	1007,636734401459
	-195,3633396661043	196,7775040519824	1005,736977661073
	-194,85322711575	197,0155907904367	1005,060816758563
	-194,828501977733	196,9399488083476	1005,322313800569
	-194,2163018546615	197,5697940947364	1003,608245011095
	-194,8191031153004	197,3467262123778	1004,057951053701
	-194,7333879427406	197,4781074081156	1003,626015605081
	-195,5213270858428	196,5359341092732	1006,460819042447
	-194,7174795023298	197,0839885565165	1004,822410846139
	-195,0328438672064	196,898799899753	1005,308608373656
	-196,0269501528418	196,1317228887051	1007,473284399607
	-195,446639321907	196,8524461226126	1005,280181348368
	-195,1607716399882	196,4790410449069	1006,55862726629
	-195,6751692816136	196,603738759138	1005,922646961604
	-195,2994640232286	196,5381475647101	1006,326614085791
	-194,8531201399937	197,2452774832199	1004,187588101481
	-195,5025972975001	196,7428635996152	1005,564831041315
	-195,2915828976044	196,1554678372432	1007,51319582406
	-194,665255378124	197,5377432896161	1003,19740762334
	-195,7423700001052	196,001637227468	1007,897071961408
	-195,04779933111	196,8719852343428	1005,332059326529
	-195,0917943951098	196,1890035797513	1007,454444393041
	-195,455010743972	196,2732034380941	1007,042711282138
	-195,6035280688431	197,0585974596416	1004,631216348064
	-195,5555653870468	196,9512444632962	1004,891117961193
	-195,2915237741522	197,1024960443454	1004,506361954636
	-195,6527586900123	196,1137983333088	1007,681440799513
	-195,3407252253938	196,968359451685	1004,986664175039
	-196,2391942208689	196,05222039338	1007,716380909244
	-196,0875132352035	196,41276024286	1006,615033377158
	-195,3453031913801	197,3155040178784	1003,865347618448
	-195,4654934485679	197,2104257831593	1004,165804903912
	-195,5261503729777	196,8544086238944	1005,374774182306
	-195,5645063830438	196,8353670918256	1005,318788748678
43
	-158,2942846542186	195,0572371490191	1020,082744665199
	-158,4128478340657	195,4022694282987	1019,100654837257
	-157,9900533980063	196,0461388561705	1017,732584666293
	-159,1650372477803	195,0883420594459	1020,211949845613
	-158,2489909712201	195,4482908206242	1019,597826892855
	-157,4051327618859	195,8247247790954	1018,561893401245
	-157,1946421241146	196,3242747641261	1017,285513085261
	-159,255257886978	193,9001202180953	1023,3945736601
	-158,9779406748619	194,9880150652369	1020,5726751303
	-158,2371526855848	195,8256464079113	1018,296240147082
	-158,7225564474584	195,6466261681798	1018,806824358554
	-158,2832042743246	195,6313421854267	1018,81330623817
	-158,6650278660151	195,5688789508801	1018,88835042144
	-158,2772290163384	195,7018418462548	1018,706589306631
	-158,0700939877745	195,9653880295142	1017,946633819271
	-158,2864094901798	195,0846184079085	1020,405156533697
	-158,396341416058	195,3717969758488	1019,60796048257
	-157,3150543680519	196,2326787485536	1017,350146693866
	-157,9774140148565	195,3728334687254	1019,729507211872
	-158,1199944578451	195,6342440519065	1018,97853456897
	-156,9751415916763	196,4771378725015	1016,620748829864
	-157,3167520044679	195,9461135835206	1018,291632933831
	-158,2240830377796	195,7108416136751	1018,723238602356
	-157,5341890503412	195,967358643645	1018,118543350304
	-158,5953422973247	195,3415510661003	1019,517675414363
	-157,344444303282	196,1274993747906	1017,647170083655
	-157,8542029450863	196,0705668325445	1017,683576803645
	-157,6394183127919	196,3729855876765	1016,846774655392
	-158,2515717570514	195,4483662643646	1019,38800476598
	-157,6823666511536	196,375017816327	1016,784617986442
	-158,4826994302016	195,7415744997283	1018,583495449466
	-158,056097444609	195,9486370501269	1018,118604397977
	-158,1326116187634	195,8878677744376	1018,136698642704
	-157,6086056959799	196,5460458610349	1016,298321678658
	-158,2549082150869	195,723654841571	1018,659095445381
	-157,3082812188558	196,3668285527964	1016,874636667089
	-157,2505481608881	196,3489212734111	1016,928896612434
	-157,6286589311315	195,326901862045	1019,946710479956
	-159,0662960436841	195,0541276788302	1020,299080131505
	-158,2583112760952	195,1407933064179	1020,12350796726
44
	-179,9158681487421	195,623518783905	1020,336589644294
	-178,7212393610962	196,5033354464421	1017,708050870967
	-179,3132772772086	196,1986910660955	1018,509404706247
	-179,1952486100855	196,0225053279283	1018,713508645714
	-178,9622584628915	195,724223822838	1019,732566543482
	-179,7761960047572	194,9706061994576	1021,614355444836
	-179,9336172391647	195,0884866444818	1021,421466212922
	-179,5806485464484	195,407020166772	1020,541671610931
	-179,4648471800147	195,5302207125914	1019,964290195858
	-179,1246385228289	195,0798642022327	1021,467874022584
	-179,4963017434335	195,8900694682567	1019,07981288363
	-179,4238336594245	195,4584947821661	1020,363591706477
	-179,1010216599929	196,1228341746244	1018,482871313875
	-178,9621870392549	195,7223209904034	1019,695920854586
	-178,9593345591787	196,0625561657666	1018,739765804959
	-179,7367288716189	195,4833051406873	1020,230676682904
	-179,2004265630995	196,1609513131598	1018,174685152791
	-178,6675341268082	195,618475890039	1020,21877158827
	-179,2946932574293	196,1151986083424	1018,537415959604
	-178,7451314860983	195,6756971170645	1019,991837001308
	-178,2074304153797	196,7639621346418	1016,879310297409
	-178,7603973848041	196,139541934639	1018,420918192965
	-179,4439151774151	195,4695739902683	1020,614840435528
	-178,8204594809056	195,600125899106	1020,552350326838
	-179,0758291759029	195,7786589589388	1019,767275361014
	-179,7716503292239	196,1045121127206	1018,072380159889
45
	-188,010182338396	195,8592597821293	1023,367510886389
	-188,0676207223887	195,8177739996911	1023,62907229029
	-188,485776548126	196,0780763420117	1022,862246155135
	-188,2462513501698	196,2240905083254	1022,562545476041
	-188,4426003809688	195,8249416642732	1023,506012167007
	-187,1655467116367	196,3495215408234	1022,280523257366
	-187,5832598677326	196,3419032188541	1022,321590779747
	-187,5846696690047	196,1962458182603	1022,721471451519
	-188,00101554779	195,6904384219335	1023,971076188371
	-187,5937440521658	197,0652419091865	1020,296082571027
	-187,9900161428957	195,9250805153993	1023,272090043378
	-187,7445666042276	196,1586653621511	1022,716481543155
	-187,7477357424838	196,1452654395191	1022,722233285859
	-187,9015701957392	196,663552774911	1021,266195133377
	-187,4794678054593	197,0894256606357	1020,060074267235
	-187,4552898610683	196,7340240124476	1021,081427414882
	-187,5490919091895	196,3988802610585	1021,978803366123
	-187,9617320557139	196,1055057008082	1022,889924388985
	-188,1021022426579	196,3106698721889	1022,24689471316
	-188,0973002827036	196,2234267195647	1022,543822980812
	-188,0469685987517	195,900079732986	1023,490155191614
	-187,7087207347167	196,4879662124948	1021,909361482479
	-187,824622187362	195,9201621390874	1023,443470441666
	-187,9858126792132	196,3081914395714	1022,336740397356
	-188,1910457731476	195,9303103238671	1023,361867078937
	-188,0826793797949	196,2009821258114	1022,547107291807
	-188,9322005873413	196,2548216033162	1022,206922801445
	-188,1551871786793	195,8576576415667	1023,589123312736
	-188,1535921780963	196,2994819852658	1022,295674924635
	-187,0715038427592	196,9497157548988	1020,597436114828
	-188,2622356711593	195,4791390848057	1024,388104416337
	-188,5155443169651	196,5158918399836	1021,404943649942
	-187,8578882123332	195,5202494372145	1024,361294296563
	-188,5683309004849	196,274577860685	1022,292496760293
	-187,626753641084	195,9250224578251	1023,199546303223
	-183,2282483418075	199,2263975368323	1013,694417311325
46
	-172,8832225894826	196,0118861293506	1026,770171464658
	-172,7887323779454	196,405845601282	1025,536874064597
	-172,9123728409325	195,9699281756614	1027,127611064596
	-172,7548420735306	196,0393685580363	1026,635904692038
	-173,3354347159132	195,8866241136611	1027,251715977347
	-172,2937823462962	196,5358143492726	1024,683062029114
	-172,6663850150126	196,4262653453913	1025,4832798417
	-172,6136896802097	195,8349928278777	1027,25769929563
	-173,5713681213178	195,7165987491315	1027,285588265021
	-173,0314861865755	195,9912313596455	1026,995163742467
	-172,2290242940433	196,2917822119087	1026,247238427653
	-173,4262734633543	195,9397657751367	1026,629922326977
	-172,7728111322116	196,2770443901369	1025,933634250055
	-172,6169662269477	195,7775650537058	1027,857990531184
	-172,59937394214	196,63848095262	1024,744412238096
	-172,7222937807956	195,8290102161767	1027,609691490043
	-172,759099582419	196,4174798561701	1025,495601636575
	-173,0019846838296	195,1629018891861	1029,53753351258
	-172,3454226200598	195,7099582427837	1027,986834238145
	-172,85057737483	196,3589275154345	1025,340547225097
47
	-172,8021908971081	196,3067438732766	1025,591183635089
	-173,5163313136017	196,0839367282949	1026,237179374491
	-173,5364961042339	195,8996215975072	1026,85283679717
	-172,7958791663008	195,9084416467815	1027,200192027076
	-172,8115874705624	195,629989701818	1028,129187994591
	-172,6593238178024	195,8532907608986	1027,435752643261
	-173,2695961322738	195,6012771610488	1027,938693303159
	-172,968423967765	195,6957540857662	1027,721391410083
	-172,1604641405061	197,0297429913887	1023,732978449191
	-172,6961007194484	195,4779670004408	1028,5883472087
	-172,8562300365278	195,9299311915233	1027,351355188611
	-173,1074793753673	195,9612052492189	1026,911413136197
	-172,8959165602354	195,9902908968836	1026,928236396163
	-173,3842127765662	195,7573755825996	1027,327459967714
	-173,3027369566981	196,0806767131111	1026,244358995767
	-172,9132877743043	196,2714137788286	1025,907925812642
	-173,5505603460236	196,0296825084189	1026,416968651544
	-172,9232929774929	195,8946102466333	1027,185154826727
	-173,6994372522489	195,6482118068644	1027,603302947906
	-172,9796692128559	196,3077802287396	1025,684548069748
	-173,5425686351144	195,3886218743863	1028,60797845411
	-172,8915648910474	196,0594766143359	1026,573951150409
	-173,1615631355994	195,8825603217152	1026,810271284302
	-172,9309317529546	196,4004076803323	1025,426960551006
	-173,3243886658622	196,2936048379939	1025,503535439581
	-173,439543396968	195,2988232719619	1028,948371202067
	-172,469583430114	195,9724903818608	1026,926391682499
	-172,9894464935246	196,3002629173885	1025,552393600062
	-173,5052876663644	195,0042419919283	1029,917812962975
	-173,1496563820258	195,8613623828033	1026,945373479552
	-173,3579582252441	196,1769006732537	1025,913215324848
	-172,9504176169545	195,8275519214537	1027,059710043261
	-172,78070218021	195,8437931476398	1027,39774204364
	-172,7411970713678	196,0335792794031	1026,709919899057
	-173,0055364838463	196,1162576649641	1026,489790756943
	-173,8086744311421	195,3928381057401	1028,464643681834
	-172,7808120356029	196,4690552550386	1025,196761626796
	-172,9795126711194	196,1614401702803	1026,255086994953
	-173,1311884630669	196,496415947119	1025,112782142966
	-172,6266393101882	196,0849791392025	1026,463934959343
	-173,6648200414002	195,4394439302017	1028,280939938886
	-172,589023570975	195,908735377019	1027,123220714487
