parte 1 10
	[-138.5875873592365, 249.0150490155884, 900.589363335876]
	[-138.5875873592365, 249.0150490155884, 900.589363335876]
	[-137.7394420815234, 249.1396904645219, 900.6563218352269]
	[-137.5494460388957, 249.0907332351447, 898.7764152744618]
	[-137.9595369103544, 249.1206931328238, 902.512952036398]
	[-137.9774929604425, 249.1378470015062, 901.9277532561383]
	[-138.0072370640333, 249.135656349252, 901.0412996196832]
	[-137.820234321987, 249.1308881269975, 900.1768938535429]
	[-137.5022694334529, 249.1282575537798, 899.7351039791632]
	[-137.7073670656731, 249.1379448744908, 900.6336205423675]
	[-137.479289688787, 249.1139566048689, 900.5042968916367]
	[-137.6424504104295, 249.1180258414215, 900.3727643486304]
	[-138.033927064255, 249.1051256319435, 901.6999871534792]
	[-137.7767502541697, 249.119048109596, 900.9309701401173]
	[-137.9730674279268, 249.111135151638, 900.3173191977945]
	[-137.7143023528179, 249.0952344786902, 899.6377104210231]
	[-137.7849881435691, 249.0900067125666, 899.2463939912466]
	[-138.1189081039753, 249.1174139690545, 902.1498954800405]
	[-138.2076377871207, 249.0868557258993, 899.9000950424758]
	[-138.4340536234616, 249.1043970659026, 901.7774012898345]
	[-138.0748133010419, 249.0879070142865, 900.4698202859447]
	[-137.955643627288, 249.085323651136, 900.5948816739361]
	
	[-137.1979970952096, 249.1226267216059, 899.4091308058549]
	[-137.7623535284487, 249.0900993021073, 898.9094522515105]
	[-137.4794477443206, 249.119894204541, 900.093456291198]
	[-138.6303777271878, 249.0745769727328, 901.8756613894237]
	[-137.7013193127433, 249.1264591797409, 899.7981098951172]
	[-138.225756791941, 249.0921959985492, 899.8515686150325]
	[-138.1628945078347, 249.0857345862313, 901.4107635915796]
	[-137.6836509612516, 249.1023404190526, 899.8770415274992]
	[-138.276859187561, 249.0783753443854, 901.5060380215837]
	[-137.9719608317196, 249.0879275932048, 899.0044704997765]
	[-138.6610141754783, 249.0945830503099, 901.8018358315823]
	[-137.8207049043024, 249.116233930018, 900.059808870657]
	[-138.638590250955, 249.1281387487072, 902.4098072685567]
	[-138.3457992949077, 249.1151721421852, 901.6526919254846]
	[-138.1370305060182, 249.1321573596631, 902.2816396284142]
	[-137.8937675676286, 249.0908897248513, 901.2934213410655]
	[-138.8199222247372, 249.1244794902785, 901.0915306050307]
	[-137.9907689697825, 249.101610419075, 899.863095301819]
	[-138.5610951630871, 249.1136143055714, 900.6339907180133]
	[-138.3850472465446, 249.0992302358819, 900.1067255529716]
	[-138.1596428242518, 249.1072491520801, 900.7200885540154]
	[-138.048729850642, 249.1090357643845, 900.573503542563]
	[-138.5381690278949, 249.0879816570362, 901.1722765468517]
	[-137.5463323616777, 249.0417083251852, 899.048490840946]
	[-137.9564924407765, 249.0874232525956, 900.3824684425815]
	
	[-139.4067863706088, 249.111123044815, 902.4560501144501]
	[-138.5243750159656, 249.1193827752787, 901.9721585073837]
	[-138.4585010923205, 249.1760881461383, 900.8339626642394]
	[-138.1498508574693, 249.1230052021056, 900.5354978759498]
	[-138.4211971343873, 249.0566126565288, 901.5316702671761]
	[-138.3462038133898, 249.0419842672791, 901.9613960801972]
	[-138.8336424316907, 249.0732626775826, 901.3002595516757]
	[-139.1490449457376, 249.0755515653294, 901.6865360536895]
	[-138.8396498695421, 249.0574196423649, 902.8087009330334]
	[-138.9787083698388, 249.0481050508137, 903.4985398188207]
	[-138.488185085584, 249.034809733544, 902.6032597839077]
	[-138.8716481981782, 249.0418437308991, 902.3239779579893]
	[-139.055832945885, 249.0823030680534, 901.4814966648775]
	[-139.2753362723518, 249.0432239458736, 903.4686059551997]
	
	[-138.6020519753355, 249.0768428787442, 900.8259032825049]
	[-138.675842564507, 249.0826605308651, 900.3631719621309]
	[-138.292440503639, 249.0874078830362, 899.4639324301351]
	[-139.3327123362795, 249.0820069477205, 902.6159618271341]
	[-139.7836511919162, 249.0635463030825, 903.2439608845971]
	[-138.7875216938241, 249.0747785880881, 901.9428326089024]
	[-140.072096207836, 249.074455774379, 903.3949003436784]
	[-138.3288321192674, 249.0742512322751, 900.2657125242021]
	[-138.8130059013683, 249.0915219216919, 901.3175592274165]
	[-139.3439284263241, 249.0656226489686, 903.4762141927409]
	[-138.7969118088149, 249.0357496187394, 902.7569691160317]
	[-138.7910587505082, 249.1037009088515, 900.6065665980658]
	[-138.2789787256708, 249.0866673402483, 900.3092632321924]
	[-138.7641777994461, 249.0958590754946, 901.1479986392837]
	[-139.8636767573913, 249.1118017996754, 902.5325610200874]
	[-138.1884572417472, 249.0715942441624, 900.9756298282384]
	[-139.1427040735107, 249.1072142620781, 901.7573941179352]
	[-139.7727125458858, 249.1040473737279, 902.4500037723344]
	[-139.4012406727808, 249.1176306089049, 901.7337543928885]
	[-139.7534896053235, 249.1087038102107, 902.4458153771901]
	[-139.0206619224501, 249.1118712164507, 900.7352245073752]
	[-138.7533521856283, 249.1054431627157, 900.8384180040626]
	[-139.1935681240534, 249.1212805554869, 901.7020806054977]
	[-138.9734257506996, 249.0869526375936, 901.9121890522082]
	[-138.95727989692, 249.0951994862994, 901.6323983439315]
	[-138.8136891127363, 249.0753096031523, 901.1932765929008]
	[-138.6741556488828, 249.0195267723004, 902.3132324333052]
	[-138.8446094779168, 249.0823662184021, 901.8419895224988]
	[-138.8130059013683, 249.0915219216919, 901.3175592274165]
	[-139.3006221689991, 249.0525078573983, 902.8751390668482]
	[-138.6270253497196, 249.0689077300686, 901.036831634347]
	[-139.7166177134357, 249.0710586631788, 903.0383582502618]
	[-139.1055259619078, 249.0728189497632, 902.2551902732894]
	[-139.1634894945854, 249.0590675766137, 902.7439568786235]
	[-139.4103773435039, 249.0390555263069, 903.5388229709745]
	[-139.4916508749155, 249.0684729674154, 903.1185573532023]
	[-139.4198466750847, 249.0796013879823, 902.4223490289737]
	[-138.8432805092645, 249.0594223367443, 902.2622322000441]
	[-139.396839840036, 249.0932196879288, 901.8985197363672]
	[-139.9059916812975, 249.1049987722469, 902.801756664041]
	[-139.2984690993523, 249.1105674677832, 902.0507127816502]
	[-138.7973984006229, 249.0889476522308, 901.7076288778558]
	[-139.2416872441875, 249.1039794185931, 902.1836852050226]
	[-138.6117331502517, 249.093854134899, 901.0947228544095]
	[-139.9522269549032, 249.0489642985012, 904.3687014138156]
	[-138.8473043852168, 249.0857834377483, 901.3279298114589]
	[-138.8822401936491, 249.0900332536535, 901.7236535050312]
	[-138.819047298223, 249.0904216274782, 901.1810936502296]
	[-139.3331288284286, 249.0683973412549, 902.3686224589144]
	[-139.4637297725537, 249.0812843846359, 902.5194668689129]
	[-139.3062871459574, 249.0952647125937, 901.8533781556417]
	[-139.0333658890951, 249.0500662816096, 902.8850798631444]
	[-139.4759204709311, 249.0914924553076, 901.9330579446296]
	[-139.2695578811016, 249.2272918993974, 903.9376395680205]
	[-139.4961638826827, 248.9378027023974, 901.2894085322654]
	[-139.07047926987, 249.0612250659532, 902.2066736824777]
	[-139.5246678097437, 249.2881259881771, 904.4627347106318]
	[-139.1896429335088, 249.0112008294091, 901.4522935579524]
	[-140.7324956323407, 249.3108593738517, 905.3049942276589]
	[-138.6963533866395, 249.1260376250873, 902.1803236008062]
	[-140.2745168554214, 249.2851533878255, 904.8653501698191]
	[-140.0014454806893, 249.2232635225692, 903.9252232845163]
	[-139.7497399883761, 249.1793700999967, 903.3102250181761]
	[-140.1359987654887, 249.170474363096, 903.2475048695597]
	[-140.9112863897321, 249.2961819455621, 905.0539883250268]
	[-139.8522435522915, 249.1207006405646, 902.9029575870497]
	[-138.8647731020193, 249.093714229833, 902.2728937577672]
	[-139.202358857893, 249.1571220182629, 902.9457268231181]
	[-139.5422855228747, 249.2360188643798, 904.0451515333735]
	[-139.823365980114, 249.1101802584692, 902.9532511715606]
	[-139.5577856495108, 249.1542178271966, 903.5008895894482]
	[-139.1830445079343, 249.0964043119184, 902.8808522976989]
	[-139.7166108475949, 249.1393542293419, 903.2668167157229]
	[-139.5868163343681, 249.1654375102113, 903.7340793206405]
	[-139.0644887985229, 249.1641933597971, 903.731111405106]
	[-139.4820455212779, 249.2043198536138, 903.5409806761521]
	[-139.7321037043904, 249.1279357665895, 903.2187258173597]
	[-139.5742668573879, 249.1976329599178, 903.8770458574265]
	[-139.5031380463186, 249.1554669093038, 903.2782566077514]
	[-139.9157691742688, 249.2600183197956, 904.4791626489731]
	[-139.1511077444319, 249.0984076994542, 902.4662743850364]
	[-139.2732069427221, 249.1885066944042, 903.2403991820312]
	[-139.0273399239248, 249.1362188628556, 902.6237211098389]
	[-139.7427162138264, 249.1134502304294, 902.9359162969603]
	[-139.9861835241874, 249.236344105968, 904.0197753420846]
	[-139.0908963347579, 249.0378904413908, 902.0466603427553]
	[-140.0449550441546, 249.3252501514943, 905.6216932180487]
	[-140.0339207495817, 249.314147386984, 905.3387171400676]
	[-139.8976361895156, 249.202230792552, 904.3003977045606]
	[-139.8476878614402, 249.1920941338091, 903.9371959764982]
	[-139.4861642454508, 249.2408254194888, 904.5523502872079]
	[-139.8276781510579, 249.2527773481274, 904.9340531612193]
	[-139.4775357024699, 249.2005479442355, 903.8273321246754]
	[-139.5757611272458, 249.2166750828734, 904.4280683268972]
	[-139.5379012987265, 249.1236068342408, 903.2032898419925]
	[-139.857480918471, 249.2434235780246, 904.4894628091284]
	[-139.8227089730348, 249.241632664849, 904.4439126943455]
	[-139.6299685383024, 249.3293935798558, 905.2867815928927]
	[-139.024234379634, 249.0693752409369, 902.2251890250881]
	[-139.8930431235902, 249.2469672061565, 904.2447674786139]
	[-140.2387063373528, 249.2199716632715, 904.1374541758219]
	[-139.5628505606881, 249.1193995632168, 902.8568215259484]
	[-138.9429907244389, 248.9888305981208, 901.7888482357897]
	[-139.6372982701645, 249.036500944021, 903.4142130847873]
	[-139.9362739523049, 249.0595396682084, 903.6614453101708]
	[-139.8526142127901, 249.131242279895, 904.286838914801]
	[-139.1719734783387, 249.0004643345058, 902.7211960156856]
	[-136.9828810222265, 248.7220928225443, 898.1360225531707]
	[-138.1311953191262, 248.7676551059083, 899.622378585334]
	[-137.1220064020719, 248.8417426059176, 899.6773656429352]
	[-138.1591034781127, 248.8646571984291, 901.3140382457822]
	[-137.6187364363276, 248.782130633808, 899.8168862113753]
	[-136.1026686655894, 248.7376778329993, 897.7183427157269]
	[-138.0673283879889, 248.8284581334121, 900.9506251306566]
	[-138.4807163913906, 248.8076561445238, 900.7506710956422]
	[-137.3239296699771, 248.8308224094179, 899.7068263391227]
	[-137.4529972499986, 248.8494592149538, 901.1778500340632]
	[-137.1427039644972, 248.8041049548709, 899.9342508158538]
	[-137.2509643987085, 248.8409066359214, 900.7994456330439]
	[-137.114312510417, 248.8983427725971, 901.2867826248796]
	[-137.3313895358331, 248.7152754298824, 898.3652276520083]
	[-136.8410723616026, 248.9026427016435, 900.9781676918127]
	[-137.3259334619401, 248.6764710429457, 897.8825352201424]
	[-137.4595110027363, 248.6766251532621, 897.5225944355673]
	[-137.1251377842472, 248.8498893065097, 900.0439019784155]
	[-137.934204381068, 248.8294990759578, 900.7820855671259]
	[-138.0583671808964, 248.8963583612471, 901.9102326742253]
	[-137.6621417589885, 248.858804868957, 901.1230304063741]
	[-137.1679790113988, 248.865509163826, 900.8724332730998]
	[-137.1428544558094, 248.89333367033, 901.1506603992672]
	[-137.8622342198162, 248.809235558656, 900.2999498999056]
	[-137.7453204849145, 248.6556034057981, 897.5753800148771]
	[-138.2511310543337, 248.7941995380797, 900.3862386285256]
	[-137.268491937961, 248.8671890263294, 901.0309466407656]
	[-137.2646830554758, 248.798678485796, 899.1841939568405]
	[-137.8517997272504, 248.9227461630791, 902.1051672888336]
	[-136.6712645889984, 248.6574409068388, 896.8287279087557]
	[-138.0442097726698, 248.8431029167424, 900.346169484445]
	[-138.2956679734386, 248.8869580649146, 901.3128721433521]
	[-138.0640917899316, 248.6151057521747, 897.056731034102]
	[-138.7711561857247, 248.8375113925488, 900.7986376374313]
	[-136.8545050147189, 248.9348114317723, 901.2182549662749]
	[-138.3485543531601, 248.8684333402313, 901.0531924659213]
	[-137.8647722805047, 248.8177542647528, 899.8244744579172]
	[-138.1758020471808, 248.8787407103097, 901.2442602336261]
	[-136.8465781893871, 248.6619328951863, 897.0457124002089]
	[-136.5605852555807, 248.8808236390813, 900.2206591219152]
	[-136.9825874956819, 248.832004467653, 899.7041545104466]
	[-137.1233158636663, 248.6911467226367, 897.867689536329]
	[-137.2724346967902, 248.9173956888282, 901.6136306166541]
	[-136.6608303102105, 248.6618134910888, 895.5195263072532]
	[-135.5508666948497, 248.8406524408113, 897.9157648412194]
	[-137.1417786336422, 249.0307856809156, 902.9660874450423]
	[-136.351002132257, 248.6907918111162, 896.0635792167619]
	[-136.2919037276799, 248.9270019609772, 900.9800781122134]
	[-136.0746236829913, 248.7120539456801, 896.5379860594227]
	[-136.6077744626112, 248.6893223463637, 896.1655556675163]
	[-135.7886051833281, 248.9258186726485, 900.110382633774]
	[-137.2971411500648, 248.8650491025668, 899.8143738022711]
	[-136.1512264356529, 248.9613828531384, 900.923293959337]
	[-136.2587823715936, 248.7513080244412, 897.0911724405765]
	[-135.3677871713442, 248.8572389577305, 898.4785140994958]
	[-137.2586681908122, 248.9181341990117, 900.8634169938058]
	[-136.1467160811623, 248.7155706282721, 896.6924382623897]
	[-136.2208178560758, 248.7424301369288, 896.952159672401]
	[-135.7547141851772, 248.8053883003592, 897.7593093850512]
	[-136.2179221500855, 248.7145117521549, 896.6798718920958]
	[-136.22115608275, 248.7561572059429, 897.4614605927954]
	[-135.8079294672226, 248.8137725049733, 898.1532277940098]
	[-136.183347604903, 248.6956226127714, 896.4610981607035]
	[-135.8145210954621, 248.8451052378764, 898.6618680475075]
	[-137.6352451133772, 248.9084091444573, 901.1592449420451]
	[-137.5881799466153, 248.7479358400267, 898.214576499703]
	[-136.509385342106, 248.9376467225095, 900.7205763965308]
	[-136.9536195971264, 248.8123657001801, 898.6868106063699]
	[-136.901430148448, 248.8685684864667, 899.7147019227248]
	[-135.6535104788063, 248.7535250156348, 897.0529850491509]
	[-136.0638363843813, 248.7167757680826, 896.3293740644149]
	[-135.7937742267344, 248.8095064551468, 898.1363294866175]
	[-136.0242087448379, 248.7523405353276, 896.4881243105566]
	[-136.0136181969385, 248.7620930449613, 896.6001698151983]
	[-135.779275483866, 248.7420898633855, 896.4842966446339]
	[-135.7626976969096, 248.8044751242802, 898.1379202325256]
	[-136.2947839619871, 248.7030675358255, 896.5068002503302]
	[-136.1933635513261, 248.718440337706, 896.3267315678478]
	[-136.0291279305937, 248.6974911381283, 895.5224224573719]
	[-135.8682788975892, 248.7834364593898, 897.5968336058374]
	[-136.1217359836096, 248.7774072650034, 897.7177775495277]
	[-136.1079399124328, 248.6940216501767, 896.4416762322084]
	[-137.4923946510842, 248.9777733890614, 902.0542832528766]
	[-137.5131020706125, 248.8911471155228, 900.7570954415827]
	[-135.9307920422163, 248.9543844618868, 900.5318231098162]
	[-135.3357979002088, 248.6804126589793, 898.8158374255206]
	[-135.4515389854148, 248.6653307472511, 898.2730724939945]
	[-134.7490856682631, 248.6590764888525, 897.891425990627]
	[-136.331612940479, 248.7398262930853, 898.357816341647]
	[-135.3811141444392, 248.6913998495701, 897.1017959292667]
	[-135.6695052348172, 248.9068730628266, 899.8078870102109]
	[-135.1176889167911, 248.7052986095559, 897.7857105620466]
	[-135.2444908070676, 248.8903630121131, 899.7082081127458]
	[-135.3043355026489, 248.5695765030856, 896.4381301494576]
	[-135.3426746847155, 248.6774282320643, 897.5216123352672]
	[-134.9408577229773, 248.8271791533644, 899.0872463564837]
	[-135.1024285847257, 248.7493970297265, 898.1120364313147]
	[-135.0852469846126, 248.8001908986634, 898.8928725411182]
	[-136.4269373275632, 248.8345456720295, 899.5427051421079]
	[-135.4876995020913, 248.6575241141703, 897.6406906766497]
	[-136.0588095295282, 248.9849898536546, 901.4569464900369]
	[-135.2736285238402, 248.6845650491676, 897.7779091013198]
	[-135.102355248001, 248.7513308293692, 898.1806323609869]
	[-135.4011345282153, 248.7627207873686, 898.610954349349]
	[-135.5087272289861, 248.7565089179489, 898.7185811066662]
	[-135.0449407160643, 248.797714904758, 899.2013736455153]
	[-135.6889809449944, 248.8481038723355, 899.8796041839875]
	[-135.4506389258272, 248.607047040675, 896.7903588225685]
	[-136.0240810388738, 248.7918724455003, 899.2303569257965]
	[-135.956274834748, 248.8910806922321, 900.3761495619659]
	[-135.5734670008355, 248.6032815147935, 896.875055647342]
	[-135.6576929919223, 248.7561421776261, 898.0987252815775]
	[-135.220594637696, 248.4291336867067, 895.0307556490325]
	[-134.8083843710705, 248.7097418059032, 898.1520102851915]
	[-135.3312098585934, 248.609665661453, 897.0147063995676]
	[-134.9465993798267, 248.757864286858, 898.4116569844082]
	[-135.6881877724039, 248.7959889797893, 899.0102276567173]
	[-135.979973667769, 248.9452526979628, 900.8710492089513]
	[-134.7814952952068, 248.689904578374, 897.6873619576858]
	[-135.7246090209728, 248.8604445881712, 900.0207951195509]
	[-135.8637911316571, 248.6500713394537, 897.3940476078532]
	[-136.1970725555822, 248.7751096957067, 899.1356734306311]
