-162.8451498541033	215.4128468058161	1048.822437016698
-161.3332930331908	216.0112252507285	1048.219623323712
-161.4027892703182	216.0436678166109	1048.087995339016
-161.1127115444597	215.954071662269	1048.386505562736
-160.8782701559665	215.4837125733172	1049.219033898237
-160.8903970027141	216.0724320387126	1048.046880312623
-160.9707500071216	215.6747634198137	1048.784914407193
-161.0488932491068	216.2892345638317	1047.535780043097
-160.8921257887481	215.9424663984052	1048.326395862954
-161.0005408131451	215.9689670438492	1048.208194212419
-160.8351971053457	215.9936325477521	1048.238846581144
-160.7413725758173	215.8653594594327	1048.432891413142
-160.7593497481296	216.2654899189864	1047.78004146011
-161.0139550991521	215.6834130308618	1048.769646623614
-160.6640777553495	215.9644631321528	1048.268359676802
-160.8478477655692	216.0781612216693	1048.073574144572
-160.8482863710226	216.132759948204	1047.989857777071
-160.8948620882216	215.8797974284995	1048.423332750742
-160.7831878132782	215.9991181876443	1048.271590463865
-160.7818265465928	216.1836480038324	1047.90813233759
-160.903645834445	215.8709816292098	1048.456759897846
-160.9134146503281	215.8980714899353	1048.394958341924
-161.0669305139948	215.8688150895159	1048.380563207032
-160.9571866628825	215.9603517398715	1048.223873687297
-160.928272064115	215.8952721456439	1048.385751186348
-160.8261263033067	215.9934756320951	1048.24469746185
-160.813693756679	215.8293011274936	1048.609337730637
-161.0281877828655	216.2084103984008	1047.854225108968
-161.0356245446018	215.9932407368155	1048.261141978525
-160.9474621463886	215.689531375192	1048.753122308477
-160.9058986246428	215.780762968993	1048.619710888328
-160.9540838287502	215.494601948829	1049.177619339131
-160.8509116171209	215.9647222353258	1048.284146952435
-160.7505611445884	216.0780216192747	1047.999134774856
-160.9686834219824	215.66872701426	1048.779179269509
-160.9168772022207	215.6741097469928	1048.811762480248
-160.9273276203712	215.8651967942223	1048.449581478822
-160.6474056701518	215.756690739952	1048.696708901757
-160.9258651527128	215.6742197487573	1048.805992018946
-160.8351971053457	215.9936325477521	1048.238846581144
-160.9447447049761	215.5432299183121	1049.094038763049
-160.904246909784	215.7747883840734	1048.613799562113
-160.920617304243	215.6629313510456	1048.831061146095
-160.9168772022207	215.6741097469928	1048.811762480248
-160.8079636549822	215.9703477555545	1048.311079980021
-160.8488398747393	215.8935026283255	1048.43669459335
-160.8509116171209	215.9647222353258	1048.284146952435
-160.8247106539766	216.1780207702001	1047.881200837758
-160.9110446591524	215.5442737473464	1049.122189536149
-160.759133892136	215.4487016943785	1049.215778388889
-161.218330245328	216.4885201216207	1047.295842997363
-160.8841679573966	215.890241806311	1048.410221044458
-160.6877952215823	215.8650006027633	1048.459101281861
-160.9060236561933	216.0012616591555	1048.200788103356
-160.8691901758985	216.0883827362416	1048.05867084229
-160.7084503988494	216.0839824043568	1048.025260896679
-160.7480389100541	216.4016278036394	1047.499514859718
-160.802944617714	216.001576497726	1048.266687387216
-161.0160049603996	216.1413534532204	1047.902574421229
-161.0842569217468	216.0768252018206	1047.950410730716
-161.2110721607115	215.8772268437994	1048.298184847616
-161.0257499953891	215.8960177141658	1048.339454622746
-160.9006376635547	216.1773482833992	1047.856701919062
-160.9670843691065	215.9763066722104	1048.237490548232
-160.8235010998311	215.9703883417367	1048.194980611599
-161.0173626228415	216.1802574987129	1047.785774757218
-160.6649085973595	216.0191315976247	1048.184724303276
-161.0739978519144	215.9838297459328	1048.156347505735
-160.9323614349758	216.1399068959929	1047.942948623336
-160.9014210825655	216.2534211325848	1047.733076304477
-161.0016449939707	215.9748002891885	1048.214827930148
-160.6756984334171	215.8773063584029	1048.465657418425
-160.8018065158736	216.1860444786529	1047.903226044213
-161.1862724844499	215.9394073273911	1048.238545675433
-160.8740038952571	215.6642220637405	1048.779021755199
-161.0323152851823	216.0324077917436	1048.086466123747
-160.9145888964709	215.8042033822537	1048.535995611871
-161.1228885264594	215.7736665175321	1048.500061166949
-161.0520459201224	215.6173054239647	1048.806811991108
-161.0771461168108	215.2083383757978	1049.600251011695
-160.8985789003524	215.5056859703425	1049.016002017988
-161.0520459201224	215.6173054239647	1048.806811991108
-160.8159648104213	215.6829684947108	1048.751238135789
-161.1655725802871	215.518829801887	1049.036752266632
-161.1517697991582	215.5423691068884	1048.951351201555
-161.0385265912864	215.6171392837145	1048.815917037119
-161.013080093326	215.7964188232092	1048.547037349972
-161.1544262082564	215.5193377565022	1049.043963453966
-161.0096682696227	215.7175187534787	1048.691061859638
-161.1381202170507	215.5232074060453	1049.053720137394
-160.9936431194791	215.2510327651661	1049.47662469553
-160.6886072769989	215.2483453615954	1049.536516240446
-161.0279073821593	215.6176702807052	1048.822951133424
-161.3431881405016	215.195988752723	1049.55983342684
-160.8200238005109	215.430580330219	1049.181852131578
-161.1009452003495	215.5962882949252	1048.903862347864
-161.2853153593465	215.3462765348756	1049.310042592422
-160.9774034237426	215.2549405497622	1049.486247860036
-161.0279073821593	215.6176702807052	1048.822951133424
-161.1580782540964	215.5980602417178	1048.90066340522
-161.1120313731921	215.5958037915954	1048.896633367255
-160.9043875969263	215.5842087698602	1048.907146880825
-161.0115338873845	215.6215778333246	1048.832654922428
-160.8880561017158	215.5063414985682	1049.022784313235
-161.0472861292493	215.616668140832	1048.806410657261
-160.8880561017158	215.5063414985682	1049.022784313235
-160.8496774404784	215.4495031189225	1049.124602430952
-160.9993506635252	215.4318500280974	1049.158355894928
-161.0650482760539	215.5444845295862	1048.973063039159
-160.8356677754965	215.4498799230457	1049.133816510798
-161.0851850737834	215.619354448552	1048.819892629275
-161.013080093326	215.7964188232092	1048.547037349972
-161.0042361259439	215.250279579592	1049.469972230314
-161.1317773095969	215.1539017965914	1049.640332271717
-161.0345281270308	215.6989894870526	1048.673291920751
-161.0164213439677	215.2695666423008	1049.435546306253
-161.1163850718005	215.1764687263052	1049.603741526207
-161.0428477320496	215.3072069355923	1049.368284631966
-161.0115338873845	215.6215778333246	1048.832654922428
-160.8717477040917	215.510253043313	1049.032432833028
-161.0385265912864	215.6171392837145	1048.815917037119
-161.0206674133966	215.7170619651569	1048.683819899835
-161.1687318000111	215.5775390833473	1048.942465334771
-161.1722414289725	215.4192467967412	1049.175742057258
-161.0279073821593	215.6176702807052	1048.822951133424
-160.6382449276402	215.5152393459258	1049.052065545054
-161.0483199815804	215.3632457248997	1049.343523491473
-161.0791633354519	215.6227683367226	1048.822656925398
-161.2534591194101	215.4003301551101	1049.205567379874
-161.013080093326	215.7964188232092	1048.547037349972
-160.8696808623182	215.6059179576047	1048.891740473607
-161.021957598106	215.6210479534837	1048.825761374216
-161.046684037551	215.1740473495731	1049.616063089558
-160.939494290711	215.7984561210056	1048.560085062883
-161.1992040514199	215.3947736792559	1049.20780903769
-160.9668119465916	215.7941421203639	1048.543064676463
-161.0957586402242	215.6188561361607	1048.812804404595
-160.8436381546056	215.4527208876234	1049.127679840557
-161.0697754364727	215.2827083744029	1049.400357148817
-161.0239730161683	215.7960179531702	1048.53972337135
-161.0243215093898	215.3602488072245	1049.249592355536
-161.0851850737834	215.619354448552	1048.819892629275
-161.0687850139697	215.6232657913459	1048.829604093658
-161.013080093326	215.7964188232092	1048.547037349972
-160.9252519002934	215.1852365126482	1049.570107002237
-160.939494290711	215.7984561210056	1048.560085062883
-161.1009452003495	215.5962882949252	1048.903862347864
-161.1009452003495	215.5962882949252	1048.903862347864
-160.9033183804469	215.4806993040666	1049.087534433521
-161.0206674133966	215.7170619651569	1048.683819899835
-161.1101267743914	215.5013960513725	1049.032816926808
-161.2294450093879	215.4208598130909	1049.172770575427
-160.9668119465916	215.7941421203639	1048.543064676463
-161.1506973046966	215.6167304993224	1048.785408675692
-160.9558733304256	215.7945755212766	1048.550324461534
-161.0239730161683	215.7960179531702	1048.53972337135
-161.1006460739997	215.3097877198362	1049.36367999113
-161.056479156574	215.3070884014658	1049.359621033546
-161.1492769606485	215.5417158153797	1048.953266896228
-161.0279073821593	215.6176702807052	1048.822951133424
-161.1559188407443	215.4231464441123	1049.185443970302
-161.0107019992732	215.7925188290273	1048.522870988063
-161.0279073821593	215.6176702807052	1048.822951133424
-160.9558733304256	215.7945755212766	1048.550324461534
-160.9459704911451	215.5089591535702	1049.018145000803
-161.0920796008639	215.5400255371917	1048.956344724302
-161.1580782540964	215.5980602417178	1048.90066340522
-160.8110977508227	215.7843999546329	1048.610844239431
-160.7773452616192	215.6259451581073	1048.853735233552
-161.185087910561	215.5736628559961	1048.932696763938
-161.1386428051907	215.5422378236159	1048.960336951185
-160.8717477040917	215.510253043313	1049.032432833028
-161.021957598106	215.6210479534837	1048.825761374216
-160.9833174070489	215.693830195794	1048.67365585416
-160.7996510596382	215.6868532857376	1048.76094277765
-161.2197512764234	215.345556187978	1049.318371698535
-160.9399194481671	215.5122543259731	1049.021102001222
-161.2501187023296	215.3417010266409	1049.299503819632
-160.8206363493316	215.261620040763	1049.433417401585
-161.0023103890832	215.4912622005573	1049.109165592834
-160.9962045518463	215.7239877299036	1048.698158318257
-160.9936431194791	215.2510327651661	1049.47662469553
-161.0385265912864	215.6171392837145	1048.815917037119
-161.0279073821593	215.6176702807052	1048.822951133424
-160.8647191592188	215.1395937924591	1049.667198362885
-160.6489153281806	215.5145110020257	1049.045409939612
-161.1693772402994	215.4231365613819	1049.176564420495
-161.1559188407443	215.4231464441123	1049.185443970302
-160.9220476838282	215.427606908326	1049.206504137774
-160.8366453013668	215.6295033100883	1048.847479381956
-161.1722414289725	215.4192467967412	1049.175742057258
-160.774151672717	215.2610072549946	1049.455538837978
-160.774151672717	215.2610072549946	1049.455538837978
-161.0159193580179	215.3118182465165	1049.384682425467
-161.0206674133966	215.7170619651569	1048.683819899835
-161.0687850139697	215.6232657913459	1048.829604093658
-161.2933715831247	215.3432773668896	1049.305540460649
-161.225421231077	215.342264688442	1049.315515948455
-160.780363185687	215.3420716145899	1049.308789919977
-160.8268083438084	215.682410124372	1048.744232157056
-161.2237574050346	215.3942889669349	1049.191706958553
-160.7996510596382	215.6868532857376	1048.76094277765
-160.9110163379734	215.4335059703903	1049.181839538561
-161.1222647325289	215.5461459391359	1048.970046883092
-161.209120662583	215.3461610611012	1049.325216366491
-161.0957586402242	215.6188561361607	1048.812804404595
-161.0321769361188	215.3079147257608	1049.375035417958
-160.8880561017158	215.5063414985682	1049.022784313235
-161.209120662583	215.3461610611012	1049.325216366491
-161.0920796008639	215.5400255371917	1048.956344724302
-161.0687850139697	215.6232657913459	1048.829604093658
-160.9936431194791	215.2510327651661	1049.47662469553
-160.8336657222108	215.2649347666431	1049.448686896608
-161.0527687166344	215.2542232537414	1049.470957501433
-160.9445599321462	215.488552303037	1049.113938663061
-160.7208163295108	215.3381176831159	1049.315680526885
-161.1386428051907	215.5422378236159	1048.960336951185
-160.9558733304256	215.7945755212766	1048.550324461534
-160.8496774404784	215.4495031189225	1049.124602430952
-161.1830084330636	215.418663971684	1049.168739415867
-160.9753892932696	215.3506514154695	1049.346269449944
-160.9694881926681	215.7948426043953	1048.541046139397
-161.0755322470175	215.5439311536998	1048.966187348763
-161.0519993534532	215.6194025608153	1048.815308407684
-161.0115338873845	215.6215778333246	1048.832654922428
-160.9354122119123	215.5576598318928	1048.995456440973
-160.9202456166998	215.0630168760665	1049.804886147228
-161.0321769361188	215.3079147257608	1049.375035417958
-160.9894162556434	215.7771702608934	1048.596300896325
-161.2028698185102	215.0846232152477	1049.75861030374
-161.0755322470175	215.5439311536998	1048.966187348763
-161.2401663521673	215.4203096371548	1049.165714050281
-161.021957598106	215.6210479534837	1048.825761374216
-160.939494290711	215.7984561210056	1048.560085062883
-161.2362485019679	215.3416581230187	1049.30853133925
-160.8820760726302	215.5095997030644	1049.025788567197
-161.0279073821593	215.6176702807052	1048.822951133424
-160.9993506635252	215.4318500280974	1049.158355894928
-160.9329617037531	215.4269511437406	1049.199628624459
-160.8601223561346	215.4488024415629	1049.117918281705
-160.9608227747437	215.4846753749826	1049.104235914901
-161.1389425275949	215.3115084314603	1049.346334000968
-160.9137440700869	215.1443199281453	1049.66686553176
-160.8268083438084	215.682410124372	1048.744232157056
-161.0036399800304	215.4010202653232	1049.211443057774
-161.0428477320496	215.3072069355923	1049.368284631966
-161.3054912272591	215.3976073087101	1049.180246831805
-160.8810869818464	215.1159110819766	1049.705729317483
-160.8496774404784	215.4495031189225	1049.124602430952
-160.7881114253808	215.6253411810867	1048.846828688126
-160.8880561017158	215.5063414985682	1049.022784313235
-160.9426799402638	215.504102229947	1048.995812470038
-160.8915902348922	215.1150396749282	1049.699309293999
-160.8879091502574	215.4511423429497	1049.107386830628
-160.9202653979884	215.4349275984252	1049.181578520521
-161.0851850737834	215.619354448552	1048.819892629275
-160.92419677382	215.1434773912304	1049.660403786851
-161.0710926974196	215.7550876441107	1048.668902078586
-161.0841666503834	215.313697301862	1049.373473072878
-160.6382449276402	215.5152393459258	1049.052065545054
-160.7104686149573	215.3389424102707	1049.322115461508
-160.7104686149573	215.3389424102707	1049.322115461508
-160.9109326124552	215.8707675466188	1048.400582494207
-161.225421231077	215.342264688442	1049.315515948455
-161.1992040514199	215.3947736792559	1049.20780903769
-160.8159648104213	215.6829684947108	1048.751238135789
-161.0311490726268	215.2257569043347	1049.502061086425
-160.7637431958785	215.2618560988503	1049.461955620424
-160.8541968752729	215.4487843048248	1049.121834407599
-160.7208163295108	215.3381176831159	1049.315680526885
-161.0920796008639	215.5400255371917	1048.956344724302
-160.9520534238265	215.4285793236886	1049.156194864621
-160.913535346264	215.371683873661	1049.258009771782
-160.7773452616192	215.6259451581073	1048.853735233552
-160.8333869579176	215.453418975796	1049.13422696187
-160.8601223561346	215.4488024415629	1049.117918281705
-160.7104686149573	215.3389424102707	1049.322115461508
-161.0279073821593	215.6176702807052	1048.822951133424
-160.8496774404784	215.4495031189225	1049.124602430952
-161.0826401791191	215.6154899849337	1048.795751851478
-160.9669150536824	215.6977414859925	1048.683363629671
-160.9558733304256	215.7945755212766	1048.550324461534
-161.0428477320496	215.3072069355923	1049.368284631966
-161.0852790548295	215.2309406472974	1049.514575092623
-161.0321769361188	215.3079147257608	1049.375035417958
-161.0279073821593	215.6176702807052	1048.822951133424
-161.0813997960756	215.5405802120696	1048.963360753058
-160.8496774404784	215.4495031189225	1049.124602430952
-160.8601223561346	215.4488024415629	1049.117918281705
-161.0385265912864	215.6171392837145	1048.815917037119
-160.8542231515978	215.1404714564891	1049.673601558648
-160.8647191592188	215.1395937924591	1049.667198362885
-160.8356677754965	215.4498799230457	1049.133816510798
-160.8601223561346	215.4488024415629	1049.117918281705
-160.7627841601429	215.6261637202917	1048.863315450769
-160.8159648104213	215.6829684947108	1048.751238135789
-160.7682424774152	215.2611077630033	1049.459249012071
-160.8542231515978	215.1404714564891	1049.673601558648
-160.8159648104213	215.6829684947108	1048.751238135789
-160.7773452616192	215.6259451581073	1048.853735233552
-160.9948505898696	215.7970455722181	1048.540116678194
-160.8880561017158	215.5063414985682	1049.022784313235
-160.8496774404784	215.4495031189225	1049.124602430952
-161.0120613816096	215.4096041062512	1049.224658524243
-161.0279073821593	215.6176702807052	1048.822951133424
-161.0123579622111	215.094387531401	1049.753301879422
-161.1390360365975	215.5714255023105	1048.928641750287
-160.6918212862751	215.4381836673751	1049.192233234378
-160.9912040022697	215.3821548629411	1049.242629180632
-161.021957598106	215.6210479534837	1048.825761374216
-160.8356677754965	215.4498799230457	1049.133816510798
-160.8584353721221	215.4489749223567	1049.11523455684
-161.0590974889279	215.2834098434835	1049.40712484226
-160.8159648104213	215.6829684947108	1048.751238135789
-161.0444305600365	215.6958743552086	1048.706344476277
-160.9109326124552	215.8707675466188	1048.400582494207
-160.8706851787931	215.6808527122256	1048.724013578031
-160.6382449276402	215.5152393459258	1049.052065545054
-161.0205488840941	215.2265037865478	1049.508730429842
-160.593496582015	215.5913565209006	1048.903091087151
-160.8398541498894	215.2575341677491	1049.456748883576
-161.0062612978396	215.2269623094983	1049.51791800058
-160.8496774404784	215.4495031189225	1049.124602430952
-160.7104686149573	215.3389424102707	1049.322115461508
-160.7898831135178	215.3185057519467	1049.391144047508
-161.0683535109665	215.6155039125776	1048.805685992716
-160.8880561017158	215.5063414985682	1049.022784313235
-160.8985789003524	215.5056859703425	1049.016002017988
-160.7773452616192	215.6259451581073	1048.853735233552
-161.044679681108	215.2837917948607	1049.416475092706
-161.0957586402242	215.6188561361607	1048.812804404595
-161.0279073821593	215.6176702807052	1048.822951133424
-160.8086555410428	215.21863746831	1049.521750935353
-160.9947184743128	215.7174885330815	1048.701197822325
-160.9410324537857	215.7945042544303	1048.560490952912
-160.6966129278931	215.3395306413839	1049.330915201691
-161.0406485787156	215.6955370623036	1048.670560347254
-160.6382449276402	215.5152393459258	1049.052065545054
-160.7773452616192	215.6259451581073	1048.853735233552
-160.8172973550998	215.5448798532748	1048.941245068746
-160.5564013647223	215.6226315002401	1048.895649450961
-161.0548250147411	215.6745668860127	1048.750776380087
-161.2110258189484	215.4739380007312	1049.05376464198
-161.1696771435032	215.6354646791214	1048.865063012094
-160.8174730473426	215.6239427950414	1048.836328573817
-160.5792141380633	215.5917255580239	1048.912316789253
-161.1992040514199	215.3947736792559	1049.20780903769
-160.8963524285503	215.4842077442214	1049.086793487408
-160.893480642635	215.9012707599414	1048.380235644579
-160.9605041345956	215.7939150667923	1048.547421736824
-160.7773452616192	215.6259451581073	1048.853735233552
-161.0608217724566	215.2246184419044	1049.491181935603
-160.809635069817	215.2924254825939	1049.436385608047
-160.9605041345956	215.7939150667923	1048.547421736824
-160.7325338695868	215.7020979300654	1048.704449103229
-160.6382449276402	215.5152393459258	1049.052065545054
-160.9958676345901	215.7923727810737	1048.533177754463
-160.9355595748603	214.858580897122	1050.114055544758
-160.8436381546056	215.4527208876234	1049.127679840557
-160.8009724323092	215.5487979913893	1048.950881350495
-160.7627841601429	215.6261637202917	1048.863315450769
-160.7879136692015	215.2965421739124	1049.444656272755
-161.0177711503936	215.3083074040952	1049.384357275078
-161.013080093326	215.7964188232092	1048.547037349972
-160.8012741910153	215.6831101710082	1048.760982786853
-160.7773452616192	215.6259451581073	1048.853735233552
-160.6238353302874	215.515669847357	1049.061228587573
-161.013080093326	215.7964188232092	1048.547037349972
-160.7353221588842	215.4918944547735	1049.029313177113
-160.7913333814662	215.525937091883	1048.985039329637
-160.9133977022357	215.2235644951289	1049.571438252347
-161.0402588369896	215.3845449290084	1049.273931485756
-161.1559188407443	215.4231464441123	1049.185443970302
-161.0554687801521	215.6003976658564	1048.877440071442
-161.0813997960756	215.5405802120696	1048.963360753058
-160.9933112394209	215.7213961871439	1048.700820794716
-160.9399194481671	215.5122543259731	1049.021102001222
-160.8738132889049	215.6857452803629	1048.746365655184
-161.1584891964103	215.4255648296816	1049.1830969446
-160.9670944136493	215.7812587238388	1048.614605802747
-160.8717477040917	215.510253043313	1049.032432833028
-161.0851850737834	215.619354448552	1048.819892629275
-160.9833174070489	215.693830195794	1048.67365585416
-160.9938664031306	215.6933342465838	1048.666584748833
-161.3840295307367	215.2014131042615	1049.566666345848
-160.6918212862751	215.4381836673751	1049.192233234378
-161.013080093326	215.7964188232092	1048.547037349972
-161.0982094967848	215.619524488782	1048.810878191844
-161.0851850737834	215.619354448552	1048.819892629275
-161.1386428051907	215.5422378236159	1048.960336951185
-161.3416487632109	215.1588459405783	1049.635541724856
-161.0687850139697	215.6232657913459	1048.829604093658
-160.8601223561346	215.4488024415629	1049.117918281705
-161.027927472351	215.7575628541873	1048.644203901213
-160.8496774404784	215.4495031189225	1049.124602430952
-160.913535346264	215.371683873661	1049.258009771782
-161.0630254883959	215.6039338485805	1048.87110069093
-161.1664895206682	215.4225651289515	1049.178581479687
-161.1222647325289	215.5461459391359	1048.970046883092
-160.9010219621951	215.5062593071131	1049.014245415831
-161.146299736471	215.5457578035079	1048.953978314572
-161.1507528448167	215.476274984418	1049.057510241646
-161.1386428051907	215.5422378236159	1048.960336951185
-161.2609780815038	215.3282974971625	1049.363601138446
-161.2364890402849	215.3288676580112	1049.379517341589
-161.0690434550252	215.2348408460383	1049.524220758163
-161.1560534913435	215.5258405552379	1049.041595494856
-161.0844522061209	215.6763213589293	1048.784438781327
-161.3071620545441	215.3433733478471	1049.296428677536
-161.3961284605849	215.2993942251286	1049.413607173474
-161.0546292315202	215.7759376504005	1048.588576067387
-161.2768480803524	215.3471789939548	1049.315388899024
-161.0420809292148	215.568813064266	1049.005984333227
-161.1222647325289	215.5461459391359	1048.970046883092
-161.0355313517365	215.6211663398715	1048.816678077078
-161.1628189603011	215.5418965183864	1048.94410553582
-161.1833438509531	215.4058562573935	1049.239801222603
-161.2104131784685	215.4013874879357	1049.223072021727
-161.132703307695	215.5456249706805	1048.963117673802
-161.1386428051907	215.5422378236159	1048.960336951185
-160.973324584116	215.5884375695674	1048.963453035697
-160.9756230901973	215.4746754176383	1049.164211658965
-161.2118015869962	215.3485405919853	1049.322895300692
-161.0791633354519	215.6227683367226	1048.822656925398
-161.2609780815038	215.3282974971625	1049.363601138446
-161.1580782540964	215.5980602417178	1048.90066340522
-160.9236748301169	215.4932457861698	1049.069743693715
-161.0208545096407	215.7041949327238	1048.755285393348
-161.2155741718352	215.4272344787356	1049.18005769755
-161.0519749294824	215.7192483885571	1048.698037199792
-161.1088986063539	215.5297780930242	1049.015848169398
-160.8908896909293	215.4532195607219	1049.193779459715
-161.1628189603011	215.5418965183864	1048.94410553582
-161.0814776758189	215.5470052022872	1048.961495743032
-161.1250052586275	215.6949134596985	1048.719439780903
-161.1147096889388	215.7021586062974	1048.724105668432
-161.2533539602544	215.3312661779407	1049.367965301959
-160.9751768321583	215.5911143819892	1048.923830667456
-161.1743581237243	215.5340439145754	1048.985388190137
-160.9698368739091	215.7839121751225	1048.611878687101
-161.2296576809451	215.4272971487719	1049.170793405999
-161.2296576809451	215.4272971487719	1049.170793405999
-161.1088986063539	215.5297780930242	1049.015848169398
-161.1151515045862	215.4260591210636	1049.151927219376
-161.1833438509531	215.4058562573935	1049.239801222603
-161.0457735895553	215.7040090628997	1048.738715147332
-161.0510129986071	215.1049898177846	1049.780999107014
-161.1147096889388	215.7021586062974	1048.724105668432
-161.0908017568834	215.4329158683977	1049.166147881573
-161.1137214107129	215.2205185533774	1049.565929530462
-161.3021245115115	215.3304958965962	1049.339728856785
-161.2830367852736	215.3502079649204	1049.310654407443
-161.2906913584501	215.3472276790136	1049.306298633636
-161.2718675191904	215.3507318612604	1049.317802322241
-161.2609780815038	215.3282974971625	1049.363601138446
-161.0677036894209	215.7261222538855	1048.685200098758
-161.23769921259	215.4816278153845	1049.130419532519
-161.0738628173978	215.6834726468511	1048.789259654532
-161.085145498471	215.6830923043929	1048.781873691645
-161.2609780815038	215.3282974971625	1049.363601138446
-161.0611189990501	215.4139524555231	1049.223509494703
-161.0651683823693	215.1648635112957	1049.673239544737
-161.1174772866549	215.6605239611892	1048.82782851275
-161.1322360488888	215.5904385991327	1048.902341428734
-161.0214499318185	215.8595846449693	1048.500350088658
-161.0561564933636	215.2178822205655	1049.570577705554
-161.1689368378339	215.5702170176856	1049.006410863549
-161.0853472366008	215.4299169392422	1049.170625456562
-161.1433757095032	215.2394371644519	1049.508807311895
-161.2533539602544	215.3312661779407	1049.367965301959
-161.146299736471	215.5457578035079	1048.953978314572
-161.1088986063539	215.5297780930242	1049.015848169398
-161.2609780815038	215.3282974971625	1049.363601138446
-161.2609780815038	215.3282974971625	1049.363601138446
-161.2533539602544	215.3312661779407	1049.367965301959
-161.2911640178054	215.3280003055521	1049.344288670502
-161.2533539602544	215.3312661779407	1049.367965301959
-161.0882671804694	215.3166092995352	1049.370290706258
-161.2609780815038	215.3282974971625	1049.363601138446
-161.2533539602544	215.3312661779407	1049.367965301959
-160.9772169789676	215.4160941939034	1049.209908572793
-161.2609780815038	215.3282974971625	1049.363601138446
-161.0457735895553	215.7040090628997	1048.738715147332
-160.9454558175059	215.5151950195303	1049.016743470712
-161.097979197914	215.3706650650155	1049.329329450418
-161.1433757095032	215.2394371644519	1049.508807311895
-161.3638792895783	214.9936542917811	1049.962948696776
-161.0494037266922	215.2982197189956	1049.433276920408
-161.2724316327856	215.3115569095941	1049.397026871762
-161.2609780815038	215.3282974971625	1049.363601138446
-161.2373632534434	215.4243014770481	1049.166445770292
-161.0555944315942	215.410994094223	1049.227934830121
-161.2696872852393	215.3274138490717	1049.358137119148
-161.2673531254958	215.5006305397854	1049.072878201166
-161.2696872852393	215.3274138490717	1049.358137119148
-161.0841592253832	215.5302181540508	1049.032113377902
-161.1354981434203	215.5462348546828	1048.961062082915
-161.1252802922515	215.5259188553547	1049.006017138425
-161.1331420707178	215.5229160936095	1049.001634577384
-161.0630254883959	215.6039338485805	1048.87110069093
-161.2236211500515	215.4242143486248	1049.175564223481
-161.0217564988909	215.5076708394971	1049.037130656321
-160.9383582164838	215.4330049958047	1049.164094308803
-161.1760515500304	215.3084156598181	1049.382839719823
-161.475289205738	215.1138314612005	1049.723009915126
-161.1339447457084	215.5038300515134	1049.094835624729
-161.1257117734962	215.6910470708899	1048.825930817902
-160.9936868872649	215.2568438715478	1049.475732372708
-161.2906913584501	215.3472276790136	1049.306298633636
-160.9966745329217	215.8003031250842	1048.556805775593
-161.2531339054738	215.5004120376791	1049.082330995192
-161.146299736471	215.5457578035079	1048.953978314572
-161.2373632534434	215.4243014770481	1049.166445770292
-161.1262165244106	215.4042358478384	1049.242745040158
-161.2561681515224	215.501050032692	1049.080164675153
-161.0358265593482	215.1980013389454	1049.580042995474
-160.9920041767909	215.4887425106473	1049.094502595791
-161.0795789945128	215.2341119134185	1049.517625437156
-161.2506011415939	215.3997344767726	1049.207624758202
-161.2768480803524	215.3471789939548	1049.315388899024
-161.1397143589969	215.4041971899125	1049.233909083112
-161.124585541012	215.5486638963733	1048.96760454619
-161.2906913584501	215.3472276790136	1049.306298633636
-161.1322997136027	215.2400861211941	1049.515703491122
-161.2662093359596	215.3249871585301	1049.360925804402
-161.266262880745	215.3477514951198	1049.322286843825
-160.9556336087214	215.4191523352887	1049.223198127004
-161.2527936102532	215.3249700640094	1049.369817515074
-161.0909622977109	215.2873832054512	1049.442892530564
-161.2825899801919	215.3438513015064	1049.312578851562
-161.2579628953077	215.3507377368444	1049.326911990642
-160.9066812934496	215.2606354163067	1049.473225398693
-160.9933818865342	215.4351182445949	1049.161329483374
-161.0098897146979	215.4312041494554	1049.15153600739
-161.0687850139697	215.6232657913459	1048.829604093658
-161.0355343902354	215.3790883197914	1049.2799014369
-161.0666741060105	215.586084632095	1048.932964230755
-161.2401663521673	215.4203096371548	1049.165714050281
-161.0265570647778	215.3570545944761	1049.344736479649
-160.8659204208482	215.6614858299429	1048.787612251419
-160.8140284176574	215.4337778613112	1049.184949735841
-160.7705465944122	215.4921397079198	1049.108644568351
-161.3194331191189	215.3200293711799	1049.335379514424
-161.386785141752	215.2038079166393	1049.564265969489
-161.0829763844839	215.4098115855859	1049.23234489748
-161.2609780815038	215.3282974971625	1049.363601138446
-161.1195601254667	215.5227643250392	1049.010751951719
-160.9155310103609	215.3006117340074	1049.425252782532
-161.0143789380777	215.7572968652072	1048.653532646383
-161.1368085258639	215.4036369718972	1049.235910835154
-161.0663133089159	215.2113299228227	1049.564899588542
-161.2538549709478	215.4204443228446	1049.156573837594
-161.1262165244106	215.4042358478384	1049.242745040158
-161.2282192503722	215.3318424806874	1049.384150412503
-161.1331420707178	215.5229160936095	1049.001634577384
-161.1969416752548	215.5340418572608	1049.031805144614
-161.0851850737834	215.619354448552	1048.819892629275
-161.1030089540743	215.5266710280389	1049.020594222289
-160.9933818865342	215.4351182445949	1049.161329483374
-161.0098897146979	215.4312041494554	1049.15153600739
-161.2470955018024	215.3282775609074	1049.37264773006
-161.1303510848514	215.5452672114045	1048.964865864711
-161.2470955018024	215.3282775609074	1049.37264773006
-161.0213706120662	215.8002243104422	1048.540117810734
-161.0888328611356	215.120936650529	1049.719445919072
-161.0851850737834	215.619354448552	1048.819892629275
-161.2527936102532	215.3249700640094	1049.369817515074
-160.9155310103609	215.3006117340074	1049.425252782532
-161.0685333160622	215.6005386833796	1048.868469635505
-161.2212234972206	215.4238704977957	1049.177306208142
-161.2130958778006	215.4247632736864	1049.182480091968
-161.2236211500515	215.4242143486248	1049.175564223481
-161.1996704429737	215.401955394205	1049.230099884156
-161.0439670201018	215.8019997165921	1048.541166792528
-161.1222647325289	215.5461459391359	1048.970046883092
-161.0390912794983	215.6043064181403	1048.887143330378
-161.0986575940544	215.4299326895708	1049.161751497764
-161.2527936102532	215.3249700640094	1049.369817515074
-161.2294450093879	215.4208598130909	1049.172770575427
-161.2158006555162	215.2085611634443	1049.569774378699
-161.2236211500515	215.4242143486248	1049.175564223481
-161.132703307695	215.5456249706805	1048.963117673802
-161.049491084281	215.6037913906509	1048.880224545862
-160.9863585317107	215.780024929399	1048.601975530819
-161.1222647325289	215.5461459391359	1048.970046883092
-161.05045696674	215.7232165405359	1048.697576661724
-161.1938904489172	215.4052897425768	1049.232913703151
-161.0791633354519	215.6227683367226	1048.822656925398
-160.9902754183655	215.5004563085565	1049.02544672376
-161.2933715831247	215.3432773668896	1049.305540460649
-161.1657083329139	215.3090386371533	1049.389585079345
-161.0777939495312	215.718911121585	1048.680513881558
-161.1722414289725	215.4192467967412	1049.175742057258
-161.0372154869398	215.7003163277446	1048.745526985725
-161.0390912794983	215.6043064181403	1048.887143330378
-161.1425166019446	215.400338788681	1049.23305128707
-161.0851850737834	215.619354448552	1048.819892629275
-161.0957586402242	215.6188561361607	1048.812804404595
-160.9459704911451	215.5089591535702	1049.018145000803
-161.1222647325289	215.5461459391359	1048.970046883092
-161.049491084281	215.6037913906509	1048.880224545862
-161.1691187160185	215.5976082340926	1048.893380476714
-161.0957586402242	215.6188561361607	1048.812804404595
-161.0295468252101	215.486805044615	1049.092424041536
-161.0851850737834	215.619354448552	1048.819892629275
-161.3297338816951	215.3749396864209	1049.285555164377
-161.1430566302099	215.5980221479644	1048.910867829415
-161.2149711551107	215.42098245221	1049.182602144372
-160.8738132889049	215.6857452803629	1048.746365655184
-160.9818898891662	215.6026149407134	1048.890173944046
-161.185087910561	215.5736628559961	1048.932696763938
-160.7815430191877	215.7055321353168	1048.768294847421
-160.9812773498402	215.4310940341198	1049.200343797638
-161.0616501203305	215.4076899949219	1049.225008931796
-160.977810985525	215.7808402803147	1048.607463686582
-161.266262880745	215.3477514951198	1049.322286843825
-161.0957586402242	215.6188561361607	1048.812804404595
-161.0791633354519	215.6227683367226	1048.822656925398
-161.1580782540964	215.5980602417178	1048.90066340522
-161.2102389967874	215.3813806648729	1049.271866428808
-161.2933715831247	215.3432773668896	1049.305540460649
-161.2768480803524	215.3471789939548	1049.315388899024
-161.0187708730133	215.484232402497	1049.07795696672
-161.1580782540964	215.5980602417178	1048.90066340522
-161.3819852836866	215.2992696821612	1049.422871712025
-160.9599098098998	215.402516569781	1049.231676377258
-161.1220187755808	215.2069415513589	1049.537699733248
-161.0186000219881	215.4873816173398	1049.099454774456
-161.2527936102532	215.3249700640094	1049.369817515074
-161.2399673190926	215.4775603186895	1049.129932704501
-161.3409282967125	215.3744428498738	1049.278285980497
-161.007369526402	215.7999021358538	1048.549635228267
-161.013080093326	215.7964188232092	1048.547037349972
-161.0279073821593	215.6176702807052	1048.822951133424
-161.0385265912864	215.6171392837145	1048.815917037119
-160.9224144455856	215.4096475683397	1049.213469228362
-161.2079144441305	215.4789478694888	1049.128102379196
-161.2115245843409	215.5210831958012	1049.040799376963
-161.0668405052849	215.7193353968653	1048.687809932284
-161.0436117619994	215.4868931970839	1049.083323609193
-161.1120313731921	215.5958037915954	1048.896633367255
-161.0239730161683	215.7960179531702	1048.53972337135
-161.1386428051907	215.5422378236159	1048.960336951185
-161.0554687801521	215.6003976658564	1048.877440071442
-161.0031667780722	215.7706329316053	1048.589244493102
-161.0565217931764	215.4623824530682	1049.124462867394
-161.0554687801521	215.6003976658564	1048.877440071442
-161.0554687801521	215.6003976658564	1048.877440071442
-161.3375625145538	215.280952227511	1049.412483713135
-161.2236211500515	215.4242143486248	1049.175564223481
-161.0900197025843	215.3104620269099	1049.370486305734
-161.013080093326	215.7964188232092	1048.547037349972
-161.1722414289725	215.4192467967412	1049.175742057258
-161.2606526566928	215.0870879184296	1049.754158440194
-161.013080093326	215.7964188232092	1048.547037349972
-161.0385265912864	215.6171392837145	1048.815917037119
-161.05045696674	215.7232165405359	1048.697576661724
-161.1722414289725	215.4192467967412	1049.175742057258
-161.4003291024387	215.197517990844	1049.556956292233
-161.1120125041044	215.6763622897587	1048.747539192596
-161.1482923368158	215.5582426249578	1048.989504523595
-161.180148985034	215.5249579082887	1049.060620812126
-161.0527687166344	215.2542232537414	1049.470957501433
-161.132703307695	215.5456249706805	1048.963117673802
-161.0920796008639	215.5400255371917	1048.956344724302
-160.7043978963588	215.3420410240586	1049.325385416329
-161.1275858931594	215.2852768367359	1049.395760122784
-161.0096682696227	215.7175187534787	1048.691061859638
-161.0791633354519	215.6227683367226	1048.822656925398
-160.88072391305	215.244437751897	1049.546069089635
-161.2401663521673	215.4203096371548	1049.165714050281
-161.0385265912864	215.6171392837145	1048.815917037119
-160.8574727257666	215.6896337026542	1048.756078441865
-161.185087910561	215.5736628559961	1048.932696763938
-160.8200238005109	215.430580330219	1049.181852131578
-161.0279073821593	215.6176702807052	1048.822951133424
-161.1828799014957	215.3986729721692	1049.21751342774
-161.3297338816951	215.3749396864209	1049.285555164377
-160.9982408537014	215.5987099694371	1048.88047834219
-160.9459704911451	215.5089591535702	1049.018145000803
-161.0777939495312	215.718911121585	1048.680513881558
-160.9459704911451	215.5089591535702	1049.018145000803
-160.9374799139221	215.5283884154571	1049.026821224212
-161.0668405052849	215.7193353968653	1048.687809932284
-161.0897464340219	215.6186765193083	1048.817031307382
-160.8309995676558	215.5488821794704	1048.994136075382
-160.8846123514897	215.6852202782693	1048.739303822568
-161.0846171545278	215.6001611496247	1048.913620689649
-160.9263203973604	215.775530261723	1048.60811228384
-161.0239730161683	215.7960179531702	1048.53972337135
-161.0443754566223	215.3886944489456	1049.218135175541
-161.2294450093879	215.4208598130909	1049.172770575427
-160.908874069302	215.4527645281339	1049.118841445122
-160.9966745329217	215.8003031250842	1048.556805775593
-161.1386428051907	215.5422378236159	1048.960336951185
-161.225421231077	215.342264688442	1049.315515948455
-160.9668119465916	215.7941421203639	1048.543064676463
-161.0920796008639	215.5400255371917	1048.956344724302
-161.013080093326	215.7964188232092	1048.547037349972
-160.9457788267151	215.5766534883902	1048.876386056546
-160.9983234278819	215.7962907397574	1048.557295315382
-161.2825899801919	215.3438513015064	1049.312578851562
-161.1722414289725	215.4192467967412	1049.175742057258
-161.0279073821593	215.6176702807052	1048.822951133424
-161.1430566302099	215.5980221479644	1048.910867829415
-161.0377150252889	215.7203854828545	1048.688173210347
-161.2825899801919	215.3438513015064	1049.312578851562
-161.0777939495312	215.718911121585	1048.680513881558
-161.0115338873845	215.6215778333246	1048.832654922428
-161.1794655864471	215.4208639565653	1049.162501989569
-161.1687318000111	215.5775390833473	1048.942465334771
-161.1722414289725	215.4192467967412	1049.175742057258
-160.9599098098998	215.402516569781	1049.231676377258
-161.013080093326	215.7964188232092	1048.547037349972
-161.085500267791	215.3411108208274	1049.334231629476
-161.2401663521673	215.4203096371548	1049.165714050281
-161.0096682696227	215.7175187534787	1048.691061859638
-161.1830084330636	215.418663971684	1049.168739415867
-161.0492834179756	215.6779947112823	1048.753415685956
-160.992335078927	215.6020675168923	1048.88330871598
-160.9993506635252	215.4318500280974	1049.158355894928
-161.0385265912864	215.6171392837145	1048.815917037119
-161.0385265912864	215.6171392837145	1048.815917037119
-161.1691187160185	215.5976082340926	1048.893380476714
-160.9933112394209	215.7213961871439	1048.700820794716
-160.8366453013668	215.6295033100883	1048.847479381956
-160.8496774404784	215.4495031189225	1049.124602430952
-161.1120503030799	215.4976097445231	1049.032915215995
-161.0096682696227	215.7175187534787	1048.691061859638
-161.1009452003495	215.5962882949252	1048.903862347864
-160.8012741910153	215.6831101710082	1048.760982786853
-161.1238139655831	215.3025089826485	1049.384672007889
-161.0205488840941	215.2265037865478	1049.508730429842
-160.9058029195381	215.4314881566353	1049.216182709601
-160.948988724531	215.4031659705987	1049.238568889066
-161.1063989301566	215.6798261056886	1048.750132718322
-161.2115245843409	215.5210831958012	1049.040799376963
-161.1830084330636	215.418663971684	1049.168739415867
-161.1544262082564	215.5193377565022	1049.043963453966
-161.1009452003495	215.5962882949252	1048.903862347864
-161.1009452003495	215.5962882949252	1048.903862347864
-160.907453655416	215.6778173040661	1048.760690629169
-161.1525127358263	215.207869545312	1049.584513813198
-161.1120125041044	215.6763622897587	1048.747539192596
-161.1780266648209	215.5772209406774	1048.931931168165
-161.3297338816951	215.3749396864209	1049.285555164377
-161.046684037551	215.1740473495731	1049.616063089558
-160.9207271546588	215.5095432691757	1049.057366934897
-161.1580782540964	215.5980602417178	1048.90066340522
-161.1259510073441	215.1570764846272	1049.643393230054
-160.5873525114062	215.3964623967304	1049.26467363906
-161.1058475266834	215.287397543508	1049.430331296513
-161.3360813058879	215.1996357764881	1049.558957661566
-161.1722414289725	215.4192467967412	1049.175742057258
-160.9947184743128	215.7174885330815	1048.701197822325
-161.1580782540964	215.5980602417178	1048.90066340522
-161.1946459300727	215.4778449476025	1049.063480604318
-161.1992040514199	215.3947736792559	1049.20780903769
-161.1009452003495	215.5962882949252	1048.903862347864
-161.0107019992732	215.7925188290273	1048.522870988063
-160.9864791977545	215.3861238293433	1049.222723979631
-161.1414446142949	215.4233234493455	1049.195070260729
-161.0096682696227	215.7175187534787	1048.691061859638
-160.9966745329217	215.8003031250842	1048.556805775593
-161.1537564971437	215.4723146002465	1049.056765479491
-161.0188584294589	215.4070326147494	1049.241268886341
-160.8496774404784	215.4495031189225	1049.124602430952
-161.4003291024387	215.197517990844	1049.556956292233
-160.8159648104213	215.6829684947108	1048.751238135789
-161.0366766606033	215.6171876961733	1048.813463620176
-161.1544262082564	215.5193377565022	1049.043963453966
-161.0096682696227	215.7175187534787	1048.691061859638
-160.9263203973604	215.775530261723	1048.60811228384
-160.9558733304256	215.7945755212766	1048.550324461534
-161.0568956558231	215.6935492582973	1048.729964063326
-161.1279428928211	215.5719035779875	1048.935887808647
-160.9921471965221	215.4304728007539	1049.193410459679
-161.0428477320496	215.3072069355923	1049.368284631966
-161.272662992763	215.3732516672781	1049.288658601537
-161.0155050666958	215.482557341527	1049.077024525961
-161.1120313731921	215.5958037915954	1048.896633367255
-161.0851850737834	215.619354448552	1048.819892629275
-160.9220476838282	215.427606908326	1049.206504137774
-160.8691076754674	215.2964237451545	1049.429414694748
-161.272662992763	215.3732516672781	1049.288658601537
-161.064479052565	215.7154603256363	1048.663617724157
-160.8205669710612	215.6822825836216	1048.748394213133
-160.9271047166685	215.4070544629512	1049.247290536699
-160.9207271546588	215.5095432691757	1049.057366934897
-160.9458668407073	215.4849077610585	1049.113927254286
-161.0527687166344	215.2542232537414	1049.470957501433
-161.1009452003495	215.5962882949252	1048.903862347864
-160.999161360192	215.4080056885066	1049.253763405249
-161.0858393388796	215.5963069629755	1048.913975702788
-161.2269362191147	215.4170641640598	1049.1485561587
-161.0239730161683	215.7960179531702	1048.53972337135
-161.0444305600365	215.6958743552086	1048.706344476277
-161.0957586402242	215.6188561361607	1048.812804404595
-161.3283537503179	215.1962490858196	1049.56954855787
-161.0096682696227	215.7175187534787	1048.691061859638
-161.1033539570658	215.7272924017126	1048.698408132356
-161.0965825895227	215.57578201511	1048.955674060748
-161.1576834152734	215.4194264806187	1049.185482634355
-161.3366893488399	215.2734456430395	1049.388394700935
-161.013080093326	215.7964188232092	1048.547037349972
-161.2258110574174	215.452795654251	1049.134053246912
-161.2149711551107	215.42098245221	1049.182602144372
-161.3431881405016	215.195988752723	1049.55983342684
-161.0573374092382	215.1732701551105	1049.609428728819
-160.9901018720511	215.2308656009695	1049.527432662052
-160.7368118136701	215.3950998249146	1049.251994030403
-160.907221112651	215.4279166161359	1049.216030709241
-160.9341502767239	215.4034648796119	1049.248124010116
-160.9877785401038	215.4602586650911	1049.136284142709
-161.1279428928211	215.5719035779875	1048.935887808647
-160.6382449276402	215.5152393459258	1049.052065545054
-161.1217192355952	215.5384535454111	1048.9460737449
-161.0385265912864	215.6171392837145	1048.815917037119
-161.0279073821593	215.6176702807052	1048.822951133424
-161.0858393388796	215.5963069629755	1048.913975702788
-161.4057918720322	215.2015330872212	1049.539662621444
-160.9220476838282	215.427606908326	1049.206504137774
-161.0833322041451	215.1499789811025	1049.63930377934
-160.9753892932696	215.3506514154695	1049.346269449944
-160.9282768345521	215.8270262373615	1048.491697835525
-160.9558733304256	215.7945755212766	1048.550324461534
-160.8722537867814	215.4680736133773	1049.083416062963
-160.8985789003524	215.5056859703425	1049.016002017988
-161.0933413358058	215.2044655272906	1049.590571695446
-161.2294450093879	215.4208598130909	1049.172770575427
-160.9177436606421	215.0625932554101	1049.806422318138
-161.2572813379651	215.3733496065478	1049.298747909358
-161.1597335714068	215.6031762967626	1048.889901558979
-160.9933112394209	215.7213961871439	1048.700820794716
-161.1279428928211	215.5719035779875	1048.935887808647
-160.7368118136701	215.3950998249146	1049.251994030403
-161.180148985034	215.5249579082887	1049.060620812126
-161.1402730962379	215.5546651846186	1049.000459963699
-161.1325970644096	215.5712354317937	1048.932987811052
-160.9010489621647	215.5518205796477	1048.980972010994
-160.7918861579366	215.7056793890242	1048.698151296796
-160.8165824441605	215.1751827000604	1049.659355347884
-161.0137143057572	215.3609148299606	1049.256396801547
-161.1544262082564	215.5193377565022	1049.043963453966
-160.9558733304256	215.7945755212766	1048.550324461534
-161.2401663521673	215.4203096371548	1049.165714050281
-161.1544262082564	215.5193377565022	1049.043963453966
-161.0957586402242	215.6188561361607	1048.812804404595
-161.1317390485	215.5761465503846	1048.952504187697
-161.394708238867	215.2008189026331	1049.559764734304
-160.8159648104213	215.6829684947108	1048.751238135789
-160.8360003064152	215.239950557968	1049.543831338044
-161.1091982710544	215.6190754331602	1048.803614562455
-160.7691751436658	215.3485890218326	1049.314798955176
-161.2797435665178	215.3477558870049	1049.313351655115
-160.9979849373175	215.4116055105807	1049.253803829533
-161.0653360051311	215.1927017720578	1049.611112221013
-161.0804780177327	215.7196172553295	1048.678474903754
-160.7710881730745	215.7591259191889	1048.601810621974
-161.2925498769707	215.4403421118272	1049.243651796431
-161.2026645603223	215.5780950394768	1048.940020280385
-161.132703307695	215.5456249706805	1048.963117673802
-161.4061588972785	215.1196638012839	1049.689823272799
-161.1084057431413	215.6988008659435	1048.729346932799
-161.0785330472805	215.7260732803532	1048.694691045027
-161.124585541012	215.5486638963733	1048.96760454619
-161.2988167597843	215.3280420547453	1049.342436740876
-160.9513497685527	215.7753687168494	1048.591468447624
-161.0512425903733	215.6969865596716	1048.732613765726
-161.1385228476345	215.5487723456452	1048.958319514105
-161.3063015707447	215.346843615379	1049.296240706055
-161.2830367852736	215.3502079649204	1049.310654407443
-161.1993231949584	215.2124719051432	1049.5795675894
-161.3208036929792	215.3469857876639	1049.286900241629
-160.9812684032902	215.7051143664949	1048.746372927246
-161.1999968811743	215.4083322047427	1049.228194969014
-161.1385228476345	215.5487723456452	1048.958319514105
-161.146299736471	215.5457578035079	1048.953978314572
-161.1433757095032	215.2394371644519	1049.508807311895
-161.23769921259	215.4816278153845	1049.130419532519
-161.2911640178054	215.3280003055521	1049.344288670502
-161.2533539602544	215.3312661779407	1049.367965301959
-161.2830367852736	215.3502079649204	1049.310654407443
-161.2488713458145	215.3530665353723	1049.380100919485
-161.085145498471	215.6830923043929	1048.781873691645
-161.1616803339838	215.545452819458	1048.943873888534
-161.3809755478141	215.0134499058805	1049.909267076244
-161.0755322470175	215.5439311536998	1048.966187348763
-161.2296727275903	215.3343359719542	1049.38263796308
-161.1966497231672	215.6803945704472	1048.796112536411
-161.0028446759888	215.7626625967223	1048.651889662813
-161.2579628953077	215.3507377368444	1049.326911990642
-161.0465672911439	215.7790315773288	1048.592976830043
-161.2291338216167	215.2313418393147	1049.522475705816
-161.124585541012	215.5486638963733	1048.96760454619
-161.2533539602544	215.3312661779407	1049.367965301959
-161.1147096889388	215.7021586062974	1048.724105668432
-161.0413530951359	215.6068340327187	1048.884711403277
-161.2391295778557	215.3312708541205	1049.377157540622
-161.0172967856727	215.8816692561488	1048.464041157843
-161.1088986063539	215.5297780930242	1049.015848169398
-161.2118983996162	215.370265759399	1049.289134481394
-161.1523414243996	215.6609590217766	1048.863687846027
-161.0738691038015	215.6264181949498	1048.825018877992
-161.0552280576651	215.6069521250105	1048.875442124009
-161.3138426488333	215.3438799110688	1049.29194775871
-161.2906913584501	215.3472276790136	1049.306298633636
-161.2061923609516	215.5807362106935	1048.936982287108
-160.958429479378	215.3193291667729	1049.359645567086
-161.3292686266769	215.3289223613648	1049.34512167706
-161.2673531254958	215.5006305397854	1049.072878201166
-161.3563180235192	215.3514410276084	1049.275823141027
-161.2260658852399	215.3485118851679	1049.313743315827
-161.0229816435477	215.5669178673666	1048.9998998196
-161.1817308625869	215.3684622335247	1049.342973852181
-161.2052168995482	215.2153106037315	1049.575207200336
-161.2609780815038	215.3282974971625	1049.363601138446
-161.1290404677121	215.5518531593689	1048.963791498537
-161.2522338094552	215.1490278475194	1049.716180329386
-161.2301832651142	215.4846385507186	1049.134701887813
-161.0457735895553	215.7040090628997	1048.738715147332
-161.1088986063539	215.5297780930242	1049.015848169398
-161.4537342451836	215.1287162990093	1049.686840849917
-161.1982610968591	215.5275162588797	1049.04787050441
-161.0949217004087	215.5296984315122	1049.025089259812
-161.2426913055048	215.2312725822686	1049.513651681341
-161.1895077688119	215.3083851960045	1049.373987180747
-161.2533539602544	215.3312661779407	1049.367965301959
-161.2830367852736	215.3502079649204	1049.310654407443
-161.2609780815038	215.3282974971625	1049.363601138446
-161.2052168995482	215.2153106037315	1049.575207200336
-161.1170702291827	215.7573574489933	1048.672838046922
-161.3071620545441	215.3433733478471	1049.296428677536
-161.1953439279021	215.6643410745946	1048.850731960839
-161.0707906435645	215.682842091843	1048.791479625593
-161.2906913584501	215.3472276790136	1049.306298633636
-161.2609780815038	215.3282974971625	1049.363601138446
-161.1088986063539	215.5297780930242	1049.015848169398
-161.0068435208146	215.4350539211778	1049.152577488858
-161.2243528807682	215.5043586365106	1049.077659180925
-161.0689442977896	215.4109809441876	1049.219104643695
-161.2609780815038	215.3282974971625	1049.363601138446
-161.0457735895553	215.7040090628997	1048.738715147332
-161.0986575940544	215.4299326895708	1049.161751497764
-161.2301832651142	215.4846385507186	1049.134701887813
-161.0458876109599	215.524973696996	1049.023643683386
-161.1492769606485	215.5417158153797	1048.953266896228
-161.2830367852736	215.3502079649204	1049.310654407443
-161.0926580756292	215.6229395034555	1048.81348932633
-161.1535581200697	215.5236619439357	1048.987990563054
-161.1549265663542	215.5449109087109	1048.948479704193
-161.1809225595329	215.4077100309273	1049.236844946912
-161.2554880890106	215.067355055306	1049.79562463903
-161.0957586402242	215.6188561361607	1048.812804404595
-161.2609780815038	215.3282974971625	1049.363601138446
-161.2485252529611	215.6308647164834	1048.742616383736
-161.2830367852736	215.3502079649204	1049.310654407443
-161.1311417203157	215.6983196705504	1048.71420765291
-160.8226523120841	215.2713943115463	1049.454731513259
-161.0653906830812	215.3173094546764	1049.384841722574
-161.0444344304596	215.4878849430876	1049.059962859669
-161.146299736471	215.5457578035079	1048.953978314572
-161.1088986063539	215.5297780930242	1049.015848169398
-161.3021245115115	215.3304958965962	1049.339728856785
-161.1510256949446	215.236520800277	1049.504362372709
-161.0098897146979	215.4312041494554	1049.15153600739
-161.1332590241194	215.2127838592509	1049.588894523851
-161.1457232323173	215.2356997078542	1049.507862677118
-161.2598066511194	215.5036528049289	1049.07715221999
-161.1163850718005	215.1764687263052	1049.603741526207
-161.3702244468875	215.4166181852196	1049.147646240865
-161.092545029576	215.6038713919543	1048.851640798393
-161.0173282370151	215.9052674343506	1048.409946489706
-161.10039458133	215.7018797394927	1048.733755668246
-160.9454558175059	215.5151950195303	1049.016743470712
-161.2315525415091	215.5269302754948	1049.042433192812
-161.2129199304931	215.2123737195755	1049.57078728741
-161.097774161858	215.3135868405825	1049.364742101157
-161.146299736471	215.5457578035079	1048.953978314572
-161.2264752236554	215.4248062595061	1049.17351651699
-161.1137214107129	215.2205185533774	1049.565929530462
-161.049491084281	215.6037913906509	1048.880224545862
-161.2993921261221	215.346353430527	1049.300817473677
-161.2830367852736	215.3502079649204	1049.310654407443
-161.113535273591	215.1801603719585	1049.604954990507
-161.2175065677687	215.6864970118012	1048.797092967766
-160.9748568430417	215.3154496014839	1049.349880360554
-160.8971073579611	215.3994775033524	1049.22405561426
-161.1026240103758	215.2211852075956	1049.572797218636
-160.9376998738815	215.5347085786811	1049.025112175024
-161.2296576809451	215.4272971487719	1049.170793405999
-161.0933649345263	215.2339087050905	1049.509009034805
-161.2598066511194	215.5036528049289	1049.07715221999
-161.2260658852399	215.3485118851679	1049.313743315827
-161.0138357159261	215.6240816836777	1048.830262128082
-161.2341154547402	215.5039021129894	1049.094009712609
-161.2351821579767	215.3875904184546	1049.269805859106
-161.2609780815038	215.3282974971625	1049.363601138446
-160.7770215002894	215.3457063916206	1049.31025659066
-161.1520042073581	215.2924154312516	1049.435624931632
