-227.5258975152454	197.4292012345106	1066.828996616027
-227.5258975152454	197.4292012345106	1066.828996616027
-227.2408905039948	198.1491910784423	1065.794584112701
-227.7418768710919	197.5887386582925	1066.492487425691
-227.4081126290438	198.0152966573311	1065.993484450111
-227.5284241360441	197.6568704942159	1066.525667449156
-227.7112938328243	197.900522002108	1065.962771845979
-227.4256710358207	197.5255440365629	1066.829996506379
-227.1507299781175	197.6736256366792	1066.583365103047
-227.1280588619396	197.9968117101765	1066.032103561938
-227.2814127422248	197.9134465136038	1066.14002085937
-227.6692713793903	198.1362500291044	1065.612224150661
-227.377861234979	197.4943629505956	1066.783207764845
-227.3227888478821	197.4066423626574	1066.986043202009
-227.1546034165787	197.5217696005138	1066.906477941672
-227.3298914537773	197.8575299186121	1066.273312634722
-227.4285190638767	197.7834265571147	1066.348000974019
-227.1548176476614	198.0748674012644	1065.857460324853
-227.2115532032579	197.8004077117957	1066.290735408052
-227.6404667743671	197.4318239478858	1066.729383178445
-227.4408355412244	197.9583665514853	1066.011244382502
-227.8208834370799	197.8598342235034	1065.93106573138
-227.069968566364	198.7125299850053	1064.809557353884
-227.4288710296737	197.3773447606118	1067.000340606567
-227.3780005715933	197.4903942072387	1066.781634758692
-227.3373397403401	198.2322558456893	1065.552110227829
-227.2539293038162	198.2195565599185	1065.608875184563
-227.5757733569308	197.4272974411884	1066.78132407323
-227.3144111099675	197.578925969069	1066.661621028861
-227.6291892668273	198.0730439283837	1065.626554252284
-227.741761994659	197.1544186344227	1067.252353566004
-227.5802848502261	197.6598863057832	1066.449083556125
-227.5999150401991	197.977868620211	1065.889131271586
-227.5497579236837	198.0690670844174	1065.764813469976
-227.2448721023439	197.4488323214021	1066.907715122656
-227.3224728919244	198.5620343254995	1064.871380996878
-227.6466018754962	197.6645254335335	1066.395768182028
-227.5329071697383	197.5667958958107	1066.661111081113
-227.5930423512053	197.5800955580992	1066.597646679494
-227.3715254835374	197.8208901669725	1066.29748218896
-227.7635215327453	197.9207001969122	1065.927189506975
-227.337712828409	197.579856475929	1066.644916214884
-227.3486903090883	197.5339445393821	1066.732420394646
-227.3745740004853	198.293405374731	1065.444463036329
-227.3929060204598	197.9608073495168	1065.997655604044
-227.5265128007005	197.8304951667049	1066.165596338706
-227.3939393214957	197.9584740946564	1066.052332774766
-227.6281234190387	197.9777978494384	1065.864080386405
-227.3186086659505	197.9659471452898	1066.064511868237
-227.2715220022496	197.5755681510201	1066.697275680505
-226.9686292415274	198.1387632307196	1065.781099651059
-227.5725770893476	197.6238962791692	1066.448980797915
-227.6068011504409	197.7905900063869	1066.196873138675
-227.4043324254984	197.6193942460751	1066.554533954482
-226.9741216321963	197.8697522515251	1066.32746367633
-227.6468029780413	197.9029621799926	1066.011548568427
-227.798997278247	198.0938474614428	1065.561324288834
-227.0908757574313	198.2044358248996	1065.675290983425
-227.8617348845668	197.9858077869547	1065.786063418979
-227.445329374626	197.794470750857	1066.283819522276
-227.6861844514489	197.3229862358049	1067.011188754974
-227.7997069915795	197.6424068094724	1066.37062181706
-227.4167361290496	197.7260754734655	1066.361826046337
-227.2013642397808	197.9626207001205	1066.072924813242
-227.4363308443321	197.6111306890207	1066.527599051219
-227.4432430036055	197.9564994799843	1066.004930737065
-227.297711034346	197.7094892452191	1066.448814559458
-227.547310819981	197.7328606111284	1066.249034222129
-227.2319731072035	197.7011448542441	1066.499559894844
-227.8324562704857	197.7492443426417	1066.129317257803
-227.5639054172929	198.0299141157389	1065.848895742381
-227.5476001680985	197.9326653341489	1065.955094155803
-227.5213802052047	198.0640003550728	1065.716990232354
-227.1744338014012	197.5248029752813	1066.876241869067
-227.40282332673	198.0017534253112	1065.880915533551
-227.5502977360465	197.8721962561486	1066.088165333417
-227.7101699822154	197.8484656375031	1066.02691772112
-227.5041540289246	197.7289221002462	1066.285979577903
-227.5073437464814	197.8682678954002	1066.12498126956
-227.5131862186479	197.6758452384092	1066.542725618123
-227.5261758276375	197.6714436791059	1066.448585531941
-227.8966196638271	197.6739792353119	1066.29232200713
-227.3519716342221	198.1535337133947	1065.70186382935
-227.3946108252328	197.5383000836535	1066.69423756689
-227.561167623716	197.9428265552912	1066.021074675065
-227.5581437904322	197.5541733491293	1066.567595171028
-227.5228168369225	197.6137061515174	1066.452998338161
-227.0945766441793	197.9491363967233	1066.170682656975
-227.3029168167659	197.8229643050947	1066.293341128431
-227.3485158753099	197.4473224633597	1066.901586243107
-227.2775029233231	197.4031627599698	1067.023465500188
-227.3097772726149	198.0415843961263	1065.881981849139
-227.8129954167857	197.81106915288	1066.031508474524
-227.3238332417564	198.125656484002	1065.719085374132
-227.4450036477446	197.7362382431775	1066.429583681508
-227.748651033454	198.0504449769915	1065.697361810856
-227.421135012593	197.9145173382059	1066.025325627163
-227.4950034894627	197.9379738407571	1066.074778317728
-227.3289609241846	197.7765091085356	1066.365209128865
-227.4863416809735	197.9603408157126	1065.968131867553
-227.6229007185555	197.5669171729064	1066.515728597229
-227.4849735377516	197.8563732999131	1066.242360032365
-227.4870721010433	197.5439073284295	1066.73177462291
-227.532675853777	197.8432701996996	1066.214709023629
-227.759074194977	197.9812229107951	1065.747903972232
-227.3867972971499	198.3607867938161	1065.175366668948
-227.3520281555666	197.7773184809511	1066.348686168224
-227.5248510577531	197.8800368818185	1066.068877548992
-227.3317333815207	197.5816062476911	1066.672410892817
-227.3316608454286	198.1882632798671	1065.715458246651
-227.5638404449486	197.7866269899649	1066.233751930884
-227.4709294647029	198.0589940955735	1065.761492776514
-227.581763839208	197.6716331281735	1066.383488979099
-227.7581938917927	198.5084918549143	1064.80690159557
-227.7162426988654	197.9769883932391	1065.785324025658
-227.6372920431961	197.7990537191278	1066.18131816453
-227.5269501319264	197.8264556194966	1066.16396708146
-227.5931027454635	197.830984549392	1066.110858573282
-227.4590879934301	197.9230018772809	1066.066531288101
-227.6069974542461	198.0384215367984	1065.812426327614
-227.8956397542423	197.6565225965575	1066.200974136041
-227.2748730650342	197.7046312540263	1066.463726305717
-227.0238375391417	198.2557771363353	1065.528735783625
-227.5638404449486	197.7866269899649	1066.233751930884
-227.5866803202092	198.064471035115	1065.662895712403
-227.7445157259122	197.6152385918385	1066.376175245445
-227.351704372897	197.5346792833886	1066.730309070546
-227.397832957481	198.1928044779649	1065.662240771187
-227.3964069687443	198.1969023362237	1065.664613942783
-227.3986373289877	197.9506166970361	1066.045788765501
-227.2031919535217	198.0334809884368	1065.976297413777
-227.5581437904322	197.5541733491293	1066.567595171028
-227.5638404449486	197.7866269899649	1066.233751930884
-227.5638404449486	197.7866269899649	1066.233751930884
-227.759074194977	197.9812229107951	1065.747903972232
-227.537602140051	197.8941201061355	1066.102273244243
-227.056732265752	197.8532645956948	1066.30184744863
-227.6586084992464	197.7995428067249	1066.166527862756
-227.7483132096183	197.8062867136154	1066.084252908149
-227.6070630163147	198.0341880670797	1065.811305993968
-227.0444956024997	197.9607446644141	1066.094999458893
-227.2403821935255	197.7708982823731	1066.444267849399
-227.7054467325584	197.8021069654014	1066.121521339616
-227.7871409609274	197.6234254395562	1066.340512309079
-227.6014025480193	197.8852272684613	1066.057186236199
-227.3520281555666	197.7773184809511	1066.348686168224
-227.1141694936769	198.2051903416552	1065.658674211701
-227.1169832154256	197.9408340232858	1066.217259572175
-227.2981754034259	197.7055165415474	1066.446997689688
-227.2022291616301	197.383544983768	1067.033541100697
-227.561167623716	197.9428265552912	1066.021074675065
-227.4524932149688	197.7801508259446	1066.329592552937
-227.2555604418076	198.0012068049592	1065.887432871088
-227.7162426988654	197.9769883932391	1065.785324025658
-227.5608136734592	197.9470153963271	1066.022486341497
-227.8287154747216	197.5834111139706	1066.349489911737
-227.7567134097154	198.1366804143103	1065.535542646385
-227.1910117512554	198.2999596165161	1065.428918057509
-227.3990106200748	197.0007568082022	1067.56842907081
-227.3613973448725	197.3320769843917	1067.049440419485
-227.532675853777	197.8432701996996	1066.214709023629
-227.4468069792818	197.5477085948622	1066.663187712644
-227.4791774460208	197.5341432059237	1066.589131760984
-227.3946108252328	197.5383000836535	1066.69423756689
-227.8726952549549	197.9103067087817	1065.838702605362
-227.6719494295711	198.2205508079971	1065.435516617747
-227.3731549757265	197.4711966124946	1066.826344039215
-227.3507991678454	197.6012633590248	1066.61269981622
-227.6039709773008	197.6565982172581	1066.430940974582
-227.5535673874661	197.7061064071878	1066.398984748964
-227.7703001258785	198.0508578503229	1065.682256790796
-227.4938605026327	197.792867105348	1066.236587230185
-227.5638404449486	197.7866269899649	1066.233751930884
-227.3908890410815	197.1967410548157	1067.346242022506
-227.2981754034259	197.7055165415474	1066.446997689688
-227.5139897365767	198.063066508018	1065.724157500366
-227.0956054771061	197.5701635257003	1066.786459432403
-227.7837864295213	197.2780492323559	1066.992446710999
-227.2693325823928	198.0378296063468	1065.923597324123
-227.2276440809143	197.7895603549423	1066.236810768584
-227.6358749246128	198.2432095652752	1065.287764903248
-227.4468069792818	197.5477085948622	1066.663187712644
-226.9797249420175	197.8873591780354	1066.282202913067
-227.5993745799224	197.6312005264722	1066.419562030228
-227.5978955210434	197.4239379621474	1066.764372551297
-227.4434050176482	198.195129671401	1065.618527931483
-227.5099434817263	197.9569904490948	1065.950042678079
-227.8404071821323	197.9838488338364	1065.67517444559
-227.3753691033096	197.8121741612902	1066.162518443273
-227.5638404449486	197.7866269899649	1066.233751930884
-227.5608493739796	197.6994500994062	1066.405495549816
-227.3227388622591	197.2569378221758	1067.204097128381
-227.6570576079951	197.8036455987153	1066.168942770837
-227.3431404642487	198.4020557244619	1065.152325404554
-227.7054467325584	197.8021069654014	1066.121521339616
-227.5478388966111	197.311589757991	1067.055599431999
-227.5608493739796	197.6994500994062	1066.405495549816
-227.4107182885036	197.5730300278371	1066.63146280244
-227.3302579000028	197.754236446702	1066.423540370036
-227.4520774932368	198.0227084039519	1065.946440328935
-227.7703001258785	198.0508578503229	1065.682256790796
-227.7701290506411	197.806792225101	1066.068979523127
-227.4957734859264	197.7838851010315	1066.292848078836
-227.5099434817263	197.9569904490948	1065.950042678079
-227.309871156843	197.0537390827604	1067.554538825475
-227.3795664981572	198.2874016475987	1065.441924772461
-227.3058922031578	197.9101618295758	1066.121377191528
-227.8129954167857	197.81106915288	1066.031508474524
-227.4524932149688	197.7801508259446	1066.329592552937
-227.351704372897	197.5346792833886	1066.730309070546
-227.5866277617422	197.824508400499	1066.147215383942
-227.5859197837426	198.3082959055618	1065.275211818889
-227.7445157259122	197.6152385918385	1066.376175245445
-227.5581437904322	197.5541733491293	1066.567595171028
-227.6709216838969	197.4845169982153	1066.655936754007
-227.7701290506411	197.806792225101	1066.068979523127
-227.5581437904322	197.5541733491293	1066.567595171028
-227.4493073931368	197.9355991367607	1066.118572011544
-227.5638404449486	197.7866269899649	1066.233751930884
-227.4847067980161	197.7663247634882	1066.256072755748
-227.7704509531244	197.8749226362696	1065.947581698505
-227.3507991678454	197.6012633590248	1066.61269981622
-227.8511740761471	197.8092791912655	1065.996733345481
-227.5608493739796	197.6994500994062	1066.405495549816
-227.5324196449871	197.3632131001942	1066.872016391788
-227.2199322242788	197.3181465300988	1067.157807552661
-227.5483542378022	197.7170446567231	1066.349405470385
-226.9944864097457	197.4651594289326	1066.971854060925
-227.674136293442	197.8106246843865	1066.205637947249
-227.6068011504409	197.7905900063869	1066.196873138675
-227.4524932149688	197.7801508259446	1066.329592552937
-227.509620955828	198.1999056477513	1065.564790190047
-227.55821741867	197.7899724538808	1066.144627409833
-227.4976806192146	197.782023143648	1066.286934715275
-227.3067566724793	197.733025334634	1066.403115762706
-227.6848904339596	197.6584098238058	1066.360173406477
-227.3809249088898	197.8552247646469	1066.161708498522
-227.7703001258785	198.0508578503229	1065.682256790796
-227.1170307887391	197.673126272221	1066.650166332771
-227.6068011504409	197.7905900063869	1066.196873138675
-227.6555227278616	197.9558431085043	1065.953725264789
-227.212255408686	198.1819127329526	1065.575598106424
-227.4642909239921	197.5554069557107	1066.591700695795
-227.2855288168544	197.530256741199	1066.782872000487
-227.211983522561	197.546771784713	1066.71434774553
-227.4520774932368	198.0227084039519	1065.946440328935
-227.7701290506411	197.806792225101	1066.068979523127
-227.7919756266251	197.8115358236978	1066.052385411203
-227.1440459132557	197.6025234562217	1066.629019370498
-227.2981754034259	197.7055165415474	1066.446997689688
-227.4437570512135	197.9524379787717	1066.003225186772
-227.3804338705146	198.0443521563343	1065.827740467368
-227.3304911003078	197.7962348797437	1066.320107596981
-227.4756590678702	197.540040249075	1066.623860543637
-227.7445157259122	197.6152385918385	1066.376175245445
-227.5602597723951	197.3879082497661	1066.838985527489
-227.3805176181427	198.1121542895269	1065.70662231421
-227.7136629526756	198.1321280076506	1065.573662922308
-227.2187578418138	197.5478116787315	1066.796019201111
-227.5406724777456	197.7858926688677	1066.250241750275
-227.5866803202092	198.064471035115	1065.662895712403
-227.4520774932368	198.0227084039519	1065.946440328935
-227.7701290506411	197.806792225101	1066.068979523127
-227.4976806192146	197.782023143648	1066.286934715275
-227.7493123261864	197.5941014051456	1066.408482766714
-227.7704509531244	197.8749226362696	1065.947581698505
-227.5822094999055	198.0662794364114	1065.663942817201
-227.7413354100926	197.5280767160781	1066.547617877727
-227.4980636769862	197.849946153134	1066.166068301823
-227.5490519510226	198.0071238541034	1065.698354833313
-227.3299882838523	197.5535148437098	1066.702077719948
-227.351704372897	197.5346792833886	1066.730309070546
-227.6068011504409	197.7905900063869	1066.196873138675
-227.7701290506411	197.806792225101	1066.068979523127
-227.4194128097983	197.9415684690931	1066.128014849801
-227.5862236058596	197.8005384541295	1066.230722507775
-227.3795664981572	198.2874016475987	1065.441924772461
-227.4524932149688	197.7801508259446	1066.329592552937
-227.3603240799535	197.5622697438368	1066.686422858842
-227.4321809551673	197.5688160617926	1066.665879028062
-227.1543642644688	197.7140272189552	1066.491227852907
-227.350329626733	197.621346152451	1066.467768468844
-227.7704509531244	197.8749226362696	1065.947581698505
-227.5701877640109	197.8067022028595	1066.176385645388
-227.3728826988944	197.5072359552161	1066.715520117423
-227.7261162956303	197.8067336419664	1066.105967518615
-227.6084316188871	197.6514680798033	1066.47739094592
-227.3508879294	198.0975338959626	1065.752181294366
-227.7703001258785	198.0508578503229	1065.682256790796
-227.8129954167857	197.81106915288	1066.031508474524
-227.5638404449486	197.7866269899649	1066.233751930884
-227.4524932149688	197.7801508259446	1066.329592552937
-227.6397707358381	197.8000703112992	1066.112043443107
-227.3917887834985	197.8367560060621	1066.098578852889
-227.4524932149688	197.7801508259446	1066.329592552937
-227.6016132568243	197.3501823409598	1066.852171243222
-227.0580718699133	197.7869833247462	1066.419204922636
-227.6071853010483	197.5363676605643	1066.680304971363
-227.2815731948614	198.0574399090012	1065.801106040474
-227.3299882838523	197.5535148437098	1066.702077719948
-227.3306695051299	197.3231707230129	1067.065446729608
-227.4326388377113	197.5362298038723	1066.660311529038
-227.7162426988654	197.9769883932391	1065.785324025658
-227.7326070199641	198.2185623427504	1065.378287240272
-227.3556070683799	197.8535623208573	1066.134228083818
-227.3654240181541	198.2767224903745	1065.487339059517
-227.7162426988654	197.9769883932391	1065.785324025658
-227.5855233344937	197.7267870443323	1066.213410735052
-227.3986373289877	197.9506166970361	1066.045788765501
-227.5812369427547	197.345147345299	1066.985199787472
-227.3708994548564	197.8140010298195	1066.163524198321
-227.7704350782843	198.1189851049886	1065.560363260498
-227.6453153902613	198.0324036801247	1065.7764944538
-227.5638404449486	197.7866269899649	1066.233751930884
-227.5585908511871	197.7975964907101	1066.184109854018
-227.6809092020046	197.3370380297467	1066.950293444541
-227.7701290506411	197.806792225101	1066.068979523127
-227.7671691975626	197.863175326834	1065.975553004021
-227.4640821957149	197.4020171974176	1066.914578970244
-228.1103007406173	197.7002132110097	1066.070371769903
-227.9686262413284	197.5531358897905	1066.366523404562
-227.887741771803	197.7412886326317	1066.025730403552
-227.3447091832189	198.2628888679657	1065.516815998626
-227.620750189129	197.9083861278522	1065.964206525259
-227.5581437904322	197.5541733491293	1066.567595171028
-227.848848178229	197.9341811203555	1065.780882463561
-227.3804338705146	198.0443521563343	1065.827740467368
-227.9975126082201	197.8324938720006	1065.88606193707
-227.4453311075099	197.3110979283244	1067.036379163666
-227.2199322242788	197.3181465300988	1067.157807552661
-227.351704372897	197.5346792833886	1066.730309070546
-227.5099434817263	197.9569904490948	1065.950042678079
-227.5008260320804	197.7026446367845	1066.340932602751
-227.5638404449486	197.7866269899649	1066.233751930884
-227.2533941108331	197.1676931533376	1067.358524419582
-227.6203077722554	197.4923216916746	1066.619267858496
-227.1936814578492	198.3009812134356	1065.425862544161
-227.5638404449486	197.7866269899649	1066.233751930884
-227.1117597958616	197.6051127730641	1066.709856932874
-227.3250008788577	198.456975822561	1065.157485274279
-227.3526363667806	198.0454746786532	1065.845301726702
-227.3189222605	197.8936771087587	1066.053921073363
-227.2599558879793	197.3401067768357	1067.085306261903
-227.5577423348499	197.864467359712	1066.065290819726
-227.5585908511871	197.7975964907101	1066.184109854018
-227.4200904944814	198.2045557113026	1065.577222409103
-227.565609945479	197.7679021172569	1066.185731836766
-227.8133565068886	198.0554455355875	1065.644073900275
-227.6223538776615	197.9888496414254	1065.868876683743
-227.7703001258785	198.0508578503229	1065.682256790796
-227.2693325823928	198.0378296063468	1065.923597324123
-227.397832957481	198.1928044779649	1065.662240771187
-227.3297728808274	197.389754305133	1066.948324522995
-227.8511740761471	197.8092791912655	1065.996733345481
-227.5383266006091	197.5957001156482	1066.539411621924
-227.5535673874661	197.7061064071878	1066.398984748964
-227.4441657695396	197.8796476541139	1066.097108056557
-227.5556970234829	197.5736158663894	1066.560286324104
-227.0639014808378	196.9631002038677	1067.720257485483
-227.7660399633435	197.1526785233085	1067.158095407576
-227.3708994548564	197.8140010298195	1066.163524198321
-227.505786018275	197.864514702335	1066.082956257206
-227.9765889981834	197.6190057639018	1066.227480162591
-227.4048968001697	198.435633406545	1065.131157412912
-227.4847067980161	197.7663247634882	1066.256072755748
-227.5806845713064	197.4809565448175	1066.635202028337
-227.5124676220336	197.5699760973712	1066.596763117065
-227.6231999784605	198.5042940796844	1064.860438063195
-227.3708994548564	197.8140010298195	1066.163524198321
-227.3204780612524	197.3169540324824	1067.04208618386
-227.3930598933386	197.3886966990815	1066.899756417759
-227.7631983317037	197.5327266757204	1066.531233858324
-227.5638404449486	197.7866269899649	1066.233751930884
-227.6108039775435	197.6154726677318	1066.369804170759
-227.4520774932368	198.0227084039519	1065.946440328935
-227.9945008106646	197.7454724096802	1066.057961869893
-227.5814570215083	198.3100814473325	1065.276295101328
-227.4069949940442	197.3792811699844	1066.967564641285
-227.4049952199665	197.600573642853	1066.585317223135
-227.3759650336983	198.0461660437592	1065.828768646538
-226.8934858209371	197.4111290582727	1067.007714720234
-227.4895525913099	197.745289858116	1066.288256549111
-227.5857755081108	198.3762511611073	1065.153191207097
-227.4896460529129	197.990804584692	1065.900453105534
-227.2971183561853	197.7719264894989	1066.329393679963
-227.6215228881726	197.5958291946767	1066.617239434991
-227.5638404449486	197.7866269899649	1066.233751930884
-227.1377903629829	197.7554169497755	1066.342703709221
-227.5099434817263	197.9569904490948	1065.950042678079
-227.6801037872563	198.0476314865206	1065.764918213809
-227.4895525913099	197.745289858116	1066.288256549111
-227.6047834771801	198.0376523695378	1065.761776029887
-227.3621421333293	198.0237984984286	1066.025997291048
-227.2837741411837	197.5323779169796	1066.788267414584
-227.5604438571563	197.70354754654	1066.40707200321
-227.5910725256609	197.9589479354983	1065.878785011281
-227.4845078223179	198.0124579044247	1065.875170837396
-227.0016459231668	197.8686572635854	1066.310332937116
-227.7701290506411	197.806792225101	1066.068979523127
-227.3690470122418	198.2182465819645	1065.506873612398
-227.5044345557945	197.5037901770831	1066.736017930913
-227.7701290506411	197.806792225101	1066.068979523127
-227.7899871893579	197.5040494794266	1066.636690499583
-227.6586084992464	197.7995428067249	1066.166527862756
-227.3831867223296	197.9309817479262	1066.171756850666
-227.5783496611092	198.0889306711011	1065.785617142981
-227.4494696792656	197.6929534803284	1066.501289650369
-227.4119137702664	197.9030754835252	1066.127363592521
-227.5245296268788	197.8143642377553	1066.100935074324
-227.5377347630731	197.6986979469732	1066.421963094655
-227.6777612997166	197.7123033689791	1066.290520023118
-227.3946108252328	197.5383000836535	1066.69423756689
-227.6586084992464	197.7995428067249	1066.166527862756
-227.3821204183567	197.5434229015899	1066.71464101131
-227.5528687779448	197.9609116232172	1065.913215771483
-227.8129954167857	197.81106915288	1066.031508474524
-227.2580080412246	197.7564060968628	1066.347920298919
-227.5535673874661	197.7061064071878	1066.398984748964
-227.7140703147498	198.0114324978011	1065.661326561599
-227.4335447571659	197.5040620843525	1066.64506566482
-227.1936814578492	198.3009812134356	1065.425862544161
-227.4510803314293	197.7841682690706	1066.332067748503
-227.5638404449486	197.7866269899649	1066.233751930884
-227.5638404449486	197.7866269899649	1066.233751930884
-227.5638404449486	197.7866269899649	1066.233751930884
-227.2165174770482	197.2307074777143	1067.328629997313
-227.4524932149688	197.7801508259446	1066.329592552937
-227.5431335065295	197.5746283472444	1066.571571763207
-227.6405975293427	197.1349164301322	1067.250269407629
-227.3549839994583	197.6001282741913	1066.500235479879
-227.3032835465076	197.1924954754378	1067.315677312682
-227.4232600270574	198.0483392516438	1065.790866856998
-227.240557028468	197.5289898618058	1066.824195794609
-227.8353049248764	197.8840785666342	1065.893165062921
-227.5099434817263	197.9569904490948	1065.950042678079
-227.4046439539521	197.8564115945442	1066.039943618051
-227.5638404449486	197.7866269899649	1066.233751930884
-227.5104721828505	198.2337995745431	1065.394272676425
-227.7453942753204	197.4651739565788	1066.738866291439
-227.8270786702394	197.4912030670095	1066.532966429031
-227.4830793697531	198.410968283642	1065.137684348954
-227.5934843973745	197.8988735043727	1065.989905766692
-227.3171305100091	197.9843748665958	1065.879698799194
-227.1744338014012	197.5248029752813	1066.876241869067
-227.3804338705146	198.0443521563343	1065.827740467368
-227.4162892892796	198.4737597211145	1065.093832855928
-227.3124620382452	198.0303779943439	1065.98819173019
-227.6052019539115	197.9337550453464	1065.876754045529
-227.6453153902613	198.0324036801247	1065.7764944538
-227.4200245552162	198.1565171344537	1065.642226625401
-227.4409977058143	198.5692326307678	1064.834202308116
-227.8094844315633	198.0919294209815	1065.48098308294
-227.3759650336983	198.0461660437592	1065.828768646538
-227.4180539168732	197.8161349604415	1066.125858064671
-227.3567781602356	197.3532462804482	1067.017221473385
-227.5217863085783	198.1933261496102	1065.388003342737
-227.6009032492068	197.3035222418866	1067.013302135296
-227.6734306393134	197.5669986275509	1066.58982693894
-227.375105664754	198.2891926579978	1065.442989069658
-227.7701290506411	197.806792225101	1066.068979523127
-227.3804338705146	198.0443521563343	1065.827740467368
-227.7701290506411	197.806792225101	1066.068979523127
-227.0043064036439	197.9575099840735	1066.135457627592
-227.4243519003122	197.7942626980599	1066.275566757203
-227.3646092826452	198.2201699248584	1065.507677780291
-227.8511740761471	197.8092791912655	1065.996733345481
-227.6009627055032	197.558109456877	1066.530930447411
-227.561753585484	197.8730567504934	1065.970921214086
-227.1146577025153	197.5401625588359	1066.824070248663
-227.6229439384923	197.5627832193391	1066.514480269945
-227.6009627055032	197.558109456877	1066.530930447411
-227.1011508265908	197.790398731107	1066.383282276293
-227.6905468372264	197.3354358750195	1066.916109797329
-227.9436048011515	198.0025007152707	1065.602488461948
-227.6558542426885	197.7804702397422	1066.217348447181
-227.3599404617797	197.6293892604811	1066.706556950997
-227.0693519217729	198.2587738684903	1065.664271948684
-227.4225901785675	198.2916981174225	1065.404340207356
-227.1892427351921	198.0690939081861	1065.761543096906
-227.4524932149688	197.7801508259446	1066.329592552937
-227.6385860719493	197.9015703377047	1065.995592289776
-227.5174489865657	197.441195955268	1066.81888814876
-227.5626148278203	197.9296913466775	1065.913683590595
-227.4166579337455	197.916345018566	1066.026335316846
-227.7704350782843	198.1189851049886	1065.560363260498
-227.2030036685508	197.7259986581319	1066.430201986893
-227.5859368916854	197.5783073719592	1066.535332411924
-227.4805956463919	198.3278943181782	1065.189612559587
-227.2635190556478	198.2819519165951	1065.540532917193
-227.5857755081108	198.3762511611073	1065.153191207097
-227.5431335065295	197.5746283472444	1066.571571763207
-227.4326388377113	197.5362298038723	1066.660311529038
-227.5369844344684	197.3419676844825	1066.904412963094
-227.9975126082201	197.8324938720006	1065.88606193707
-227.3364409797283	197.7779977049423	1066.429695822374
-226.8609744691296	197.5581351477904	1066.859780179307
-227.5638404449486	197.7866269899649	1066.233751930884
-227.4578170334471	197.9623351495421	1065.875775382478
-227.6719494295711	198.2205508079971	1065.435516617747
-227.5184617301998	198.0612537019291	1065.723120616406
-227.5859197837426	198.3082959055618	1065.275211818889
-227.9975126082201	197.8324938720006	1065.88606193707
-227.4031717534634	197.8362228086108	1066.130223811891
-227.4976806192146	197.782023143648	1066.286934715275
-227.5417086510665	197.9068922635696	1065.921284926567
-227.2551734713745	197.5456972807014	1066.736141688188
-227.6517232339681	198.0402600562045	1065.716592074451
-227.5838145984825	197.6903125288381	1066.381772718324
-227.5859368916854	197.5783073719592	1066.535332411924
-227.5085905121839	197.7295856774121	1066.405301192087
-227.4422158984233	197.125429892469	1067.382626109525
-227.4870442442305	197.3800655433375	1066.899347985941
-227.5783588860876	197.4681741503812	1066.731905266252
-227.5381012934218	198.0662464491033	1065.700978128529
-227.7863316379367	197.8234139535467	1066.001398488198
-227.4069949940442	197.3792811699844	1066.967564641285
-227.3427078291732	198.8013322214543	1064.465296009026
-227.7701290506411	197.806792225101	1066.068979523127
-227.2498263828753	197.7942910499503	1066.255265701556
-227.2048832012424	197.6649218286681	1066.522569140579
-227.3215707945255	197.9824347665178	1065.878923908365
-227.3998824318055	198.3210482052695	1065.260966728483
-227.825342419399	197.6173444723218	1066.304847424039
-227.5866803202092	198.064471035115	1065.662895712403
-227.1515996389146	198.2773081077677	1065.641245161129
-227.619211324912	197.5973469353922	1066.469040451443
-227.3071045826293	197.556595082956	1066.609196776922
-227.2648605923034	198.0396515012677	1065.924607979474
-227.5585908511871	197.7975964907101	1066.184109854018
-227.4437570512135	197.9524379787717	1066.003225186772
-227.4749511997266	197.5997780172233	1066.489630868311
-227.6550817816506	197.6131309206019	1066.456196222232
-227.2693325823928	198.0378296063468	1065.923597324123
-227.0129111386865	197.94718965121	1066.135570796623
-227.3804338705146	198.0443521563343	1065.827740467368
-228.019443796059	197.6233819049785	1066.189802287968
-227.3520281555666	197.7773184809511	1066.348686168224
-227.7920272751497	197.5980944833867	1066.371651979854
-227.3945959311875	198.1966756239554	1065.666154428618
-227.2992910139319	197.4074341452194	1066.978423842339
-227.4516997288497	197.8160241288256	1066.092537525557
-227.5078638693963	198.0431036894786	1065.68730054613
-227.3600465559615	198.0781721581737	1065.778084893261
-227.7391014542354	197.8015723340969	1066.095465428821
-227.3458563994498	197.623190109936	1066.468745594301
-227.4324913799406	197.6366294281951	1066.545762451799
-226.8988534624849	198.0027829838226	1065.954350047092
-227.267737085497	198.3478083816377	1065.418264315877
-227.3804854803597	198.1764927923375	1065.481064176631
-227.2858185538422	197.7726704887018	1066.401802081247
-227.6957417409715	197.7645972754487	1066.125222427346
-227.5866803202092	198.064471035115	1065.662895712403
-227.7493006439346	198.3298206534331	1065.143258986378
-227.6586084992464	197.7995428067249	1066.166527862756
-227.3206106610255	197.850693024407	1066.160437276828
-227.3297728808274	197.389754305133	1066.948324522995
-227.676994606774	197.897765063882	1066.033618354287
-227.1695339097244	198.1103484994099	1065.733140289898
-227.5867227948667	198.1324322079119	1065.541368872261
-227.329386615125	197.8629947317182	1066.201636164839
-227.7703001258785	198.0508578503229	1065.682256790796
-227.7703001258785	198.0508578503229	1065.682256790796
-227.4959817564713	197.7727587681789	1066.393872266784
-227.4717285588991	197.5685241984178	1066.591258327136
-227.3750123913556	198.3569832451858	1065.321387069589
-227.6908329174372	197.6874012517785	1066.392831028972
-227.916390384879	197.5641756041264	1066.426581600165
-227.6461806362464	198.3876356378454	1065.098921990703
-227.7445157259122	197.6152385918385	1066.376175245445
-227.7704509531244	197.8749226362696	1065.947581698505
-227.6517902110465	197.7057732260915	1066.341796401689
-227.5280711611828	198.2361740047938	1065.379721186721
-227.7018462441341	197.5494000171389	1066.613150827064
-227.5389732481884	197.6637944044945	1066.418558191863
-227.5389732481884	197.6637944044945	1066.418558191863
-227.4326388377113	197.5362298038723	1066.660311529038
-227.2352434487617	197.9646904128644	1066.045818018666
-227.5324196449871	197.3632131001942	1066.872016391788
-227.7457414361845	197.9266641262012	1065.870435163104
-227.6073093992908	198.1022168314315	1065.689658926653
-227.8353412076024	197.5615341481927	1066.498953191919
-227.4067899099169	197.8073006243909	1066.405366048454
-227.2692637234192	198.1054894905071	1065.802867950065
-227.4980636769862	197.849946153134	1066.166068301823
-227.8511740761471	197.8092791912655	1065.996733345481
-227.5638404449486	197.7866269899649	1066.233751930884
-227.6449506487142	197.7886548425728	1066.162464763226
-227.7598312807693	197.7263373695238	1066.234311590551
-227.8511740761471	197.8092791912655	1065.996733345481
-227.3753691033096	197.8121741612902	1066.162518443273
-227.4098358814636	198.0917104561662	1065.699826530433
-227.5315675471716	197.4299406290273	1066.754438068648
-227.4770099616559	197.5702220034865	1066.624253922543
-227.4278124506059	197.6577814683969	1066.513388738236
-227.6453153902613	198.0324036801247	1065.7764944538
-227.5533639467239	197.1314091590175	1067.288347413726
-227.3806079247566	198.1087148042567	1065.602226962334
-227.5589543444137	197.6676964006762	1066.29358325967
-227.825342419399	197.6173444723218	1066.304847424039
-227.4622417003263	198.4380789603896	1065.151712594074
-227.6449506487142	197.7886548425728	1066.162464763226
-227.6068011504409	197.7905900063869	1066.196873138675
-227.3915209012777	197.4048429672265	1066.92620884213
-227.5638404449486	197.7866269899649	1066.233751930884
-227.6453153902613	198.0324036801247	1065.7764944538
-227.7703001258785	198.0508578503229	1065.682256790796
-227.5436002006122	197.6425853862522	1066.451066923415
-227.5099434817263	197.9569904490948	1065.950042678079
-227.5846087407541	197.4586891955257	1066.776432018139
-227.5431335065295	197.5746283472444	1066.571571763207
-227.2884679404415	198.3813643127006	1065.237279484673
-227.3933293917919	197.7184821909348	1066.379838182656
-227.3804338705146	198.0443521563343	1065.827740467368
-227.8134381657514	197.556764558599	1066.515579213819
-227.5383266006091	197.5957001156482	1066.539411621924
-227.8617110840249	197.4615625998879	1066.592663961422
-227.3487606371913	198.2821981268843	1065.468233581818
-227.5650993642954	197.6477235413072	1066.514182726063
-227.2235698005586	197.8148865446877	1066.228017963801
-227.6882619520391	197.5384780255861	1066.609051632904
-227.5259938157527	197.4924578709586	1066.70413263732
-227.6390224969084	197.5561846649272	1066.496639079584
-227.5642039798	197.8545971751483	1066.112763374537
-227.6517339796945	197.6169499246645	1066.460226681666
-227.421135012593	197.9145173382059	1066.025325627163
-227.8511740761471	197.8092791912655	1065.996733345481
-227.351704372897	197.5346792833886	1066.730309070546
-227.5972690635179	197.2165350048348	1067.183653020524
-227.4243519003122	197.7942626980599	1066.275566757203
-227.1836974334389	197.8225050503507	1066.312980586501
-227.8795304160379	197.5557763111266	1066.422648352431
-227.5099434817263	197.9569904490948	1065.950042678079
-227.6333254010842	197.6085973208196	1066.472319155939
-227.2981754034259	197.7055165415474	1066.446997689688
-227.2971183561853	197.7719264894989	1066.329393679963
-227.4577842516071	198.4398574729281	1065.152800895981
-227.5638404449486	197.7866269899649	1066.233751930884
-227.3306055933039	197.6351089037506	1066.563371002958
-227.3664475206322	197.5316670310783	1066.713190378212
-227.3359190272958	197.9552058878256	1065.963766455069
-227.7919756266251	197.8115358236978	1066.052385411203
-227.4109614262547	197.5550772479526	1066.632045390847
-227.2495877861145	198.1050001681855	1065.640741861456
-227.3306695051299	197.3231707230129	1067.065446729608
-227.437452680059	197.2782095537615	1067.1000732147
-227.3794682786834	198.3551992062064	1065.320312692263
-227.6765417583989	197.6542274199052	1066.41824318529
-227.5454474153779	197.7138620457139	1066.343362319082
-227.5436191906588	197.820514985917	1066.184170818041
-227.2254114619297	197.7048830770805	1066.443482224041
-227.3254374342682	197.7058154299602	1066.409923633938
-227.5099434817263	197.9569904490948	1065.950042678079
-227.4199110819293	197.7962115795818	1066.276330097586
-227.8109559445987	197.6159309187593	1066.319113982163
-227.8569493245333	197.4827262003928	1066.560370748967
-227.6229439384923	197.5627832193391	1066.514480269945
-227.2507761909125	197.7134036215937	1066.323485202589
-227.2893809506376	198.1589743565544	1065.683104745929
-227.7316474149331	197.4648003589051	1066.653266430981
-227.5383266006091	197.5957001156482	1066.539411621924
-227.3270086261196	197.5860890428422	1066.654294295638
-227.5812369427547	197.345147345299	1066.985199787472
-227.3011903181379	197.9397803028469	1066.129770024855
-227.6381729875802	197.5875167739863	1066.50449244229
-227.4957734859264	197.7838851010315	1066.292848078836
-227.6952734216971	197.4590452945394	1066.683406845772
-227.7013130670169	197.858327852173	1066.029229540117
-227.6765417583989	197.6542274199052	1066.41824318529
-227.6636965979847	197.590149430326	1066.532484560958
-227.5383266006091	197.5957001156482	1066.539411621924
-227.9718051374705	197.6402175493128	1066.195004699717
-227.5913661386804	198.0268323703141	1065.757545133046
-227.7973070972865	197.979404367056	1065.713105500951
-227.4382274939974	198.2462242001384	1065.462243149111
-227.7488078747124	197.5520072611946	1066.568080908698
-227.8076938064368	197.6844785178866	1066.181037493283
-227.4524932149688	197.7801508259446	1066.329592552937
-227.7493123261864	197.5941014051456	1066.408482766714
-227.7704509531244	197.8749226362696	1065.947581698505
-227.5246068830449	197.6659192264136	1066.433395573951
-227.4324913799406	197.6366294281951	1066.545762451799
-227.51749902348	198.0616164270106	1065.716515993866
-227.5639054172929	198.0299141157389	1065.848895742381
-227.2548727822273	197.9592650216312	1066.089974647879
-227.4581126105712	197.322883336578	1066.924066769858
-227.3985431581467	197.4430257155755	1066.82045798331
-227.6000890265759	197.6249108915866	1066.412765596573
-227.3556070683799	197.8535623208573	1066.134228083818
-227.6957417409715	197.7645972754487	1066.125222427346
-227.5638404449486	197.7866269899649	1066.233751930884
-227.7882676776417	197.4334000466545	1066.700805243291
-227.8515762269907	197.8775017389944	1065.875080177543
-227.4792048552331	197.9521207025666	1065.975710114735
-227.8828615065175	197.6744487373323	1066.253389881937
-227.2824749303831	197.2192986277039	1067.220561131351
-227.9098065946652	198.0123703041207	1065.629524073303
-227.7973070972865	197.979404367056	1065.713105500951
-227.4332366713965	197.3974207660617	1066.939684489092
-227.6475906015623	197.9220762631789	1065.810716997019
-227.4898658289155	197.8130704546781	1066.167754277133
-227.6449506487142	197.7886548425728	1066.162464763226
-227.5533639467239	197.1314091590175	1067.288347413726
-227.7701290506411	197.806792225101	1066.068979523127
-227.5273964363296	197.7924146093557	1066.210522543378
-227.4564278043368	197.4848313887806	1066.751054545125
-227.9378093883044	197.4848535223633	1066.488993037352
-227.8252565675555	197.4556997844083	1066.623256113974
-227.6881897748942	198.0973495767315	1065.528304387105
-228.0031224133758	197.7403533008455	1066.025582732997
-227.8269447123073	197.9293226405986	1065.797742212666
-227.7703001258785	198.0508578503229	1065.682256790796
-227.5383266006091	197.5957001156482	1066.539411621924
-227.960863651575	197.825943821521	1065.918088973678
-227.5452151901747	197.2008668250609	1067.293945391304
-227.7082980818595	197.5372187070842	1066.577624298023
-227.6065183940442	196.7810685821055	1067.835047656529
-227.9183670899892	197.7134205925568	1066.118853713724
-227.4185552049989	197.7619502441934	1066.308797790842
-227.6882619520391	197.5384780255861	1066.609051632904
-227.939898997644	197.7972035465049	1065.982119508142
-227.6064560748311	197.6742282803925	1066.400273623267
-227.2370291346106	197.4859365619493	1066.789481845116
-227.6797685731498	197.6906027591003	1066.28751272297
-227.7716945913954	196.9595292778399	1067.463169811732
-227.6334264761155	198.1807952414007	1065.492282751603
-227.799918201422	197.636480102998	1066.343840298018
-227.8569493245333	197.4827262003928	1066.560370748967
-227.5905504960256	197.4507674196682	1066.655503707736
-227.5190839739903	197.6975767673372	1066.369156362426
-227.5107502651959	197.7160738021923	1066.283854897711
-227.5020030201083	197.5901732264238	1066.569264843365
-227.2225596247985	197.3283180643579	1067.089107307258
-227.6449506487142	197.7886548425728	1066.162464763226
-227.4928676277976	197.5657312356848	1066.595187864371
-227.9278288664632	197.7388659361153	1066.091042199902
-227.5737437430533	197.5672868715419	1066.525035656635
-227.6420440031229	197.5066180701052	1066.668065647419
-227.8307491807203	197.4565871615826	1066.61865476205
-227.8828615065175	197.6744487373323	1066.253389881937
-227.5250479935349	197.4375513923881	1066.79510904528
-227.8365598680591	197.6425630180512	1066.312749358573
-227.6206610743067	197.52661626591	1066.62825928143
-227.5927844029289	197.5243486725984	1066.555619562357
-227.3511345877137	197.8553932669459	1066.13522751152
-227.6311899224085	197.7076797662474	1066.216339343882
-227.7713415423993	197.9107558435516	1065.966254851287
-228.048153282489	198.0735119019219	1065.502024744741
-227.6765417583989	197.6542274199052	1066.41824318529
-227.5836856703098	197.8341316200362	1066.116601138927
-227.5919835440269	197.0142692812854	1067.415124847346
-227.7168239092775	197.7357315477038	1066.120242515516
-227.5329345175521	198.0247386815988	1065.875228178728
-227.8204701991555	197.4768389947143	1066.591019288
-227.4381718348578	197.2115229953858	1067.21725356296
-227.3530529689422	197.6384551700162	1066.628869482608
-227.6709867471102	197.9241348045002	1065.87874601451
-227.5638404449486	197.7866269899649	1066.233751930884
-227.7545599176351	197.5690663118737	1066.518539930462
-227.6228102279116	197.8247676824804	1066.134727677773
-227.8021302368575	197.6501722435046	1066.408501445633
-227.5030115970368	197.8472786966195	1066.164649210659
-227.5431335065295	197.5746283472444	1066.571571763207
-227.5599206764244	197.7318498221765	1066.302759147722
-227.4424147597231	198.0140307981824	1065.885665666628
-227.6088941953549	197.9544144165449	1065.970312138665
-227.1442397464795	197.5832232125719	1066.662293171006
-227.4989319568937	197.8859192338155	1066.184497767509
-227.7544907662925	197.3739027859448	1066.852308512028
-227.9074160693841	197.758595879913	1066.072564082537
-227.8047570809053	197.9367380126893	1065.763128681864
-227.7001201313642	197.4461385165622	1066.71233263419
-227.5538596594562	197.4541005757051	1066.801539228615
-227.4632773949597	197.4687208358513	1066.796968681606
-227.4950034894627	197.9379738407571	1066.074778317728
-227.6966647010887	197.3506549515233	1066.886810412952
-227.713106986065	197.9350717528235	1065.90126136596
-227.8081543492274	197.3654482246206	1066.787584322059
-227.6088919999081	197.8506363028138	1066.072049178602
-227.6020847815756	197.6128717132513	1066.472713999733
-227.7576855801009	197.6562767889579	1066.346905349046
-227.676994606774	197.897765063882	1066.033618354287
-227.4941097679038	197.4274396021949	1066.873587684897
-227.5067119261269	197.402254702338	1066.893944086779
-227.8366743455261	197.8076934231937	1066.011368699438
-227.7320281797778	197.5914229692305	1066.436626235248
-227.4811111064862	197.749129657091	1066.323115954134
-227.6092187931835	197.4119755511632	1066.811848615988
-227.7113986913738	197.6244223458662	1066.406115613094
-227.6960290204978	197.5272915194373	1066.562460569405
-227.751641773884	197.3726105428851	1066.762287529431
-227.9027112274351	197.3393862427201	1066.719950356139
-227.6426542244234	197.666901341571	1066.323693466893
-227.381840963328	197.5600159866837	1066.689297163882
-227.7740890447604	197.5644261061093	1066.454734350747
-227.5330425407028	197.7817240917736	1066.25948340773
-227.5248727704058	197.954255779599	1065.932284773055
-227.7766821118349	197.5000273105152	1066.532577035383
-227.5081363061156	197.8331492235081	1066.183123737705
-227.6582299676931	197.5790667729891	1066.518498881077
-227.4927547226399	197.8220416561499	1066.189187678209
-227.7039731371986	197.826746731334	1066.063418848549
-227.5357110312632	197.4386997172569	1066.90762720561
-227.4401150762245	198.023685112841	1065.845105666039
-227.7576855801009	197.6562767889579	1066.346905349046
-227.7653069702396	197.6437805240763	1066.440005426689
-227.5822171843767	197.2062223190881	1067.263933142271
-227.6371453579438	198.0341553178598	1065.794258284174
-227.7001323264851	197.4856532422374	1066.652351312312
-227.7790583172655	197.606659712631	1066.500397613863
-227.4883083285873	197.7634031763367	1066.355931162628
-227.882288094629	197.5811152484157	1066.348856557224
-227.2120193485494	197.7926761270064	1066.304840200166
-227.4381718348578	197.2115229953858	1067.21725356296
-227.5630443068243	197.4424413455387	1066.762068533455
-227.6302642134831	197.622467866581	1066.477224721315
-228.0125500487552	197.4043240864463	1066.559895933849
-227.699598254663	197.4997510185189	1066.671143629965
-227.3453302624911	196.9397753516521	1067.742479120851
-227.5383266006091	197.5957001156482	1066.539411621924
-227.7728048797376	197.3706089960064	1066.887520129345
-227.3706745739366	197.4420001560995	1066.877293158503
-227.4870442442305	197.3800655433375	1066.899347985941
-227.5622370163977	197.7508418448084	1066.252289242953
-227.6247733702874	197.4373760183363	1066.781073503933
-227.9356245719797	197.4941273892809	1066.508876311769
-227.4775379972187	197.872430402227	1066.05017765202
-227.65550059623	197.4420345957722	1066.755834387232
-227.5519935778448	197.708601141392	1066.379093527289
-227.4614202716573	197.4166027843067	1066.813703111376
-227.7584375588732	197.9002769862422	1065.961166589331
-227.4928676277976	197.5657312356848	1066.595187864371
-227.3421474319224	197.4159286535358	1066.93906015164
-227.5856376867991	197.7011054792413	1066.395091487515
-227.5209014225924	197.9787318504519	1065.861052141486
-227.6375914596819	197.4344545033801	1066.832865431199
-227.7845058518341	197.6341960305075	1066.272608391489
-227.3904019325685	197.5559911579077	1066.677310519558
-227.9616200333818	197.6045056517738	1066.271524934246
-227.6675430798689	197.8207581743401	1066.094066716306
-227.8200438001853	198.2943543671036	1065.1621224597
-227.9469633646691	197.5939305754185	1066.256958858392
-227.674103272716	197.2475224111897	1067.018772149539
-227.6952734216971	197.4590452945394	1066.683406845772
-227.8788139794217	197.4873752207862	1066.543969124626
-227.5515693194164	197.5829827473401	1066.629823194179
-227.6497307399228	197.4290772120087	1066.739180986302
-227.6568699043871	197.2066571865726	1067.199344470016
-227.5921863130567	197.0877415720402	1067.353187671591
-227.689466961353	197.4375646236742	1066.784436042333
-227.6263677069916	197.1737307821693	1067.237257603448
-227.5845774500171	197.2913604469617	1066.991841567488
-227.7113986913738	197.6244223458662	1066.406115613094
-227.6748603413386	197.6184713727231	1066.436697854245
-227.8983227952592	197.19804482625	1067.021535495817
-227.7283553806294	197.3775319488743	1066.824520625694
-227.4538592929191	197.3348957462032	1067.074432734898
-227.9013902528831	197.4787516220111	1066.519848945459
-227.7375787965355	197.690270103386	1066.29721292587
-227.9034428975607	197.2954431948894	1066.765637565521
-227.7316474149331	197.4648003589051	1066.653266430981
-227.5717723049387	197.611882763975	1066.496537849359
-227.7576855801009	197.6562767889579	1066.346905349046
-227.858447562897	197.6472874133202	1066.296184416025
-227.5662539333998	197.4086181000447	1066.859762372481
-227.5020030201083	197.5901732264238	1066.569264843365
-227.6915900220549	197.8155987944311	1066.055882547003
-227.6497307399228	197.4290772120087	1066.739180986302
-227.6640498115398	197.4503011666378	1066.814270772885
-227.7051876042154	197.3917788608897	1066.739669340834
-227.4717354937664	197.355935078631	1066.928095194721
-227.5804826639722	197.3373619015243	1066.962895904202
-227.6281621930737	197.218972533318	1067.072218176809
-227.6748603413386	197.6184713727231	1066.436697854245
-228.0978394800028	197.2682544690994	1066.70037428894
-227.75259998819	197.667732892294	1066.296415193036
-227.7438671046439	197.2361951037899	1066.990422533871
-227.6655007131637	197.9231970465833	1065.883440620921
-227.7113986913738	197.6244223458662	1066.406115613094
-227.395261753082	198.0416730257458	1065.809948734846
-227.4593003087909	197.9033728194444	1066.047626149785
-227.8204701991555	197.4768389947143	1066.591019288
-227.4165937309502	197.0004816129577	1067.549889805618
-227.8341352511164	197.2378683475685	1066.9106872559
-227.8218736203519	197.3684745001991	1066.79451119012
-227.7103213983795	197.2529808480662	1066.989266926025
-227.3894296345738	197.4814934493947	1066.811301248008
-227.509383497881	196.9808418136285	1067.497142362868
-227.6748603413386	197.6184713727231	1066.436697854245
-227.368983602623	197.6375747064279	1066.54141384792
-227.6787245125576	197.4581585367213	1066.697619766992
-227.5451601719695	198.1688252486449	1065.554676120244
-227.2688928451722	197.8485225091165	1066.153562101924
-227.9804014058152	197.2342601161576	1066.934751830393
-227.5627604884359	197.853196786156	1066.152994963542
-227.5410682995972	197.0588035488715	1067.398177947595
-227.7316474149331	197.4648003589051	1066.653266430981
-227.5431207434664	197.4075826610514	1066.864438812265
-227.8270527554242	197.5925919702756	1066.386416169132
-227.3499700067175	197.4989476921568	1066.748645555419
-227.7211854860244	197.6502486557602	1066.37762860451
-227.7316474149331	197.4648003589051	1066.653266430981
-227.3532355403242	197.9202478434416	1066.056579440825
-227.7514652009963	197.4235984468785	1066.680777602191
-227.6593774725133	197.4921867932868	1066.634095071375
-227.3797892446449	197.0623757362271	1067.461534839848
-227.7363891770613	197.4436658333613	1066.685499403132
-227.621176459781	196.9861385292415	1067.403484460172
-227.1973974251852	197.0379961046084	1067.560823745242
-227.7798509286666	197.5871636312888	1066.361205418131
-227.7178272629102	197.3679136798422	1066.882960380012
-227.467687952677	197.9060697251	1066.009283124646
-227.587760555048	197.4034511699603	1066.824249435553
-227.6092187931835	197.4119755511632	1066.811848615988
-227.6497307399228	197.4290772120087	1066.739180986302
-227.7180780744998	197.2421504463944	1067.079836890098
-227.6122835828801	197.2451357393036	1067.134155356206
-227.3320883059648	196.9207698520227	1067.797913274701
-227.7211854860244	197.6502486557602	1066.37762860451
-227.5822171843767	197.2062223190881	1067.263933142271
-228.0978394800028	197.2682544690994	1066.70037428894
-227.8221590435977	197.3594171997806	1066.842512963448
-227.9703012704182	197.420245141579	1066.659131516511
-227.8375959238408	197.5425645029412	1066.450717650623
-227.619211324912	197.5973469353922	1066.469040451443
-227.5921673141871	197.5864082122641	1066.499618911439
-227.6303206322978	197.3197881721406	1066.938633021729
-227.9349053159839	197.2041102871787	1066.990746119504
-227.5837785592164	197.4246496418112	1066.791792718123
-227.4958367630853	198.0864576735308	1065.785484324262
-227.5937005849773	197.6167380553379	1066.507575516666
-227.4124247164331	198.0337594150016	1065.76518176312
-227.5640674898302	197.2473603202455	1067.028875826236
-227.4927384466297	197.2887154430367	1067.057900300723
-227.6952734216971	197.4590452945394	1066.683406845772
-227.4858571179383	196.7436863470351	1067.968218403238
-227.686142700909	197.4347577458817	1066.709175539179
-226.9959880006656	197.3913597224796	1067.046006551682
-227.5901013595536	197.3673521851794	1066.789154624663
-227.0251844220732	197.2839754347401	1067.297639679509
-227.7211854860244	197.6502486557602	1066.37762860451
-227.6612447798312	197.2668721210921	1066.92769682846
-227.4540791283777	197.7616844026714	1066.28124763052
-227.5711885732898	197.7997271539099	1066.290351358579
-227.4813269090182	197.9904702110606	1065.941755843774
-227.7168718919504	197.3212322690873	1066.930299470453
-227.4914427304672	197.4154949038593	1066.790623743373
-227.5396276368234	197.4572373088639	1066.818228590297
-227.2492782595242	197.5352797962561	1066.72744692435
-227.7017962411693	197.9817281109018	1065.852548174079
-227.5508585482276	197.5693492218269	1066.617828828301
-227.5044599730891	197.6606851003265	1066.508912306785
-227.5630848648814	197.8825068256711	1065.96110528587
-227.5156825319152	197.5288813141472	1066.744229658296
-227.9715887259762	197.6651284199411	1066.273095809991
-227.6829919739218	197.6144336357638	1066.402408800665
-227.2849817526288	197.8509894040295	1066.187982914479
-227.6037695344078	197.4494851658338	1066.851043428362
-227.4411827932948	197.8636902490653	1066.17813021517
-227.5650726753196	197.8905300953425	1066.131261950048
-227.2654117541943	197.564084889884	1066.733619969292
-227.5884584024859	197.8702444619379	1066.053774044346
-227.7335968697853	197.8006410878788	1066.10015543086
-227.4753590889817	197.6971819099742	1066.355641565814
-227.4961731798236	197.4923936141891	1066.789012611996
-227.0902838730369	197.201997264016	1067.456705951966
-227.642508168248	197.7696236121251	1066.213068549245
-227.5625336164042	197.64390847244	1066.427977065668
-227.5869222122687	197.5498578441964	1066.589297302512
-227.3744294471594	197.6220724334935	1066.57145098559
-227.7039731371986	197.826746731334	1066.063418848549
-227.5650993642954	197.6477235413072	1066.514182726063
-227.5968408912857	197.4806687121998	1066.80994653963
-227.3444080333216	197.5697063667171	1066.673087636534
-227.1973309863817	197.5638061396362	1066.795391148237
-227.1960066789259	198.2818996727033	1065.378492085494
-227.5563630625682	197.5707412733249	1066.637506394324
-227.5256278762836	198.1476094928211	1065.555181841115
-227.6803748271546	197.8041761678886	1066.150191469022
-227.140635560591	197.3893707349061	1067.164987848111
-227.3951393934102	197.7812508960001	1066.31190694422
-227.2576430373626	198.1210996856715	1065.772270122717
-227.4527472617184	198.0621940849635	1065.87896204656
-227.8149232222928	197.5745975296965	1066.408721766574
-227.2378661926164	197.9096910932484	1066.110463084338
-227.5791451615434	198.1585539825574	1065.660871151515
-227.2393468666572	197.4986754425994	1066.841134607834
-227.5884584024859	197.8702444619379	1066.053774044346
-227.2844182774135	197.423239338269	1066.90772303442
-227.4094357515509	197.8153232478989	1066.300045300576
-227.351308429028	197.8842703049233	1066.290652942081
-227.4158107265957	197.6731417035245	1066.483319203425
-227.4094357515509	197.8153232478989	1066.300045300576
-227.7919756266251	197.8115358236978	1066.052385411203
-227.3264862096885	197.6932213220031	1066.596403257961
-227.240730178622	197.4660942421785	1066.873522776984
-227.5581437904322	197.5541733491293	1066.567595171028
-227.6723400080178	197.6461121554302	1066.370426281446
-227.509620955828	198.1999056477513	1065.564790190047
-227.5073437464814	197.8682678954002	1066.12498126956
-227.2913965986967	197.7407967582793	1066.391167525162

