3D [-292.69037, -27.768354, 1384.4613;
 -300.2984, -72.02298, 1354.8933;
 -289.99945, -85.601563, 1372.824;
 -279.27881, -67.750992, 1401.7699;
 -204.90282, 64.642921, 1469.163;
 -179.65086, 59.967289, 1511.6122;
 -124.74498, 50.370834, 1605.609]temp: [-300.2984, -72.02298, 1354.8933;
 -289.99945, -85.601563, 1372.824;
 -279.27881, -67.750992, 1401.7699;
 -292.69037, -27.768354, 1384.4613]temp: [-179.65086, 59.967289, 1511.6122;
 -124.74498, 50.370834, 1605.609;
 -204.90282, 64.642921, 1469.163]3D [-292.69037, -27.768354, 1384.4613;
 -300.2984, -72.02298, 1354.8933;
 -289.99945, -85.601563, 1372.824;
 -279.27881, -67.750992, 1401.7699;
 -204.90282, 64.642921, 1469.163;
 -179.65086, 59.967289, 1511.6122;
 -124.74498, 50.370834, 1605.609]temp: [-300.2984, -72.02298, 1354.8933;
 -289.99945, -85.601563, 1372.824;
 -279.27881, -67.750992, 1401.7699;
 -292.69037, -27.768354, 1384.4613]temp: [-179.65086, 59.967289, 1511.6122;
 -124.74498, 50.370834, 1605.609;
 -204.90282, 64.642921, 1469.163]3D [-292.69443, -27.764565, 1384.4518;
 -300.31366, -72.026047, 1354.9417;
 -289.99673, -85.613914, 1372.8201;
 -279.2778, -67.765137, 1401.7803;
 -204.86426, 64.650375, 1469.0829;
 -179.61722, 59.976013, 1511.5525;
 -124.66614, 50.378208, 1605.3868]temp: [-300.31366, -72.026047, 1354.9417;
 -289.99673, -85.613914, 1372.8201;
 -279.2778, -67.765137, 1401.7803;
 -292.69443, -27.764565, 1384.4518]temp: [-179.61722, 59.976013, 1511.5525;
 -124.66614, 50.378208, 1605.3868;
 -204.86426, 64.650375, 1469.0829]3D [-292.73309, -27.775087, 1384.531;
 -300.31873, -72.026337, 1354.9015;
 -290.00699, -85.59729, 1372.8135;
 -279.31097, -67.769119, 1401.8329;
 -204.89601, 64.649406, 1469.1044;
 -179.67462, 59.983158, 1511.636;
 -124.74335, 50.381535, 1605.5287]temp: [-300.31873, -72.026337, 1354.9015;
 -290.00699, -85.59729, 1372.8135;
 -279.31097, -67.769119, 1401.8329;
 -292.73309, -27.775087, 1384.531]temp: [-179.67462, 59.983158, 1511.636;
 -124.74335, 50.381535, 1605.5287;
 -204.89601, 64.649406, 1469.1044]3D [-292.69867, -27.765804, 1384.4065;
 -300.34335, -72.021858, 1354.9851;
 -289.99731, -85.598717, 1372.8007;
 -279.27322, -67.745178, 1401.7406;
 -204.8923, 64.667175, 1469.1547;
 -179.63205, 60.000881, 1511.5382;
 -124.69576, 50.401421, 1605.4563]temp: [-300.34335, -72.021858, 1354.9851;
 -289.99731, -85.598717, 1372.8007;
 -279.27322, -67.745178, 1401.7406;
 -292.69867, -27.765804, 1384.4065]temp: [-179.63205, 60.000881, 1511.5382;
 -124.69576, 50.401421, 1605.4563;
 -204.8923, 64.667175, 1469.1547]3D [-292.69919, -27.743885, 1384.4222;
 -300.33377, -72.018845, 1354.9778;
 -290.00604, -85.587593, 1372.8107;
 -279.28284, -67.737236, 1401.7449;
 -204.92783, 64.678741, 1469.2081;
 -179.68373, 60.004288, 1511.6482;
 -124.74785, 50.417767, 1605.4996]temp: [-300.33377, -72.018845, 1354.9778;
 -290.00604, -85.587593, 1372.8107;
 -279.28284, -67.737236, 1401.7449;
 -292.69919, -27.743885, 1384.4222]temp: [-179.68373, 60.004288, 1511.6482;
 -124.74785, 50.417767, 1605.4996;
 -204.92783, 64.678741, 1469.2081]3D [-292.69781, -27.750578, 1384.394;
 -300.34775, -72.012726, 1354.9847;
 -290.01538, -85.579117, 1372.8148;
 -279.29016, -67.74231, 1401.7649;
 -204.88538, 64.671394, 1469.0347;
 -179.65324, 60.00843, 1511.5529;
 -124.73522, 50.42292, 1605.4843]temp: [-300.34775, -72.012726, 1354.9847;
 -290.01538, -85.579117, 1372.8148;
 -279.29016, -67.74231, 1401.7649;
 -292.69781, -27.750578, 1384.394]temp: [-179.65324, 60.00843, 1511.5529;
 -124.73522, 50.42292, 1605.4843;
 -204.88538, 64.671394, 1469.0347]3D [-292.71289, -27.750961, 1384.4667;
 -300.32022, -72.018623, 1354.9095;
 -289.98495, -85.583099, 1372.7334;
 -279.28613, -67.73587, 1401.739;
 -204.89149, 64.68335, 1469.118;
 -179.66949, 60.021961, 1511.6624;
 -124.72825, 50.433167, 1605.5381]temp: [-300.32022, -72.018623, 1354.9095;
 -289.98495, -85.583099, 1372.7334;
 -279.28613, -67.73587, 1401.739;
 -292.71289, -27.750961, 1384.4667]temp: [-179.66949, 60.021961, 1511.6624;
 -124.72825, 50.433167, 1605.5381;
 -204.89149, 64.68335, 1469.118]3D [-292.71274, -27.760086, 1384.4891;
 -300.31363, -72.014099, 1354.9188;
 -290.02274, -85.597778, 1372.8713;
 -279.29367, -67.746597, 1401.78;
 -204.92308, 64.689095, 1469.2373;
 -179.67393, 60.013344, 1511.6578;
 -124.72292, 50.424732, 1605.4546]temp: [-300.31363, -72.014099, 1354.9188;
 -290.02274, -85.597778, 1372.8713;
 -279.29367, -67.746597, 1401.78;
 -292.71274, -27.760086, 1384.4891]temp: [-179.67393, 60.013344, 1511.6578;
 -124.72292, 50.424732, 1605.4546;
 -204.92308, 64.689095, 1469.2373]3D [-292.71231, -27.760721, 1384.4752;
 -300.32196, -72.026955, 1354.9436;
 -290.0246, -85.604256, 1372.8646;
 -279.31491, -67.75943, 1401.8337;
 -204.91713, 64.683868, 1469.2129;
 -179.66429, 60.00983, 1511.5913;
 -124.72514, 50.422691, 1605.4293]temp: [-300.32196, -72.026955, 1354.9436;
 -290.0246, -85.604256, 1372.8646;
 -279.31491, -67.75943, 1401.8337;
 -292.71231, -27.760721, 1384.4752]temp: [-179.66429, 60.00983, 1511.5913;
 -124.72514, 50.422691, 1605.4293;
 -204.91713, 64.683868, 1469.2129]3D [-292.72775, -27.76593, 1384.4967;
 -300.35318, -72.02494, 1355.0175;
 -290.02927, -85.599648, 1372.8674;
 -279.31049, -67.750801, 1401.838;
 -204.91577, 64.685204, 1469.172;
 -179.66399, 60.016544, 1511.6312;
 -124.72243, 50.432617, 1605.501]temp: [-300.35318, -72.02494, 1355.0175;
 -290.02927, -85.599648, 1372.8674;
 -279.31049, -67.750801, 1401.838;
 -292.72775, -27.76593, 1384.4967]temp: [-179.66399, 60.016544, 1511.6312;
 -124.72243, 50.432617, 1605.501;
 -204.91577, 64.685204, 1469.172]3D [-292.72705, -27.759893, 1384.4847;
 -300.34326, -72.014999, 1354.9935;
 -290.03397, -85.595276, 1372.8748;
 -279.2681, -67.74115, 1401.6841;
 -204.90268, 64.68718, 1469.1342;
 -179.66083, 60.02673, 1511.5839;
 -124.73793, 50.438683, 1605.5421]temp: [-300.34326, -72.014999, 1354.9935;
 -290.03397, -85.595276, 1372.8748;
 -279.2681, -67.74115, 1401.6841;
 -292.72705, -27.759893, 1384.4847]temp: [-179.66083, 60.02673, 1511.5839;
 -124.73793, 50.438683, 1605.5421;
 -204.90268, 64.68718, 1469.1342]3D [-292.72275, -27.753832, 1384.5043;
 -300.31677, -72.004921, 1354.9231;
 -290.01837, -85.584778, 1372.8639;
 -279.28421, -67.744156, 1401.7694;
 -204.91972, 64.703362, 1469.2063;
 -179.66052, 60.040401, 1511.5955;
 -124.71328, 50.46056, 1605.375]temp: [-300.31677, -72.004921, 1354.9231;
 -290.01837, -85.584778, 1372.8639;
 -279.28421, -67.744156, 1401.7694;
 -292.72275, -27.753832, 1384.5043]temp: [-179.66052, 60.040401, 1511.5955;
 -124.71328, 50.46056, 1605.375;
 -204.91972, 64.703362, 1469.2063]3D [-292.73398, -27.751801, 1384.553;
 -300.32626, -72.008835, 1354.9298;
 -290.01855, -85.589294, 1372.8484;
 -279.28171, -67.733719, 1401.7484;
 -204.91246, 64.702103, 1469.1877;
 -179.66707, 60.036255, 1511.6293;
 -124.71878, 50.454861, 1605.468]temp: [-300.32626, -72.008835, 1354.9298;
 -290.01855, -85.589294, 1372.8484;
 -279.28171, -67.733719, 1401.7484;
 -292.73398, -27.751801, 1384.553]temp: [-179.66707, 60.036255, 1511.6293;
 -124.71878, 50.454861, 1605.468;
 -204.91246, 64.702103, 1469.1877]3D [-292.72528, -27.76387, 1384.4973;
 -300.34387, -72.023376, 1354.9751;
 -290.03537, -85.595932, 1372.886;
 -279.29602, -67.753365, 1401.8037;
 -204.91174, 64.698334, 1469.1631;
 -179.67247, 60.034309, 1511.6565;
 -124.72446, 50.461067, 1605.4937]temp: [-300.34387, -72.023376, 1354.9751;
 -290.03537, -85.595932, 1372.886;
 -279.29602, -67.753365, 1401.8037;
 -292.72528, -27.76387, 1384.4973]temp: [-179.67247, 60.034309, 1511.6565;
 -124.72446, 50.461067, 1605.4937;
 -204.91174, 64.698334, 1469.1631]3D [-292.73294, -27.771536, 1384.5125;
 -300.32458, -72.032066, 1354.9456;
 -290.0098, -85.601799, 1372.8113;
 -279.27536, -67.754845, 1401.7076;
 -204.93071, 64.677452, 1469.207;
 -179.6925, 60.027088, 1511.6804;
 -124.7681, 50.444248, 1605.5691]temp: [-300.32458, -72.032066, 1354.9456;
 -290.0098, -85.601799, 1372.8113;
 -279.27536, -67.754845, 1401.7076;
 -292.73294, -27.771536, 1384.5125]temp: [-179.6925, 60.027088, 1511.6804;
 -124.7681, 50.444248, 1605.5691;
 -204.93071, 64.677452, 1469.207]3D [-292.68753, -27.77408, 1384.3644;
 -300.33035, -72.034447, 1354.9344;
 -290.00311, -85.602936, 1372.7957;
 -279.29059, -67.760674, 1401.7358;
 -204.88367, 64.686806, 1469.0924;
 -179.64032, 60.020794, 1511.5457;
 -124.70074, 50.446056, 1605.4121]temp: [-300.33035, -72.034447, 1354.9344;
 -290.00311, -85.602936, 1372.7957;
 -279.29059, -67.760674, 1401.7358;
 -292.68753, -27.77408, 1384.3644]temp: [-179.64032, 60.020794, 1511.5457;
 -124.70074, 50.446056, 1605.4121;
 -204.88367, 64.686806, 1469.0924]3D [-292.6908, -27.762718, 1384.3875;
 -300.33408, -72.033401, 1354.9501;
 -290.01346, -85.602592, 1372.8226;
 -279.29141, -67.756157, 1401.7694;
 -204.91403, 64.69632, 1469.1873;
 -179.6555, 60.027317, 1511.5889;
 -124.72711, 50.456566, 1605.5206]temp: [-300.33408, -72.033401, 1354.9501;
 -290.01346, -85.602592, 1372.8226;
 -279.29141, -67.756157, 1401.7694;
 -292.6908, -27.762718, 1384.3875]temp: [-179.6555, 60.027317, 1511.5889;
 -124.72711, 50.456566, 1605.5206;
 -204.91403, 64.69632, 1469.1873]3D [-292.67847, -27.769691, 1384.3774;
 -300.319, -72.028282, 1354.9325;
 -290.0018, -85.597786, 1372.7931;
 -279.30811, -67.7528, 1401.8508;
 -204.8947, 64.696617, 1469.0817;
 -179.66139, 60.039856, 1511.5692;
 -124.74044, 50.460869, 1605.449]temp: [-300.319, -72.028282, 1354.9325;
 -290.0018, -85.597786, 1372.7931;
 -279.30811, -67.7528, 1401.8508;
 -292.67847, -27.769691, 1384.3774]temp: [-179.66139, 60.039856, 1511.5692;
 -124.74044, 50.460869, 1605.449;
 -204.8947, 64.696617, 1469.0817]3D [-292.67838, -27.749968, 1384.3496;
 -300.28571, -72.013763, 1354.8251;
 -289.98462, -85.59539, 1372.7566;
 -279.27307, -67.745102, 1401.7279;
 -204.87659, 64.705322, 1469.0916;
 -179.64357, 60.050674, 1511.615;
 -124.68268, 50.481293, 1605.379]temp: [-300.28571, -72.013763, 1354.8251;
 -289.98462, -85.59539, 1372.7566;
 -279.27307, -67.745102, 1401.7279;
 -292.67838, -27.749968, 1384.3496]temp: [-179.64357, 60.050674, 1511.615;
 -124.68268, 50.481293, 1605.379;
 -204.87659, 64.705322, 1469.0916]3D [-292.73087, -27.744089, 1384.5415;
 -300.32291, -72.002647, 1354.9374;
 -290.02899, -85.586128, 1372.8987;
 -279.26492, -67.736168, 1401.6885;
 -204.91507, 64.724731, 1469.197;
 -179.64532, 60.057289, 1511.5271;
 -124.7211, 50.494198, 1605.4308]temp: [-300.32291, -72.002647, 1354.9374;
 -290.02899, -85.586128, 1372.8987;
 -279.26492, -67.736168, 1401.6885;
 -292.73087, -27.744089, 1384.5415]temp: [-179.64532, 60.057289, 1511.5271;
 -124.7211, 50.494198, 1605.4308;
 -204.91507, 64.724731, 1469.197]3D [-292.69815, -27.745451, 1384.4321;
 -300.30957, -72.013657, 1354.9026;
 -290.02344, -85.585754, 1372.8754;
 -279.2854, -67.737953, 1401.7708;
 -204.93526, 64.729385, 1469.2498;
 -179.66675, 60.064167, 1511.5615;
 -124.74461, 50.49445, 1605.4127]temp: [-300.30957, -72.013657, 1354.9026;
 -290.02344, -85.585754, 1372.8754;
 -279.2854, -67.737953, 1401.7708;
 -292.69815, -27.745451, 1384.4321]temp: [-179.66675, 60.064167, 1511.5615;
 -124.74461, 50.49445, 1605.4127;
 -204.93526, 64.729385, 1469.2498]3D [-292.70038, -27.762623, 1384.447;
 -300.2876, -72.015388, 1354.8273;
 -290.00668, -85.591637, 1372.8331;
 -279.2854, -67.745613, 1401.7646;
 -204.87712, 64.722778, 1469.1331;
 -179.65189, 60.060829, 1511.6661;
 -124.66838, 50.500778, 1605.3551]temp: [-300.2876, -72.015388, 1354.8273;
 -290.00668, -85.591637, 1372.8331;
 -279.2854, -67.745613, 1401.7646;
 -292.70038, -27.762623, 1384.447]temp: [-179.65189, 60.060829, 1511.6661;
 -124.66838, 50.500778, 1605.3551;
 -204.87712, 64.722778, 1469.1331]3D [-292.69907, -27.762415, 1384.4783;
 -300.34695, -72.03109, 1355.047;
 -290.0163, -85.605087, 1372.873;
 -279.25763, -67.755821, 1401.6885;
 -204.89885, 64.720428, 1469.1575;
 -179.66528, 60.06498, 1511.6638;
 -124.71806, 50.504608, 1605.455]temp: [-300.34695, -72.03109, 1355.047;
 -290.0163, -85.605087, 1372.873;
 -279.25763, -67.755821, 1401.6885;
 -292.69907, -27.762415, 1384.4783]temp: [-179.66528, 60.06498, 1511.6638;
 -124.71806, 50.504608, 1605.455;
 -204.89885, 64.720428, 1469.1575]3D [-292.6871, -27.75552, 1384.4147;
 -300.31085, -72.022339, 1354.9277;
 -290.00595, -85.592537, 1372.8386;
 -279.28577, -67.750198, 1401.8064;
 -204.88773, 64.724548, 1469.1084;
 -179.66159, 60.062065, 1511.6149;
 -124.72741, 50.504108, 1605.4067]temp: [-300.31085, -72.022339, 1354.9277;
 -290.00595, -85.592537, 1372.8386;
 -279.28577, -67.750198, 1401.8064;
 -292.6871, -27.75552, 1384.4147]temp: [-179.66159, 60.062065, 1511.6149;
 -124.72741, 50.504108, 1605.4067;
 -204.88773, 64.724548, 1469.1084]3D [-292.70227, -27.756439, 1384.4758;
 -300.32764, -72.02124, 1354.9648;
 -290.01712, -85.592766, 1372.8536;
 -279.32074, -67.746643, 1401.8508;
 -204.88554, 64.733238, 1469.1388;
 -179.62769, 60.068832, 1511.528;
 -124.68476, 50.52462, 1605.3979]temp: [-300.32764, -72.02124, 1354.9648;
 -290.01712, -85.592766, 1372.8536;
 -279.32074, -67.746643, 1401.8508;
 -292.70227, -27.756439, 1384.4758]temp: [-179.62769, 60.068832, 1511.528;
 -124.68476, 50.52462, 1605.3979;
 -204.88554, 64.733238, 1469.1388]3D [-292.70447, -27.767187, 1384.4622;
 -300.31262, -72.021507, 1354.907;
 -290.01205, -85.593857, 1372.8488;
 -279.2749, -67.746239, 1401.7216;
 -204.87207, 64.726242, 1469.0778;
 -179.63472, 60.068275, 1511.5798;
 -124.68852, 50.516293, 1605.4235]temp: [-300.31262, -72.021507, 1354.907;
 -290.01205, -85.593857, 1372.8488;
 -279.2749, -67.746239, 1401.7216;
 -292.70447, -27.767187, 1384.4622]temp: [-179.63472, 60.068275, 1511.5798;
 -124.68852, 50.516293, 1605.4235;
 -204.87207, 64.726242, 1469.0778]3D [-292.71854, -27.754448, 1384.5259;
 -300.31415, -72.014877, 1354.9286;
 -289.96945, -85.581306, 1372.708;
 -279.27133, -67.74472, 1401.7445;
 -204.88647, 64.734253, 1469.1245;
 -179.66028, 60.078094, 1511.6019;
 -124.72723, 50.536541, 1605.4716]temp: [-300.31415, -72.014877, 1354.9286;
 -289.96945, -85.581306, 1372.708;
 -279.27133, -67.74472, 1401.7445;
 -292.71854, -27.754448, 1384.5259]temp: [-179.66028, 60.078094, 1511.6019;
 -124.72723, 50.536541, 1605.4716;
 -204.88647, 64.734253, 1469.1245]3D [-292.69672, -27.753937, 1384.4548;
 -300.29675, -72.00988, 1354.8767;
 -290.02829, -85.587036, 1372.9055;
 -279.27182, -67.735611, 1401.7372;
 -204.87225, 64.746086, 1469.1016;
 -179.661, 60.087578, 1511.6752;
 -124.70915, 50.544708, 1605.4891]temp: [-300.29675, -72.00988, 1354.8767;
 -290.02829, -85.587036, 1372.9055;
 -279.27182, -67.735611, 1401.7372;
 -292.69672, -27.753937, 1384.4548]temp: [-179.661, 60.087578, 1511.6752;
 -124.70915, 50.544708, 1605.4891;
 -204.87225, 64.746086, 1469.1016]3D [-292.69107, -27.754, 1384.4138;
 -300.32458, -72.012169, 1354.9766;
 -290.01099, -85.593025, 1372.8635;
 -279.29312, -67.748848, 1401.8339;
 -204.8587, 64.748123, 1469.0908;
 -179.63014, 60.087769, 1511.6195;
 -124.67273, 50.547085, 1605.436]temp: [-300.32458, -72.012169, 1354.9766;
 -290.01099, -85.593025, 1372.8635;
 -279.29312, -67.748848, 1401.8339;
 -292.69107, -27.754, 1384.4138]temp: [-179.63014, 60.087769, 1511.6195;
 -124.67273, 50.547085, 1605.436;
 -204.8587, 64.748123, 1469.0908]3D [-292.6915, -27.750628, 1384.4646;
 -300.30179, -72.006805, 1354.8982;
 -290.00705, -85.576546, 1372.838;
 -279.27054, -67.742531, 1401.7461;
 -204.88672, 64.75267, 1469.1226;
 -179.66418, 60.089973, 1511.6271;
 -124.70716, 50.551914, 1605.3937]temp: [-300.30179, -72.006805, 1354.8982;
 -290.00705, -85.576546, 1372.838;
 -279.27054, -67.742531, 1401.7461;
 -292.6915, -27.750628, 1384.4646]temp: [-179.66418, 60.089973, 1511.6271;
 -124.70716, 50.551914, 1605.3937;
 -204.88672, 64.75267, 1469.1226]3D [-292.66125, -27.761721, 1384.3525;
 -300.31174, -72.018105, 1354.9;
 -289.98935, -85.597031, 1372.77;
 -279.24945, -67.74321, 1401.6616;
 -204.88992, 64.732498, 1469.1294;
 -179.66066, 60.079243, 1511.594;
 -124.74945, 50.543098, 1605.5713]temp: [-300.31174, -72.018105, 1354.9;
 -289.98935, -85.597031, 1372.77;
 -279.24945, -67.74321, 1401.6616;
 -292.66125, -27.761721, 1384.3525]temp: [-179.66066, 60.079243, 1511.594;
 -124.74945, 50.543098, 1605.5713;
 -204.88992, 64.732498, 1469.1294]3D [-292.72653, -27.771473, 1384.521;
 -300.32968, -72.025818, 1354.9592;
 -289.99899, -85.595528, 1372.8093;
 -279.28336, -67.747566, 1401.8096;
 -204.86832, 64.741646, 1469.1166;
 -179.6409, 60.090752, 1511.6307;
 -124.67685, 50.551739, 1605.3976]temp: [-300.32968, -72.025818, 1354.9592;
 -289.99899, -85.595528, 1372.8093;
 -279.28336, -67.747566, 1401.8096;
 -292.72653, -27.771473, 1384.521]temp: [-179.6409, 60.090752, 1511.6307;
 -124.67685, 50.551739, 1605.3976;
 -204.86832, 64.741646, 1469.1166]3D [-292.71323, -27.760063, 1384.5015;
 -300.34689, -72.026817, 1355.02;
 -290.00311, -85.60009, 1372.8147;
 -279.29291, -67.755402, 1401.8053;
 -204.86502, 64.742645, 1469.0945;
 -179.61047, 60.086777, 1511.4838;
 -124.67372, 50.556602, 1605.381]temp: [-300.34689, -72.026817, 1355.02;
 -290.00311, -85.60009, 1372.8147;
 -279.29291, -67.755402, 1401.8053;
 -292.71323, -27.760063, 1384.5015]temp: [-179.61047, 60.086777, 1511.4838;
 -124.67372, 50.556602, 1605.381;
 -204.86502, 64.742645, 1469.0945]3D [-292.68991, -27.758455, 1384.4647;
 -300.2937, -72.021416, 1354.8829;
 -289.99713, -85.598885, 1372.825;
 -279.2778, -67.74691, 1401.7272;
 -204.88757, 64.752914, 1469.1541;
 -179.64409, 60.097584, 1511.6106;
 -124.72582, 50.559689, 1605.5776]temp: [-300.2937, -72.021416, 1354.8829;
 -289.99713, -85.598885, 1372.825;
 -279.2778, -67.74691, 1401.7272;
 -292.68991, -27.758455, 1384.4647]temp: [-179.64409, 60.097584, 1511.6106;
 -124.72582, 50.559689, 1605.5776;
 -204.88757, 64.752914, 1469.1541]3D [-292.70078, -27.759562, 1384.4534;
 -300.32425, -72.020966, 1354.9606;
 -289.99142, -85.590141, 1372.7601;
 -279.28732, -67.750557, 1401.7925;
 -204.89569, 64.761063, 1469.181;
 -179.63153, 60.105858, 1511.5209;
 -124.68977, 50.567345, 1605.382]temp: [-300.32425, -72.020966, 1354.9606;
 -289.99142, -85.590141, 1372.7601;
 -279.28732, -67.750557, 1401.7925;
 -292.70078, -27.759562, 1384.4534]temp: [-179.63153, 60.105858, 1511.5209;
 -124.68977, 50.567345, 1605.382;
 -204.89569, 64.761063, 1469.181]3D [-292.70764, -27.748665, 1384.4458;
 -300.31607, -72.00705, 1354.9019;
 -289.99759, -85.57634, 1372.759;
 -279.30472, -67.743652, 1401.827;
 -204.89107, 64.761871, 1469.1487;
 -179.63431, 60.114075, 1511.5519;
 -124.70206, 50.59108, 1605.4832]temp: [-300.31607, -72.00705, 1354.9019;
 -289.99759, -85.57634, 1372.759;
 -279.30472, -67.743652, 1401.827;
 -292.70764, -27.748665, 1384.4458]temp: [-179.63431, 60.114075, 1511.5519;
 -124.70206, 50.59108, 1605.4832;
 -204.89107, 64.761871, 1469.1487]3D [-292.70184, -27.765249, 1384.4379;
 -300.32211, -72.026344, 1354.9513;
 -290.02066, -85.605202, 1372.8634;
 -279.3042, -67.752586, 1401.822;
 -204.87556, 64.765381, 1469.129;
 -179.64058, 60.115459, 1511.6398;
 -124.69254, 50.584957, 1605.4985]temp: [-300.32211, -72.026344, 1354.9513;
 -290.02066, -85.605202, 1372.8634;
 -279.3042, -67.752586, 1401.822;
 -292.70184, -27.765249, 1384.4379]temp: [-179.64058, 60.115459, 1511.6398;
 -124.69254, 50.584957, 1605.4985;
 -204.87556, 64.765381, 1469.129]3D [-292.68759, -27.758438, 1384.4082;
 -300.31937, -72.01899, 1354.9326;
 -289.98233, -85.590012, 1372.7224;
 -279.2688, -67.754463, 1401.7295;
 -204.88879, 64.749374, 1469.1149;
 -179.65326, 60.099255, 1511.5737;
 -124.73374, 50.567513, 1605.4851]temp: [-300.31937, -72.01899, 1354.9326;
 -289.98233, -85.590012, 1372.7224;
 -279.2688, -67.754463, 1401.7295;
 -292.68759, -27.758438, 1384.4082]temp: [-179.65326, 60.099255, 1511.5737;
 -124.73374, 50.567513, 1605.4851;
 -204.88879, 64.749374, 1469.1149]3D [-292.70789, -27.770483, 1384.4409;
 -300.31104, -72.029709, 1354.8783;
 -290.00439, -85.603287, 1372.7849;
 -279.29007, -67.762352, 1401.7261;
 -204.88292, 64.747398, 1469.1152;
 -179.65036, 60.102482, 1511.6296;
 -124.70695, 50.569374, 1605.5321]temp: [-300.31104, -72.029709, 1354.8783;
 -290.00439, -85.603287, 1372.7849;
 -279.29007, -67.762352, 1401.7261;
 -292.70789, -27.770483, 1384.4409]temp: [-179.65036, 60.102482, 1511.6296;
 -124.70695, 50.569374, 1605.5321;
 -204.88292, 64.747398, 1469.1152]3D [-292.6842, -27.779509, 1384.3654;
 -300.33875, -72.041054, 1354.9877;
 -289.98553, -85.608902, 1372.7566;
 -279.32343, -67.769341, 1401.8879;
 -204.89622, 64.748131, 1469.1694;
 -179.66469, 60.098465, 1511.6719;
 -124.70492, 50.571907, 1605.496]temp: [-300.33875, -72.041054, 1354.9877;
 -289.98553, -85.608902, 1372.7566;
 -279.32343, -67.769341, 1401.8879;
 -292.6842, -27.779509, 1384.3654]temp: [-179.66469, 60.098465, 1511.6719;
 -124.70492, 50.571907, 1605.496;
 -204.89622, 64.748131, 1469.1694]3D [-292.71725, -27.763517, 1384.4904;
 -300.33853, -72.023415, 1354.9669;
 -290.01801, -85.600777, 1372.8439;
 -279.28302, -67.751068, 1401.7628;
 -204.90369, 64.75441, 1469.202;
 -179.6631, 60.107941, 1511.6558;
 -124.71592, 50.578392, 1605.4325]temp: [-300.33853, -72.023415, 1354.9669;
 -290.01801, -85.600777, 1372.8439;
 -279.28302, -67.751068, 1401.7628;
 -292.71725, -27.763517, 1384.4904]temp: [-179.6631, 60.107941, 1511.6558;
 -124.71592, 50.578392, 1605.4325;
 -204.90369, 64.75441, 1469.202]3D [-292.70947, -27.761702, 1384.4628;
 -300.31509, -72.014015, 1354.9019;
 -290.0119, -85.596649, 1372.8232;
 -279.26282, -67.746849, 1401.686;
 -204.89177, 64.766403, 1469.161;
 -179.65417, 60.11462, 1511.6399;
 -124.71505, 50.593369, 1605.5338]temp: [-300.31509, -72.014015, 1354.9019;
 -290.0119, -85.596649, 1372.8232;
 -279.26282, -67.746849, 1401.686;
 -292.70947, -27.761702, 1384.4628]temp: [-179.65417, 60.11462, 1511.6399;
 -124.71505, 50.593369, 1605.5338;
 -204.89177, 64.766403, 1469.161]3D [-292.73129, -27.77157, 1384.5872;
 -300.3428, -72.033386, 1355.0139;
 -290.0343, -85.602432, 1372.9299;
 -279.31097, -67.759247, 1401.8805;
 -204.86583, 64.762947, 1469.127;
 -179.62177, 60.106953, 1511.5642;
 -124.68214, 50.591103, 1605.5391]temp: [-300.3428, -72.033386, 1355.0139;
 -290.0343, -85.602432, 1372.9299;
 -279.31097, -67.759247, 1401.8805;
 -292.73129, -27.77157, 1384.5872]temp: [-179.62177, 60.106953, 1511.5642;
 -124.68214, 50.591103, 1605.5391;
 -204.86583, 64.762947, 1469.127]3D [-292.70746, -27.762775, 1384.4642;
 -300.33487, -72.02475, 1354.9745;
 -289.99002, -85.604225, 1372.7729;
 -279.28085, -67.755463, 1401.7258;
 -204.91829, 64.769501, 1469.2281;
 -179.66974, 60.118866, 1511.6002;
 -124.74419, 50.592602, 1605.4453]temp: [-300.33487, -72.02475, 1354.9745;
 -289.99002, -85.604225, 1372.7729;
 -279.28085, -67.755463, 1401.7258;
 -292.70746, -27.762775, 1384.4642]temp: [-179.66974, 60.118866, 1511.6002;
 -124.74419, 50.592602, 1605.4453;
 -204.91829, 64.769501, 1469.2281]3D [-292.71063, -27.759504, 1384.4777;
 -300.33521, -72.017403, 1354.9949;
 -290.00299, -85.588783, 1372.78;
 -279.29425, -67.751038, 1401.8049;
 -204.87994, 64.772102, 1469.0585;
 -179.6458, 60.131252, 1511.5219;
 -124.73196, 50.61483, 1605.4435]temp: [-300.33521, -72.017403, 1354.9949;
 -290.00299, -85.588783, 1372.78;
 -279.29425, -67.751038, 1401.8049;
 -292.71063, -27.759504, 1384.4777]temp: [-179.6458, 60.131252, 1511.5219;
 -124.73196, 50.61483, 1605.4435;
 -204.87994, 64.772102, 1469.0585]3D [-292.72034, -27.748343, 1384.5319;
 -300.31161, -72.001015, 1354.8964;
 -290.00531, -85.57209, 1372.8416;
 -279.31152, -67.735649, 1401.8636;
 -204.83838, 64.781815, 1469.0486;
 -179.62367, 60.144341, 1511.6361;
 -124.64561, 50.626625, 1605.3568]temp: [-300.31161, -72.001015, 1354.8964;
 -290.00531, -85.57209, 1372.8416;
 -279.31152, -67.735649, 1401.8636;
 -292.72034, -27.748343, 1384.5319]temp: [-179.62367, 60.144341, 1511.6361;
 -124.64561, 50.626625, 1605.3568;
 -204.83838, 64.781815, 1469.0486]3D [-292.69183, -27.743553, 1384.4236;
 -300.31927, -72.012466, 1354.9227;
 -289.9964, -85.581177, 1372.7889;
 -279.25534, -67.734978, 1401.6897;
 -204.8951, 64.781189, 1469.1425;
 -179.65939, 60.13303, 1511.5784;
 -124.72786, 50.614849, 1605.4863]temp: [-300.31927, -72.012466, 1354.9227;
 -289.9964, -85.581177, 1372.7889;
 -279.25534, -67.734978, 1401.6897;
 -292.69183, -27.743553, 1384.4236]temp: [-179.65939, 60.13303, 1511.5784;
 -124.72786, 50.614849, 1605.4863;
 -204.8951, 64.781189, 1469.1425]3D [-292.72336, -27.748575, 1384.5272;
 -300.28986, -72.002365, 1354.8203;
 -289.98395, -85.574699, 1372.731;
 -279.27332, -67.734695, 1401.6907;
 -204.88931, 64.783768, 1469.0171;
 -179.66426, 60.129597, 1511.481;
 -124.76701, 50.597691, 1605.4463]temp: [-300.28986, -72.002365, 1354.8203;
 -289.98395, -85.574699, 1372.731;
 -279.27332, -67.734695, 1401.6907;
 -292.72336, -27.748575, 1384.5272]temp: [-179.66426, 60.129597, 1511.481;
 -124.76701, 50.597691, 1605.4463;
 -204.88931, 64.783768, 1469.0171]3D [-292.67731, -27.757608, 1384.3658;
 -300.31979, -72.01915, 1354.9071;
 -290.01846, -85.60025, 1372.87;
 -279.27682, -67.752792, 1401.7209;
 -204.84216, 64.781616, 1469.0242;
 -179.5985, 60.136898, 1511.5618;
 -124.64871, 50.632854, 1605.4852]temp: [-300.31979, -72.01915, 1354.9071;
 -290.01846, -85.60025, 1372.87;
 -279.27682, -67.752792, 1401.7209;
 -292.67731, -27.757608, 1384.3658]temp: [-179.5985, 60.136898, 1511.5618;
 -124.64871, 50.632854, 1605.4852;
 -204.84216, 64.781616, 1469.0242]3D [-292.72025, -27.763702, 1384.5134;
 -300.29697, -72.020271, 1354.8657;
 -290.02448, -85.598518, 1372.8868;
 -279.29736, -67.752182, 1401.7998;
 -204.86336, 64.765541, 1469.0557;
 -179.6297, 60.121601, 1511.5421;
 -124.68137, 50.606281, 1605.3678]temp: [-300.29697, -72.020271, 1354.8657;
 -290.02448, -85.598518, 1372.8868;
 -279.29736, -67.752182, 1401.7998;
 -292.72025, -27.763702, 1384.5134]temp: [-179.6297, 60.121601, 1511.5421;
 -124.68137, 50.606281, 1605.3678;
 -204.86336, 64.765541, 1469.0557]3D [-292.71985, -27.776039, 1384.5135;
 -300.31836, -72.035858, 1354.9146;
 -290.02182, -85.6101, 1372.8422;
 -279.29929, -67.771935, 1401.809;
 -204.94514, 64.764725, 1469.2323;
 -179.70883, 60.103634, 1511.6332;
 -124.79256, 50.587894, 1605.4689]temp: [-300.31836, -72.035858, 1354.9146;
 -290.02182, -85.6101, 1372.8422;
 -279.29929, -67.771935, 1401.809;
 -292.71985, -27.776039, 1384.5135]temp: [-179.70883, 60.103634, 1511.6332;
 -124.79256, 50.587894, 1605.4689;
 -204.94514, 64.764725, 1469.2323]3D [-292.73627, -27.777958, 1384.4901;
 -300.34372, -72.039108, 1354.9465;
 -290.02829, -85.609306, 1372.8298;
 -279.3161, -67.781349, 1401.8048;
 -204.858, 64.770149, 1469.1168;
 -179.6286, 60.125607, 1511.6636;
 -124.63876, 50.613609, 1605.4247]temp: [-300.34372, -72.039108, 1354.9465;
 -290.02829, -85.609306, 1372.8298;
 -279.3161, -67.781349, 1401.8048;
 -292.73627, -27.777958, 1384.4901]temp: [-179.6286, 60.125607, 1511.6636;
 -124.63876, 50.613609, 1605.4247;
 -204.858, 64.770149, 1469.1168]3D [-292.70267, -27.764265, 1384.4526;
 -300.31805, -72.018852, 1354.9161;
 -289.99435, -85.595757, 1372.7968;
 -279.26627, -67.754761, 1401.7091;
 -204.87402, 64.783371, 1469.0945;
 -179.65651, 60.145428, 1511.6602;
 -124.7237, 50.63308, 1605.558]temp: [-300.31805, -72.018852, 1354.9161;
 -289.99435, -85.595757, 1372.7968;
 -279.26627, -67.754761, 1401.7091;
 -292.70267, -27.764265, 1384.4526]temp: [-179.65651, 60.145428, 1511.6602;
 -124.7237, 50.63308, 1605.558;
 -204.87402, 64.783371, 1469.0945]3D [-292.67258, -27.750546, 1384.3485;
 -300.31769, -72.012497, 1354.91;
 -290.00772, -85.592834, 1372.8281;
 -279.28345, -67.742737, 1401.7509;
 -204.95703, 64.793312, 1469.2395;
 -179.70802, 60.14127, 1511.5742;
 -124.83036, 50.630104, 1605.5753]temp: [-300.31769, -72.012497, 1354.91;
 -290.00772, -85.592834, 1372.8281;
 -279.28345, -67.742737, 1401.7509;
 -292.67258, -27.750546, 1384.3485]temp: [-179.70802, 60.14127, 1511.5742;
 -124.83036, 50.630104, 1605.5753;
 -204.95703, 64.793312, 1469.2395]3D [-292.72568, -27.757858, 1384.4873;
 -300.32175, -72.024628, 1354.8835;
 -290.01004, -85.587234, 1372.786;
 -279.28458, -67.746437, 1401.7188;
 -204.83478, 64.784004, 1469.0547;
 -179.62947, 60.147469, 1511.7292;
 -124.63219, 50.6418, 1605.4949]temp: [-300.32175, -72.024628, 1354.8835;
 -290.01004, -85.587234, 1372.786;
 -279.28458, -67.746437, 1401.7188;
 -292.72568, -27.757858, 1384.4873]temp: [-179.62947, 60.147469, 1511.7292;
 -124.63219, 50.6418, 1605.4949;
 -204.83478, 64.784004, 1469.0547]3D [-292.70166, -27.761761, 1384.4401;
 -300.32321, -72.017021, 1354.9296;
 -289.98105, -85.590645, 1372.7117;
 -279.28772, -67.747154, 1401.7821;
 -204.86803, 64.796486, 1469.1323;
 -179.63478, 60.151566, 1511.624;
 -124.68472, 50.64764, 1605.4363]temp: [-300.32321, -72.017021, 1354.9296;
 -289.98105, -85.590645, 1372.7117;
 -279.28772, -67.747154, 1401.7821;
 -292.70166, -27.761761, 1384.4401]temp: [-179.63478, 60.151566, 1511.624;
 -124.68472, 50.64764, 1605.4363;
 -204.86803, 64.796486, 1469.1323]3D [-292.67099, -27.758451, 1384.3213;
 -300.33606, -72.028496, 1354.9618;
 -290.01294, -85.601593, 1372.823;
 -279.27509, -67.749908, 1401.7042;
 -204.95419, 64.768829, 1469.2111;
 -179.705, 60.106453, 1511.5316;
 -124.81657, 50.589298, 1605.4382]temp: [-300.33606, -72.028496, 1354.9618;
 -290.01294, -85.601593, 1372.823;
 -279.27509, -67.749908, 1401.7042;
 -292.67099, -27.758451, 1384.3213]temp: [-179.705, 60.106453, 1511.5316;
 -124.81657, 50.589298, 1605.4382;
 -204.95419, 64.768829, 1469.2111]3D [-292.72855, -27.76659, 1384.489;
 -300.35355, -72.033035, 1354.9777;
 -290.02792, -85.599281, 1372.8253;
 -279.29565, -67.756584, 1401.7487;
 -204.82402, 64.788437, 1468.999;
 -179.60143, 60.148506, 1511.5867;
 -124.62166, 50.654392, 1605.4227]temp: [-300.35355, -72.033035, 1354.9777;
 -290.02792, -85.599281, 1372.8253;
 -279.29565, -67.756584, 1401.7487;
 -292.72855, -27.76659, 1384.489]temp: [-179.60143, 60.148506, 1511.5867;
 -124.62166, 50.654392, 1605.4227;
 -204.82402, 64.788437, 1468.999]3D [-292.71628, -27.770418, 1384.4552;
 -300.35052, -72.023018, 1354.9685;
 -290.0217, -85.610741, 1372.8312;
 -279.29565, -67.758263, 1401.7595;
 -204.87865, 64.779984, 1469.0649;
 -179.65134, 60.145401, 1511.613;
 -124.70095, 50.640438, 1605.3772]temp: [-300.35052, -72.023018, 1354.9685;
 -290.0217, -85.610741, 1372.8312;
 -279.29565, -67.758263, 1401.7595;
 -292.71628, -27.770418, 1384.4552]temp: [-179.65134, 60.145401, 1511.613;
 -124.70095, 50.640438, 1605.3772;
 -204.87865, 64.779984, 1469.0649]