objeto:POINTER
[-20.53238677978516, 0.5013048052787781, 16.64923286437988, 7.215877056121826;
 142.4759674072266, 97.12651824951172, 106.3094787597656, 144.5207672119141;
 1101.542846679688, 1099.703125, 1108.343139648438, 1112.649169921875]objeto:POINTER
[-20.53238677978516, 0.5013048052787781, 16.64923286437988, 7.215877056121826;
 142.4759674072266, 97.12651824951172, 106.3094787597656, 144.5207672119141;
 1101.542846679688, 1099.703125, 1108.343139648438, 1112.649169921875]objeto:POINTER
[-20.64320755004883, 0.1683404147624969, 16.37811660766602, 7.144424438476563;
 142.3525085449219, 96.90052795410156, 106.016242980957, 144.2530212402344;
 1101.403686523438, 1099.441650390625, 1108.03466796875, 1112.461669921875]objeto:POINTER
[-20.41055107116699, 1.141936182975769, 17.2381649017334, 7.411586284637451;
 142.9154052734375, 97.77838134765625, 107.1376724243164, 145.2130432128906;
 1101.191040039063, 1098.98193359375, 1107.516967773438, 1112.029541015625]objeto:POINTER
[-20.32545280456543, 1.297401070594788, 17.35255432128906, 7.435141086578369;
 142.9455413818359, 97.8675537109375, 107.2475204467773, 145.2997589111328;
 1101.346069335938, 1099.391357421875, 1107.947998046875, 1112.362915039063]objeto:POINTER
[-20.37957191467285, 1.135567784309387, 17.20343780517578, 7.39993953704834;
 142.8641357421875, 97.71609497070313, 107.0625915527344, 145.1479187011719;
 1101.32177734375, 1099.334106445313, 1107.900756835938, 1112.328002929688]objeto:POINTER
[-20.43455505371094, 0.9465184807777405, 17.05584144592285, 7.360319137573242;
 142.7823791503906, 97.56415557861328, 106.8990249633789, 145.0059509277344;
 1101.290649414063, 1099.274169921875, 1107.861694335938, 1112.244995117188]objeto:POINTER
[-20.47238540649414, 0.8459070920944214, 16.97036933898926, 7.329358577728271;
 142.7183227539063, 97.48080444335938, 106.8017349243164, 144.9152374267578;
 1101.311401367188, 1099.312866210938, 1107.92041015625, 1112.231811523438]objeto:POINTER
[-20.47602653503418, 0.8065814971923828, 16.94119453430176, 7.322120666503906;
 142.6810455322266, 97.42747497558594, 106.7511978149414, 144.8745574951172;
 1101.363525390625, 1099.430419921875, 1108.030151367188, 1112.308959960938]objeto:POINTER
[-20.54544639587402, 0.613032341003418, 16.78989601135254, 7.265018939971924;
 142.5896148681641, 97.28371429443359, 106.5489120483398, 144.7167053222656;
 1101.354248046875, 1099.36865234375, 1107.935546875, 1112.27783203125]objeto:POINTER
[-20.57315444946289, 0.5538842082023621, 16.74244117736816, 7.263113975524902;
 142.5650482177734, 97.25650024414063, 106.4995346069336, 144.6723480224609;
 1101.3583984375, 1099.424682617188, 1107.928833007813, 1112.190551757813]objeto:POINTER
[-20.53161239624023, 0.6966202855110168, 16.870849609375, 7.302503108978271;
 142.6346130371094, 97.35375213623047, 106.6501846313477, 144.7971038818359;
 1101.31689453125, 1099.314086914063, 1107.861938476563, 1112.140258789063]objeto:POINTER
[-20.58563232421875, 0.5408726334571838, 16.74522399902344, 7.261192798614502;
 142.5564270019531, 97.25424194335938, 106.4991302490234, 144.6826629638672;
 1101.2666015625, 1099.363159179688, 1107.850341796875, 1112.155883789063]objeto:POINTER
[-20.5911750793457, 0.5577822923660278, 16.75768089294434, 7.262564182281494;
 142.5780944824219, 97.2696533203125, 106.5395889282227, 144.7005004882813;
 1101.290893554688, 1099.257568359375, 1107.816528320313, 1112.109619140625]objeto:POINTER
[-20.56529808044434, 0.6344612836837769, 16.83285331726074, 7.2961745262146;
 142.6062316894531, 97.3148193359375, 106.6130523681641, 144.7596435546875;
 1101.29248046875, 1099.318603515625, 1107.789672851563, 1112.039916992188]objeto:POINTER
[-20.5098819732666, 0.775976300239563, 16.93618965148926, 7.328054904937744;
 142.6592254638672, 97.41323852539063, 106.7523880004883, 144.8856506347656;
 1101.329223632813, 1099.4580078125, 1107.966674804688, 1112.10302734375]objeto:POINTER
[-20.54775047302246, 0.6871321797370911, 16.87268829345703, 7.313738822937012;
 142.6143951416016, 97.33168792724609, 106.6628112792969, 144.8098297119141;
 1101.3212890625, 1099.383422851563, 1107.916625976563, 1112.0654296875]objeto:POINTER
[-20.63728523254395, 0.4433811902999878, 16.66666984558105, 7.239624977111816;
 142.4882049560547, 97.15003204345703, 106.3921737670898, 144.6068420410156;
 1101.271606445313, 1099.344604492188, 1107.766723632813, 1112.073852539063]objeto:POINTER
[-20.61574935913086, 0.5190281271934509, 16.74361991882324, 7.261366367340088;
 142.5354614257813, 97.23882293701172, 106.5074157714844, 144.6875762939453;
 1101.271728515625, 1099.379516601563, 1107.751220703125, 1111.978393554688]objeto:POINTER
[-20.61800384521484, 0.5303069353103638, 16.75475311279297, 7.270562648773193;
 142.5442962646484, 97.24338531494141, 106.5260314941406, 144.6974029541016;
 1101.227661132813, 1099.307739257813, 1107.710815429688, 1111.942138671875]objeto:POINTER
[-20.6486759185791, 0.4514577388763428, 16.6954460144043, 7.25403356552124;
 142.5189361572266, 97.20195770263672, 106.4611511230469, 144.6510467529297;
 1101.127807617188, 1099.230590820313, 1107.577880859375, 1111.844116210938]objeto:POINTER
[-20.68521881103516, 0.3847648501396179, 16.6485424041748, 7.239471912384033;
 142.5042266845703, 97.17939758300781, 106.4225234985352, 144.6246032714844;
 1101.083251953125, 1099.146118164063, 1107.464965820313, 1111.786865234375]objeto:POINTER
[-20.60784149169922, 0.6243018507957458, 16.84825325012207, 7.300236701965332;
 142.6181030273438, 97.34246826171875, 106.6699752807617, 144.8247985839844;
 1101.137451171875, 1099.142211914063, 1107.578002929688, 1111.7578125]objeto:POINTER
[-20.5711498260498, 0.7343605756759644, 16.94267272949219, 7.333565235137939;
 142.6729736328125, 97.43117523193359, 106.8051147460938, 144.9266662597656;
 1101.1357421875, 1099.128784179688, 1107.578857421875, 1111.69921875]objeto:POINTER
[-20.62721252441406, 0.6123226284980774, 16.85748481750488, 7.306191444396973;
 142.6248321533203, 97.36476898193359, 106.7092361450195, 144.8549957275391;
 1101.032104492188, 1099.061279296875, 1107.450073242188, 1111.62353515625]objeto:POINTER
[-20.61784744262695, 0.6637635827064514, 16.90460205078125, 7.327295303344727;
 142.6623077392578, 97.41478729248047, 106.7856826782227, 144.9206848144531;
 1100.981323242188, 1099.04833984375, 1107.387817382813, 1111.516723632813]objeto:POINTER
[-20.67336845397949, 0.5342807173728943, 16.8150634765625, 7.294247150421143;
 142.5995941162109, 97.33844757080078, 106.6700286865234, 144.8312835693359;
 1100.894897460938, 1099.011962890625, 1107.240478515625, 1111.4130859375]objeto:POINTER
[-20.77752685546875, 0.2272928655147552, 16.55088996887207, 7.199824333190918;
 142.42041015625, 97.08892059326172, 106.3446960449219, 144.572021484375;
 1100.785522460938, 1098.947998046875, 1107.171142578125, 1111.473510742188]objeto:POINTER
[-20.8551139831543, -0.1039853990077972, 16.27025032043457, 7.123410224914551;
 142.2428741455078, 96.78992462158203, 105.992919921875, 144.2798156738281;
 1100.805053710938, 1099.130249023438, 1107.326416015625, 1111.52099609375]objeto:POINTER
[-21.19396781921387, -1.221759796142578, 15.30431079864502, 6.831567287445068;
 141.7090301513672, 95.87738037109375, 104.8198699951172, 143.25146484375;
 1100.954467773438, 1099.354858398438, 1107.48193359375, 1111.5205078125]objeto:POINTER
[-21.72409439086914, -2.942023754119873, 13.83718204498291, 6.345434665679932;
 140.9263153076172, 94.59642791748047, 103.1205062866211, 141.782470703125;
 1100.92529296875, 1099.385131835938, 1107.555419921875, 1111.481567382813]objeto:POINTER
[-22.32513427734375, -4.8312087059021, 12.2095890045166, 5.787808418273926;
 140.0691375732422, 93.21416473388672, 101.3161926269531, 140.1949768066406;
 1100.965942382813, 1099.631713867188, 1107.54541015625, 1111.408447265625]objeto:POINTER
[-22.53539657592773, -5.713998794555664, 11.3803243637085, 5.507322311401367;
 139.6432952880859, 92.56604766845703, 100.406135559082, 139.3721466064453;
 1101.223876953125, 1100.10009765625, 1108.0234375, 1111.801391601563]objeto:POINTER
[-22.69692611694336, -6.325903415679932, 10.80642127990723, 5.303217887878418;
 139.3894195556641, 92.13410186767578, 99.83286285400391, 138.8546600341797;
 1101.2138671875, 1100.1494140625, 1108.33349609375, 1111.968627929688]objeto:POINTER
[-23.01968383789063, -7.323426246643066, 9.924858093261719, 4.987663269042969;
 138.9563598632813, 91.47480010986328, 98.92362213134766, 138.0430603027344;
 1101.288452148438, 1100.410400390625, 1108.486328125, 1112.103515625]objeto:POINTER
[-23.45075607299805, -8.675178527832031, 8.69658088684082, 4.527298450469971;
 138.3987426757813, 90.59548950195313, 97.73920440673828, 136.955078125;
 1101.368041992188, 1100.435913085938, 1108.573364257813, 1112.11376953125]objeto:POINTER
[-23.86095237731934, -9.969511032104492, 7.562656402587891, 4.097205638885498;
 137.8509216308594, 89.82865905761719, 96.65498352050781, 135.9501800537109;
 1101.262573242188, 1100.553344726563, 1108.518432617188, 1112.122192382813]objeto:POINTER
[-24.17028045654297, -10.85179805755615, 6.759453773498535, 3.776885032653809;
 137.5302734375, 89.30222320556641, 95.91551971435547, 135.2675933837891;
 1101.42724609375, 1100.557495117188, 1108.602783203125, 1112.134887695313]objeto:POINTER
[-24.34509086608887, -11.42274761199951, 6.23030424118042, 3.577971220016479;
 137.337158203125, 89.01913452148438, 95.48463439941406, 134.8368988037109;
 1101.326171875, 1100.524169921875, 1108.544311523438, 1112.057250976563]objeto:POINTER
[-24.44872856140137, -11.65181446075439, 6.04011869430542, 3.499299287796021;
 137.3248291015625, 88.9625244140625, 95.34028625488281, 134.6851043701172;
 1101.287353515625, 1100.1318359375, 1108.214111328125, 1111.831298828125]objeto:POINTER
[-24.52034187316895, -11.86106777191162, 5.873900890350342, 3.421527147293091;
 137.3094940185547, 88.92702484130859, 95.22127532958984, 134.5769653320313;
 1101.119262695313, 1099.846557617188, 1107.746948242188, 1111.739624023438]objeto:POINTER
[-24.54705047607422, -11.93741703033447, 5.81162166595459, 3.392148733139038;
 137.3307647705078, 88.93697357177734, 95.17385864257813, 134.5296630859375;
 1101.055053710938, 1099.644409179688, 1107.423583984375, 1111.69091796875]objeto:POINTER
[-24.63457679748535, -12.25346755981445, 5.471133232116699, 3.258883476257324;
 137.2069549560547, 88.73796844482422, 94.89575958251953, 134.2445526123047;
 1101.087036132813, 1099.54833984375, 1107.67138671875, 1111.822265625]objeto:POINTER
[-24.73068046569824, -12.65624237060547, 5.095265865325928, 3.099078416824341;
 137.1003875732422, 88.57258605957031, 94.58279418945313, 133.9154815673828;
 1101.071533203125, 1099.422607421875, 1107.529541015625, 1111.935424804688]objeto:POINTER
[-24.9379768371582, -13.33935642242432, 4.441871166229248, 2.817745685577393;
 136.9091949462891, 88.2889404296875, 94.07780456542969, 133.4057464599609;
 1100.870971679688, 1098.923950195313, 1107.313720703125, 1111.793579101563]objeto:POINTER
[-25.34602165222168, -14.52507972717285, 3.372165441513062, 2.389536619186401;
 136.5716705322266, 87.76930999755859, 93.2366943359375, 132.5726318359375;
 1100.875610351563, 1098.80126953125, 1107.018188476563, 1111.688110351563]objeto:POINTER
[-25.94232940673828, -16.22481155395508, 1.816731691360474, 1.712188482284546;
 136.0057678222656, 86.96952819824219, 92.03095245361328, 131.3932342529297;
 1100.780151367188, 1098.580444335938, 1106.796264648438, 1111.5400390625]objeto:POINTER
[-26.35492897033691, -17.40236473083496, 0.7302566766738892, 1.261414051055908;
 135.6101379394531, 86.45161437988281, 91.23197174072266, 130.5819244384766;
 1100.7841796875, 1098.755615234375, 1106.8603515625, 1111.475341796875]objeto:POINTER
[-26.5468692779541, -17.97165489196777, 0.1938292235136032, 1.010709285736084;
 135.4570159912109, 86.2178955078125, 90.84340667724609, 130.1832580566406;
 1100.712158203125, 1098.517456054688, 1106.587890625, 1111.472900390625]objeto:POINTER
[-26.9294376373291, -19.01845359802246, -0.757299542427063, 0.5990904569625854;
 135.1476593017578, 85.79297637939453, 90.161865234375, 129.4920196533203;
 1100.73291015625, 1098.45654296875, 1106.443481445313, 1111.298828125]objeto:POINTER
[-27.39215850830078, -20.33686637878418, -2.03152871131897, 0.04058773070573807;
 134.7362060546875, 85.2698974609375, 89.33509826660156, 128.6071319580078;
 1100.556884765625, 1098.284912109375, 1106.498413085938, 1111.147705078125]objeto:POINTER
[-27.96645164489746, -21.90378379821777, -3.456217050552368, -0.6203545928001404;
 134.3258209228516, 84.72599792480469, 88.38585662841797, 127.6154632568359;
 1100.541625976563, 1098.123168945313, 1106.081665039063, 1111.0009765625]objeto:POINTER
[-28.25841903686523, -22.79584312438965, -4.304086208343506, -1.015285015106201;
 134.1251373291016, 84.4969482421875, 87.89210510253906, 127.049072265625;
 1100.296630859375, 1097.669189453125, 1105.519897460938, 1110.732788085938]objeto:POINTER
[-28.5101375579834, -23.43976211547852, -4.915956974029541, -1.293116688728333;
 134.0262145996094, 84.36708068847656, 87.56385803222656, 126.6853332519531;
 1100.037231445313, 1097.090087890625, 1105.05810546875, 1110.491943359375]objeto:POINTER
[-28.84791564941406, -24.30670166015625, -5.744460582733154, -1.678619027137756;
 133.8727722167969, 84.14825439453125, 87.12725830078125, 126.1605224609375;
 1099.99853515625, 1096.6025390625, 1104.697387695313, 1110.174194335938]objeto:POINTER
[-29.3631591796875, -25.7297306060791, -7.084753036499023, -2.332329988479614;
 133.5303039550781, 83.75898742675781, 86.35075378417969, 125.3032989501953;
 1099.761352539063, 1096.339111328125, 1104.203979492188, 1109.9814453125]objeto:POINTER
[-29.6715087890625, -26.65205764770508, -8.012838363647461, -2.77666974067688;
 133.4126129150391, 83.62500762939453, 85.91869354248047, 124.7498550415039;
 1099.5859375, 1095.611938476563, 1103.652709960938, 1109.746704101563]objeto:POINTER
[-29.73981857299805, -27.06822776794434, -8.452668190002441, -2.98691725730896;
 133.3974304199219, 83.63181304931641, 85.70143890380859, 124.4444885253906;
 1099.560424804688, 1095.3623046875, 1103.416015625, 1109.872680664063]objeto:POINTER
[-29.93074607849121, -27.62580680847168, -9.027946472167969, -3.280651092529297;
 133.3296051025391, 83.55991363525391, 85.42725372314453, 124.0912933349609;
 1099.41650390625, 1094.662231445313, 1102.881713867188, 1109.740478515625]objeto:POINTER
[-30.44483947753906, -29.06705284118652, -10.40668106079102, -3.951002359390259;
 133.0743408203125, 83.31435394287109, 84.78463745117188, 123.2817153930664;
 1099.201293945313, 1094.197509765625, 1102.23583984375, 1109.431884765625]objeto:POINTER
[-30.90733909606934, -30.29196929931641, -11.60674858093262, -4.558978080749512;
 132.7901611328125, 83.03347778320313, 84.20733642578125, 122.5558929443359;
 1099.055053710938, 1093.827758789063, 1102.03466796875, 1109.169799804688]objeto:POINTER
[-31.10269927978516, -30.86402130126953, -12.16940307617188, -4.842148780822754;
 132.6978302001953, 82.94512939453125, 83.93072509765625, 122.2458038330078;
 1099.056518554688, 1093.766845703125, 1101.719482421875, 1109.21728515625]objeto:POINTER
[-31.08349227905273, -31.08531951904297, -12.51724338531494, -5.034907817840576;
 132.7155456542969, 83.01913452148438, 83.81037139892578, 121.9889221191406;
 1098.969360351563, 1093.078125, 1101.585083007813, 1109.41357421875]objeto:POINTER
[-31.62528228759766, -32.50916290283203, -13.88549518585205, -5.738424777984619;
 132.4769592285156, 82.81259155273438, 83.22984313964844, 121.240478515625;
 1098.914306640625, 1092.870727539063, 1101.047973632813, 1109.16748046875]objeto:POINTER
[-31.83633613586426, -33.14303588867188, -14.53817367553711, -6.070651054382324;
 132.3536224365234, 82.72274017333984, 82.95035552978516, 120.8599319458008;
 1098.734008789063, 1092.529663085938, 1100.816040039063, 1109.079956054688]objeto:POINTER
[-31.87924766540527, -33.36018753051758, -14.78194808959961, -6.201879024505615;
 132.3050842285156, 82.71263885498047, 82.85102081298828, 120.7026977539063;
 1098.757202148438, 1092.528564453125, 1100.8486328125, 1109.172973632813]objeto:POINTER
[-32.07091903686523, -33.85371780395508, -15.28582572937012, -6.457155704498291;
 132.1865844726563, 82.59150695800781, 82.61064147949219, 120.4050369262695;
 1098.725952148438, 1092.354125976563, 1100.751586914063, 1109.043212890625]objeto:POINTER
[-32.5828742980957, -35.12013626098633, -16.47233390808105, -7.074013233184814;
 131.9642791748047, 82.411865234375, 82.13715362548828, 119.7909393310547;
 1098.6640625, 1092.307250976563, 1100.351196289063, 1108.823608398438]objeto:POINTER
[-32.95410537719727, -36.12111663818359, -17.45199394226074, -7.574567317962646;
 131.8651428222656, 82.393310546875, 81.85436248779297, 119.3326873779297;
 1098.299072265625, 1091.648803710938, 1099.7666015625, 1108.355590820313]objeto:POINTER
[-33.05620193481445, -36.36614608764648, -17.73160743713379, -7.731193542480469;
 131.9110717773438, 82.51138305664063, 81.84405517578125, 119.2257919311523;
 1098.067749023438, 1090.939331054688, 1099.20703125, 1108.089233398438]objeto:POINTER
[-33.01815795898438, -36.30146026611328, -17.67038917541504, -7.702861309051514;
 132.0001220703125, 82.6446533203125, 81.93807983398438, 119.2767562866211;
 1097.97705078125, 1090.604858398438, 1098.879272460938, 1107.959228515625]objeto:POINTER
[-33.31294250488281, -37.00617218017578, -18.35624313354492, -8.063643455505371;
 131.9002380371094, 82.55764770507813, 81.69719696044922, 118.9361801147461;
 1097.994018554688, 1090.49267578125, 1098.681762695313, 1107.753295898438]objeto:POINTER
[-33.72664260864258, -38.09367752075195, -19.43183708190918, -8.621845245361328;
 131.7115325927734, 82.46659851074219, 81.33837890625, 118.4185409545898;
 1097.6953125, 1090.150634765625, 1098.336181640625, 1107.453125]objeto:POINTER
[-34.25881195068359, -39.34917449951172, -20.68104362487793, -9.280274391174316;
 131.5753784179688, 82.42780303955078, 80.96421051025391, 117.8220520019531;
 1097.576782226563, 1089.568969726563, 1097.58544921875, 1106.92822265625]objeto:POINTER
[-34.65087890625, -40.3568000793457, -21.65696907043457, -9.8082275390625;
 131.4435424804688, 82.40248107910156, 80.68330383300781, 117.3905563354492;
 1097.283081054688, 1089.193359375, 1097.108154296875, 1106.521728515625]objeto:POINTER
[-34.89447784423828, -40.97352981567383, -22.29041862487793, -10.15083980560303;
 131.375732421875, 82.39401245117188, 80.522705078125, 117.0906600952148;
 1097.268920898438, 1089.109497070313, 1096.970092773438, 1106.407470703125]objeto:POINTER
[-35.00530624389648, -41.27230453491211, -22.57884407043457, -10.30376529693604;
 131.3406524658203, 82.39218902587891, 80.42774200439453, 116.9661331176758;
 1097.223510742188, 1088.970825195313, 1096.803955078125, 1106.3662109375]objeto:POINTER
[-35.05119705200195, -41.39075469970703, -22.6796760559082, -10.35475826263428;
 131.3403015136719, 82.41229248046875, 80.41682434082031, 116.9109268188477;
 1097.171142578125, 1088.867553710938, 1096.682983398438, 1106.225219726563]objeto:POINTER
[-35.24209594726563, -41.82339096069336, -23.13608741760254, -10.62052631378174;
 131.2787628173828, 82.39026641845703, 80.29537200927734, 116.7140808105469;
 1097.156982421875, 1088.837036132813, 1096.612670898438, 1106.177978515625]objeto:POINTER
[-35.5296516418457, -42.62470626831055, -23.93876266479492, -11.03965759277344;
 131.1422882080078, 82.36602783203125, 80.072265625, 116.3648529052734;
 1096.889770507813, 1088.679443359375, 1096.409423828125, 1105.998291015625]objeto:POINTER
[-35.83677673339844, -43.37106704711914, -24.66939735412598, -11.43255233764648;
 131.0523681640625, 82.31684112548828, 79.87141418457031, 116.0280838012695;
 1096.940185546875, 1088.596313476563, 1096.306518554688, 1105.799072265625]objeto:POINTER
[-36.07659149169922, -43.89695739746094, -25.21944618225098, -11.76371002197266;
 131.0091094970703, 82.33836364746094, 79.73619079589844, 115.7820053100586;
 1096.956787109375, 1088.257080078125, 1095.931762695313, 1105.718627929688]objeto:POINTER
[-36.16471481323242, -44.2135009765625, -25.54641342163086, -11.94222068786621;
 130.9754486083984, 82.37425231933594, 79.67060852050781, 115.6425170898438;
 1096.848266601563, 1088.217651367188, 1095.904418945313, 1105.736572265625]objeto:POINTER
[-36.33184432983398, -44.65504837036133, -26.01279067993164, -12.19978618621826;
 130.8763275146484, 82.32180786132813, 79.50592041015625, 115.4100112915039;
 1096.793090820313, 1088.177978515625, 1095.828491210938, 1105.612548828125]objeto:POINTER
[-36.62091827392578, -45.39572906494141, -26.77042961120605, -12.61933612823486;
 130.7459716796875, 82.27558135986328, 79.30074310302734, 115.0636901855469;
 1096.70849609375, 1088.206298828125, 1095.81494140625, 1105.502075195313]objeto:POINTER
[-36.92439270019531, -46.10878372192383, -27.49184036254883, -13.00306129455566;
 130.6328277587891, 82.22180938720703, 79.09956359863281, 114.7431259155273;
 1096.780517578125, 1088.18603515625, 1095.861206054688, 1105.45556640625]objeto:POINTER
[-37.28856658935547, -46.99094390869141, -28.36565971374512, -13.50337886810303;
 130.4637298583984, 82.13306427001953, 78.85310363769531, 114.3796539306641;
 1096.645141601563, 1088.211181640625, 1095.819091796875, 1105.336547851563]objeto:POINTER
[-37.38368225097656, -47.23881530761719, -28.64165115356445, -13.66753959655762;
 130.4366760253906, 82.15306854248047, 78.78119659423828, 114.2362823486328;
 1096.631713867188, 1088.164794921875, 1095.683715820313, 1105.338989257813]objeto:POINTER
[-37.30335998535156, -47.09671401977539, -28.50669097900391, -13.59313488006592;
 130.4562683105469, 82.17864227294922, 78.82955932617188, 114.2894897460938;
 1096.587768554688, 1088.10107421875, 1095.685424804688, 1105.37109375]objeto:POINTER
[-37.64060974121094, -47.93954086303711, -29.38510704040527, -14.09419918060303;
 130.3160095214844, 82.12023162841797, 78.57276916503906, 113.8551254272461;
 1096.71728515625, 1088.061279296875, 1095.784423828125, 1105.324096679688]objeto:POINTER
[-37.93406677246094, -48.65888595581055, -30.10307502746582, -14.50935363769531;
 130.1907196044922, 82.0826416015625, 78.39030456542969, 113.5812454223633;
 1096.7646484375, 1088.23095703125, 1095.742065429688, 1105.4267578125]objeto:POINTER
[-37.91523361206055, -48.67013931274414, -30.13689613342285, -14.53196430206299;
 130.2269439697266, 82.16031646728516, 78.41376495361328, 113.5542449951172;
 1096.686401367188, 1087.963989257813, 1095.530883789063, 1105.339233398438]objeto:POINTER
[-38.19838714599609, -49.38687515258789, -30.87206077575684, -14.95751667022705;
 130.1590423583984, 82.23784637451172, 78.2977294921875, 113.2663497924805;
 1096.474487304688, 1087.767211914063, 1095.212280273438, 1105.125366210938]objeto:POINTER
[-38.6722297668457, -50.54076385498047, -32.08237075805664, -15.66308212280273;
 130.0324249267578, 82.29165649414063, 78.07480621337891, 112.7878723144531;
 1096.439208984375, 1087.4482421875, 1095.00244140625, 1105.027465820313]objeto:POINTER
[-38.99679565429688, -51.46716690063477, -33.10212326049805, -16.28092193603516;
 129.942626953125, 82.40785980224609, 77.90882873535156, 112.3410949707031;
 1096.284912109375, 1087.086303710938, 1094.64013671875, 1104.952880859375]objeto:POINTER
[-39.38271331787109, -52.40997695922852, -34.06466674804688, -16.84412002563477;
 129.8955841064453, 82.55988311767578, 77.79020690917969, 111.9886627197266;
 1096.165283203125, 1086.802856445313, 1094.189697265625, 1104.557739257813]objeto:POINTER
[-39.86976623535156, -53.52769470214844, -35.24599456787109, -17.53081130981445;
 129.8201141357422, 82.68660736083984, 77.65399932861328, 111.6098403930664;
 1095.9912109375, 1086.492309570313, 1093.84912109375, 1104.352905273438]objeto:POINTER
[-40.06473541259766, -54.14093017578125, -35.93331146240234, -17.97140312194824;
 129.8007659912109, 82.85863494873047, 77.60081481933594, 111.3063888549805;
 1095.90283203125, 1086.029052734375, 1093.473510742188, 1104.298950195313]objeto:POINTER
[-39.98160552978516, -53.97799682617188, -35.74921035766602, -17.84244155883789;
 129.9090118408203, 82.97859954833984, 77.74241638183594, 111.4433212280273;
 1095.72509765625, 1085.722290039063, 1093.159790039063, 1104.031616210938]objeto:POINTER
[-40.1102294921875, -54.28442764282227, -36.10964584350586, -18.06276702880859;
 129.8897552490234, 83.03804779052734, 77.69879150390625, 111.2913360595703;
 1095.651733398438, 1085.600341796875, 1093.01123046875, 1103.952392578125]objeto:POINTER
[-40.56292343139648, -55.43215560913086, -37.40924072265625, -18.84737396240234;
 129.7315979003906, 83.12955474853516, 77.49892425537109, 110.784423828125;
 1095.789916992188, 1085.451416015625, 1093.167114257813, 1104.05224609375]objeto:POINTER
[-41.17395782470703, -56.9659538269043, -39.02543640136719, -19.83847808837891;
 129.5040130615234, 83.17150115966797, 77.20398712158203, 110.1478118896484;
 1095.794555664063, 1085.631225585938, 1093.20947265625, 1104.212890625]objeto:POINTER
[-41.73932647705078, -58.30174255371094, -40.41852951049805, -20.67295455932617;
 129.4077911376953, 83.37425994873047, 77.08979797363281, 109.6929702758789;
 1095.640014648438, 1085.41748046875, 1092.839965820313, 1103.88623046875]objeto:POINTER
[-42.22517395019531, -59.4795036315918, -41.69195556640625, -21.44342803955078;
 129.34423828125, 83.61072540283203, 77.02638244628906, 109.2742767333984;
 1095.441528320313, 1084.988525390625, 1092.474487304688, 1103.524169921875]objeto:POINTER
[-42.86486053466797, -60.93898773193359, -43.18588638305664, -22.34840202331543;
 129.2929992675781, 83.902099609375, 76.98269653320313, 108.8599014282227;
 1095.254028320313, 1084.928100585938, 1091.989868164063, 1103.10595703125]objeto:POINTER
[-43.37405014038086, -62.11558151245117, -44.43844604492188, -23.09895324707031;
 129.2992706298828, 84.22035217285156, 77.02115631103516, 108.5353012084961;
 1095.055419921875, 1084.397583007813, 1091.5712890625, 1102.627075195313]objeto:POINTER
[-44.0738639831543, -63.74313735961914, -46.16626358032227, -24.18667411804199;
 129.205322265625, 84.54186248779297, 76.96867370605469, 108.0495834350586;
 1094.863159179688, 1084.219848632813, 1091.25537109375, 1102.395751953125]objeto:POINTER
[-45.46191787719727, -66.77407073974609, -49.38834381103516, -26.20751762390137;
 129.1078948974609, 85.20864105224609, 77.00254058837891, 107.2316131591797;
 1094.5400390625, 1083.739379882813, 1090.546630859375, 1101.745849609375]objeto:POINTER
[-45.68545150756836, -67.26996612548828, -49.85427093505859, -26.46735191345215;
 129.1928253173828, 85.46949768066406, 77.14366912841797, 107.1784133911133;
 1094.308715820313, 1083.551147460938, 1090.07373046875, 1101.08984375]objeto:POINTER
[-46.45756149291992, -68.93692016601563, -51.62841415405273, -27.58514785766602;
 129.0992126464844, 85.79581451416016, 77.13141632080078, 106.7332229614258;
 1094.25048828125, 1083.632690429688, 1089.992553710938, 1100.78076171875]objeto:POINTER
[-47.54396438598633, -71.36537170410156, -54.24756240844727, -29.25850486755371;
 129.0260467529297, 86.41073608398438, 77.25727081298828, 106.1072082519531;
 1094.07080078125, 1083.526000976563, 1089.720581054688, 1100.340454101563]objeto:POINTER
[-48.55144119262695, -73.61051177978516, -56.71804428100586, -30.86427879333496;
 129.0179443359375, 87.11978149414063, 77.47215270996094, 105.5889434814453;
 1093.8623046875, 1083.37841796875, 1089.485473632813, 1100.043212890625]objeto:POINTER
[-49.54991149902344, -75.77947998046875, -59.08300018310547, -32.4661865234375;
 129.0002288818359, 87.81941986083984, 77.69020843505859, 105.111572265625;
 1093.772827148438, 1083.394897460938, 1089.283447265625, 1099.825805664063]objeto:POINTER
[-50.46725845336914, -77.76584625244141, -61.30587005615234, -33.91757965087891;
 128.9786071777344, 88.45046234130859, 77.93095397949219, 104.6439437866211;
 1093.779541015625, 1083.481323242188, 1089.388427734375, 1099.533203125]objeto:POINTER
[-51.19546890258789, -79.38346099853516, -63.12337875366211, -35.16228103637695;
 129.0172576904297, 89.10680389404297, 78.22830200195313, 104.3423385620117;
 1093.636962890625, 1083.430541992188, 1089.172973632813, 1099.464233398438]objeto:POINTER
[-51.66351318359375, -80.36998748779297, -64.27814483642578, -35.97223281860352;
 129.1438446044922, 89.70738220214844, 78.52463531494141, 104.1783142089844;
 1093.648559570313, 1082.966674804688, 1088.559448242188, 1099.136352539063]objeto:POINTER
[-52.00793838500977, -81.20748901367188, -65.25201416015625, -36.61040115356445;
 129.1510162353516, 90.07181549072266, 78.73249816894531, 104.0203170776367;
 1093.41259765625, 1082.850341796875, 1088.483154296875, 1098.930908203125]objeto:POINTER
[-52.48416519165039, -82.24637603759766, -66.42899322509766, -37.43742370605469;
 129.2710876464844, 90.66269683837891, 79.04557037353516, 103.889533996582;
 1093.359130859375, 1082.631591796875, 1088.173828125, 1098.69384765625]objeto:POINTER
[-52.88295364379883, -83.14383697509766, -67.53656005859375, -38.19540023803711;
 129.3958587646484, 91.28260040283203, 79.43220520019531, 103.7872085571289;
 1093.08544921875, 1082.025268554688, 1087.73046875, 1098.330444335938]objeto:POINTER
[-53.40761566162109, -84.31964874267578, -68.89451599121094, -39.17718505859375;
 129.5302734375, 92.00086212158203, 79.84097290039063, 103.6313552856445;
 1092.947021484375, 1081.599853515625, 1087.142700195313, 1097.994995117188]objeto:POINTER
[-53.89109039306641, -85.38975524902344, -70.21384429931641, -40.08612823486328;
 129.6134948730469, 92.60297393798828, 80.20063781738281, 103.4609680175781;
 1092.88134765625, 1081.394775390625, 1087.11376953125, 1097.878051757813]objeto:POINTER
[-54.33846664428711, -86.33918762207031, -71.29550170898438, -40.85973739624023;
 129.6800689697266, 93.1112060546875, 80.50907135009766, 103.3578491210938;
 1092.7919921875, 1081.35546875, 1086.907470703125, 1097.767822265625]objeto:POINTER
[-54.85301971435547, -87.43286895751953, -72.53498840332031, -41.7664909362793;
 129.8046875, 93.77250671386719, 80.90754699707031, 103.2800979614258;
 1092.621948242188, 1081.159790039063, 1086.495361328125, 1097.506469726563]objeto:POINTER
[-55.41879653930664, -88.646240234375, -73.96710205078125, -42.77646255493164;
 129.9794921875, 94.59486389160156, 81.44962310791016, 103.1879043579102;
 1092.509643554688, 1080.992553710938, 1086.227661132813, 1097.1455078125]objeto:POINTER
[-56.00901412963867, -89.87229919433594, -75.48463439941406, -43.86392974853516;
 130.1620941162109, 95.44960784912109, 82.00910949707031, 103.1258163452148;
 1092.337646484375, 1080.441650390625, 1085.898071289063, 1096.818359375]objeto:POINTER
[-56.74935150146484, -91.41901397705078, -77.28091430664063, -45.18430328369141;
 130.3909759521484, 96.50875854492188, 82.71304321289063, 103.0677032470703;
 1092.208862304688, 1080.42431640625, 1085.56591796875, 1096.5537109375]objeto:POINTER
[-57.32837295532227, -92.57477569580078, -78.64906311035156, -46.20515060424805;
 130.6694488525391, 97.46288299560547, 83.39688873291016, 103.1130828857422;
 1091.926025390625, 1079.81298828125, 1084.748291015625, 1095.969604492188]objeto:POINTER
[-57.87935256958008, -93.65725708007813, -79.93927001953125, -47.12042999267578;
 130.9645538330078, 98.38246917724609, 84.08174133300781, 103.1952667236328;
 1091.74267578125, 1079.522338867188, 1084.405639648438, 1095.36279296875]objeto:POINTER
[-58.33995819091797, -94.75284576416016, -81.27081298828125, -48.1632080078125;
 131.1293334960938, 99.32864379882813, 84.69284820556641, 103.1660537719727;
 1091.55810546875, 1079.385375976563, 1083.916748046875, 1095.247802734375]objeto:POINTER
[-58.91102981567383, -95.91170501708984, -82.80348968505859, -49.326904296875;
 131.3129730224609, 100.2866058349609, 85.4029541015625, 103.1504974365234;
 1091.478759765625, 1078.987670898438, 1083.838012695313, 1095.176025390625]objeto:POINTER
[-59.46510696411133, -97.05891418457031, -84.24221801757813, -50.42487335205078;
 131.5083465576172, 101.1933670043945, 86.08185577392578, 103.1473922729492;
 1091.427368164063, 1078.802490234375, 1083.687622070313, 1095.070434570313]objeto:POINTER
[-60.28438186645508, -98.65645599365234, -86.21823883056641, -51.91928482055664;
 131.8357391357422, 102.53076171875, 87.08161926269531, 103.2402191162109;
 1091.292602539063, 1078.7041015625, 1083.49462890625, 1094.7216796875]objeto:POINTER
[-60.98423385620117, -100.0333023071289, -87.83228302001953, -53.17937088012695;
 132.0868988037109, 103.612548828125, 87.87830352783203, 103.3248825073242;
 1091.225463867188, 1078.828735351563, 1083.2978515625, 1094.559936523438]objeto:POINTER
[-61.57314682006836, -101.0852813720703, -89.10174560546875, -54.17258834838867;
 132.3407135009766, 104.5240325927734, 88.58344268798828, 103.4350967407227;
 1091.298583984375, 1078.8212890625, 1083.168579101563, 1094.358032226563]objeto:POINTER
[-61.8631477355957, -101.7180252075195, -89.94071197509766, -54.84255981445313;
 132.5675048828125, 105.3070602416992, 89.19992828369141, 103.5688323974609;
 1090.99072265625, 1078.458374023438, 1082.813720703125, 1093.997802734375]objeto:POINTER
[-62.38082122802734, -102.6709060668945, -91.09203338623047, -55.75089263916016;
 132.7989654541016, 106.1400375366211, 89.84034729003906, 103.6729507446289;
 1091.047607421875, 1078.526123046875, 1082.72998046875, 1093.839599609375]objeto:POINTER
[-62.61826324462891, -103.168083190918, -91.81636047363281, -56.32611465454102;
 132.9757690429688, 106.8591384887695, 90.41154479980469, 103.775146484375;
 1090.855346679688, 1078.2109375, 1082.454711914063, 1093.51123046875]objeto:POINTER
[-62.77243423461914, -103.5120315551758, -92.38170623779297, -56.81935119628906;
 133.1163177490234, 107.414794921875, 90.86502838134766, 103.8454742431641;
 1090.790893554688, 1077.751708984375, 1082.089111328125, 1093.570678710938]objeto:POINTER
[-63.35346603393555, -104.606819152832, -93.78636932373047, -57.97086334228516;
 133.4253387451172, 108.6012649536133, 91.80525207519531, 104.0195617675781;
 1090.726928710938, 1077.626220703125, 1081.859985351563, 1093.2890625]objeto:POINTER
[-63.86236572265625, -105.6068115234375, -95.13816070556641, -59.11061477661133;
 133.7264556884766, 109.8113174438477, 92.78349304199219, 104.2180404663086;
 1090.626586914063, 1077.452270507813, 1081.550170898438, 1093.133544921875]objeto:POINTER
[-64.13533782958984, -106.1719741821289, -96.03939819335938, -59.87459564208984;
 133.8622589111328, 110.6084823608398, 93.39907836914063, 104.2792663574219;
 1090.614379882813, 1077.139892578125, 1081.5009765625, 1093.17529296875]objeto:POINTER
[-64.45071411132813, -106.7574996948242, -96.9588623046875, -60.70029067993164;
 134.0507507324219, 111.4655151367188, 94.09883880615234, 104.4045944213867;
 1090.531372070313, 1076.877685546875, 1081.289428710938, 1093.285522460938]objeto:POINTER
[-64.70840454101563, -107.268669128418, -97.66343688964844, -61.29800415039063;
 134.2356719970703, 112.1294784545898, 94.68316650390625, 104.5535583496094;
 1090.461181640625, 1076.730590820313, 1081.260375976563, 1093.159301757813]objeto:POINTER
[-64.92758178710938, -107.6322402954102, -98.12063598632813, -61.69952011108398;
 134.3939819335938, 112.6059188842773, 95.05656433105469, 104.6529006958008;
 1090.560180664063, 1076.712890625, 1081.047607421875, 1092.998657226563]objeto:POINTER
[-65.17110443115234, -108.0834197998047, -98.71224212646484, -62.19534683227539;
 134.5182647705078, 113.1090850830078, 95.49295043945313, 104.7563247680664;
 1090.506958007813, 1076.689697265625, 1081.02978515625, 1092.970947265625]objeto:POINTER
[-65.33670043945313, -108.393669128418, -99.14961242675781, -62.57282257080078;
 134.6242828369141, 113.5256958007813, 95.85362243652344, 104.8694839477539;
 1090.306274414063, 1076.65673828125, 1080.971069335938, 1092.983276367188]objeto:POINTER
[-65.6510009765625, -108.9695587158203, -99.86997222900391, -63.172607421875;
 134.8409423828125, 114.2361602783203, 96.44558715820313, 105.0331649780273;
 1090.327880859375, 1076.620849609375, 1080.822875976563, 1092.753051757813]objeto:POINTER
[-66.00343322753906, -109.5284957885742, -100.6749725341797, -63.891357421875;
 135.0531463623047, 114.9794692993164, 97.05184936523438, 105.2063446044922;
 1090.405517578125, 1076.5556640625, 1080.743408203125, 1092.762451171875]objeto:POINTER
[-66.09200286865234, -109.7187652587891, -100.8966751098633, -64.06692504882813;
 135.2179718017578, 115.3512268066406, 97.40132141113281, 105.3705062866211;
 1090.194458007813, 1076.400024414063, 1080.473999023438, 1092.474975585938]objeto:POINTER
[-66.23724365234375, -109.977409362793, -101.2601776123047, -64.30776214599609;
 135.3423919677734, 115.7022018432617, 97.70550537109375, 105.4643020629883;
 1090.134399414063, 1076.345703125, 1080.524536132813, 1092.228637695313]objeto:POINTER
[-66.5098876953125, -110.4411010742188, -101.8699340820313, -64.87355041503906;
 135.5383453369141, 116.3405609130859, 98.24903869628906, 105.650993347168;
 1090.088623046875, 1076.362060546875, 1080.349853515625, 1092.176147460938]objeto:POINTER
[-66.84534454345703, -110.9955902099609, -102.6058807373047, -65.51981353759766;
 135.7826080322266, 117.0905456542969, 98.89305114746094, 105.8510894775391;
 1090.070434570313, 1076.240356445313, 1080.187133789063, 1091.923950195313]objeto:POINTER
[-67.12646484375, -111.5033111572266, -103.2621841430664, -66.06270599365234;
 135.9722290039063, 117.7451629638672, 99.45736694335938, 106.0310287475586;
 1090.047119140625, 1076.446411132813, 1080.221069335938, 1091.915771484375]objeto:POINTER
[-67.27824401855469, -111.7895202636719, -103.7076568603516, -66.47280883789063;
 136.0448303222656, 118.1112976074219, 99.78794860839844, 106.1065979003906;
 1090.031860351563, 1076.362426757813, 1080.378662109375, 1091.985961914063]objeto:POINTER
[-67.52400207519531, -112.1983947753906, -104.3251419067383, -67.03995513916016;
 136.2269897460938, 118.7931060791016, 100.3773727416992, 106.2627334594727;
 1090.08740234375, 1076.303466796875, 1080.236694335938, 1091.951538085938]objeto:POINTER
[-67.80860900878906, -112.6709365844727, -105.0204544067383, -67.66999053955078;
 136.4561614990234, 119.5794372558594, 101.0642852783203, 106.4829559326172;
 1090.1005859375, 1076.211669921875, 1080.13427734375, 1091.835083007813]objeto:POINTER
[-67.94184875488281, -112.8956985473633, -105.4210510253906, -68.07144165039063;
 136.5252227783203, 119.9744415283203, 101.4115753173828, 106.5732803344727;
 1090.082885742188, 1076.126953125, 1080.146606445313, 1092.060180664063]objeto:POINTER
[-68.13904571533203, -113.2617568969727, -105.9372940063477, -68.53022003173828;
 136.6885375976563, 120.5622253417969, 101.9266586303711, 106.7227172851563;
 1089.999145507813, 1076.13623046875, 1080.092529296875, 1091.842041015625]objeto:POINTER
[-68.64242553710938, -114.0435638427734, -106.9590377807617, -69.41465759277344;
 137.1300354003906, 121.7302093505859, 102.9555816650391, 107.1467590332031;
 1089.997436523438, 1076.19580078125, 1079.971313476563, 1091.559326171875]objeto:POINTER
[-69.24932861328125, -115.0763320922852, -108.3299255371094, -70.645263671875;
 137.5365295410156, 123.1117172241211, 104.1921539306641, 107.6045227050781;
 1089.937377929688, 1076.542114257813, 1080.17431640625, 1091.636596679688]objeto:POINTER
[-69.86643981933594, -116.0462951660156, -109.6572036743164, -71.85131072998047;
 137.9888610839844, 124.5257797241211, 105.4705276489258, 108.0846939086914;
 1089.9599609375, 1076.7158203125, 1080.314819335938, 1091.568481445313]objeto:POINTER
[-70.42857360839844, -116.889533996582, -110.8353729248047, -72.91668701171875;
 138.4859924316406, 125.9469909667969, 106.7536163330078, 108.5851669311523;
 1090.005493164063, 1076.800903320313, 1080.240356445313, 1091.233276367188]objeto:POINTER
[-70.57646942138672, -117.145751953125, -111.2049026489258, -73.22213745117188;
 138.6665802001953, 126.4301376342773, 107.2104644775391, 108.7925872802734;
 1089.885009765625, 1076.868286132813, 1080.29248046875, 1091.140014648438]objeto:POINTER
[-70.57298278808594, -117.1211318969727, -111.1938247680664, -73.21846771240234;
 138.7280578613281, 126.5423126220703, 107.2918014526367, 108.835578918457;
 1089.907348632813, 1076.757934570313, 1080.1015625, 1090.98486328125]objeto:POINTER
[-70.66757965087891, -117.2843627929688, -111.4817581176758, -73.54530334472656;
 138.7928771972656, 126.8708572387695, 107.5872573852539, 108.9481430053711;
 1089.842407226563, 1076.702758789063, 1080.112670898438, 1091.192504882813]objeto:POINTER
[-70.84099578857422, -117.5456619262695, -111.8988952636719, -73.92593383789063;
 138.9357452392578, 127.3765258789063, 108.0653228759766, 109.0994644165039;
 1089.822265625, 1076.670166015625, 1080.152465820313, 1091.02490234375]objeto:POINTER
[-70.96324157714844, -117.7319259643555, -112.1666793823242, -74.17042541503906;
 139.0364074707031, 127.6629943847656, 108.3251495361328, 109.214714050293;
 1089.847290039063, 1076.682983398438, 1080.193359375, 1091.09814453125]objeto:POINTER
[-71.03605651855469, -117.8819885253906, -112.3318862915039, -74.32855987548828;
 139.1062927246094, 127.8739852905273, 108.5030288696289, 109.3070373535156;
 1089.818237304688, 1076.814331054688, 1080.194946289063, 1091.11572265625]objeto:POINTER
[-71.16634368896484, -118.0394134521484, -112.567741394043, -74.58318328857422;
 139.2916564941406, 128.3117980957031, 108.908447265625, 109.4851150512695;
 1089.843139648438, 1076.718139648438, 1079.983276367188, 1091.001098632813]objeto:POINTER
[-71.22841644287109, -118.1455764770508, -112.7539291381836, -74.73429107666016;
 139.4005737304688, 128.6171722412109, 109.1883010864258, 109.6039276123047;
 1089.757568359375, 1076.692749023438, 1079.910400390625, 1090.73193359375]objeto:POINTER
[-71.33859252929688, -118.2904968261719, -112.9875640869141, -74.94872283935547;
 139.5384216308594, 128.9548797607422, 109.4934844970703, 109.7482681274414;
 1089.730346679688, 1076.60400390625, 1079.828247070313, 1090.613159179688]objeto:POINTER
[-71.35288238525391, -118.3157119750977, -113.0379791259766, -74.99542236328125;
 139.5569000244141, 129.0182342529297, 109.5543441772461, 109.764533996582;
 1089.720947265625, 1076.585815429688, 1079.84619140625, 1090.60205078125]objeto:POINTER
[-71.32939910888672, -118.26953125, -112.9620361328125, -74.94120788574219;
 139.5155487060547, 128.912353515625, 109.4550323486328, 109.7230758666992;
 1089.774291992188, 1076.586547851563, 1079.837646484375, 1090.659423828125]objeto:POINTER
[-71.24826812744141, -118.1609039306641, -112.7908248901367, -74.79076385498047;
 139.4569549560547, 128.7503967285156, 109.3070831298828, 109.6596908569336;
 1089.749145507813, 1076.568481445313, 1079.755737304688, 1090.610717773438]objeto:POINTER
[-71.24526214599609, -118.1584091186523, -112.771728515625, -74.74369049072266;
 139.4233856201172, 128.6664428710938, 109.22509765625, 109.6178741455078;
 1089.766235351563, 1076.6650390625, 1079.8525390625, 1090.620361328125]objeto:POINTER
[-71.15299224853516, -118.0587615966797, -112.625617980957, -74.63990783691406;
 139.4161376953125, 128.6200256347656, 109.1834869384766, 109.6200180053711;
 1089.640747070313, 1076.545166015625, 1079.689086914063, 1090.583129882813]objeto:POINTER
[-71.13300323486328, -118.0226821899414, -112.5890731811523, -74.60485076904297;
 139.4614105224609, 128.6743621826172, 109.2249145507813, 109.6584243774414;
 1089.604370117188, 1076.444580078125, 1079.519409179688, 1090.453002929688]objeto:POINTER
[-71.16796875, -118.0754318237305, -112.6395263671875, -74.6439208984375;
 139.4793090820313, 128.7099914550781, 109.2610931396484, 109.672721862793;
 1089.652954101563, 1076.55224609375, 1079.576293945313, 1090.473754882813]objeto:POINTER
[-71.18128967285156, -118.0878448486328, -112.6769332885742, -74.67839813232422;
 139.4829406738281, 128.7269744873047, 109.2793960571289, 109.6750259399414;
 1089.656005859375, 1076.49658203125, 1079.6005859375, 1090.454223632813]objeto:POINTER
[-71.21920776367188, -118.1481399536133, -112.7486343383789, -74.73717498779297;
 139.4739074707031, 128.7528991699219, 109.3054962158203, 109.6724090576172;
 1089.668579101563, 1076.558959960938, 1079.655395507813, 1090.4814453125]objeto:POINTER
[-71.16523742675781, -118.0756072998047, -112.6220169067383, -74.64519500732422;
 139.4503326416016, 128.6566772460938, 109.2101745605469, 109.6418151855469;
 1089.655639648438, 1076.555541992188, 1079.590087890625, 1090.537841796875]objeto:POINTER
[-71.11492156982422, -117.9996109008789, -112.5322799682617, -74.54621887207031;
 139.4171295166016, 128.5689239501953, 109.1285934448242, 109.6064758300781;
 1089.603271484375, 1076.510375976563, 1079.589477539063, 1090.510864257813]objeto:POINTER
[-71.0855712890625, -117.9673385620117, -112.4878005981445, -74.52676391601563;
 139.4318389892578, 128.5884704589844, 109.1491317749023, 109.6268157958984;
 1089.575439453125, 1076.43994140625, 1079.473999023438, 1090.473266601563]objeto:POINTER
[-71.12306213378906, -118.0043716430664, -112.5487442016602, -74.57424163818359;
 139.4627685546875, 128.6484375, 109.1993179321289, 109.6529922485352;
 1089.6298828125, 1076.464599609375, 1079.494506835938, 1090.458618164063]objeto:POINTER
[-71.04422760009766, -117.9024658203125, -112.3993453979492, -74.46547698974609;
 139.4769592285156, 128.6263275146484, 109.1678848266602, 109.6692581176758;
 1089.525634765625, 1076.305786132813, 1079.245971679688, 1090.373291015625]