3D [7.2158771, 144.52077, 1112.6492;
 -20.532387, 142.47597, 1101.5428;
 0.50130481, 97.126518, 1099.7031;
 16.649233, 106.30948, 1108.3431]3D [7.2158771, 144.52077, 1112.6492;
 -20.532387, 142.47597, 1101.5428;
 0.50130481, 97.126518, 1099.7031;
 16.649233, 106.30948, 1108.3431]3D [7.1444244, 144.25302, 1112.4617;
 -20.643208, 142.35251, 1101.4037;
 0.16834041, 96.900528, 1099.4417;
 16.378117, 106.01624, 1108.0347]3D [7.4115863, 145.21304, 1112.0295;
 -20.410551, 142.91541, 1101.191;
 1.1419362, 97.778381, 1098.9819;
 17.238165, 107.13767, 1107.517]3D [7.4351411, 145.29976, 1112.3629;
 -20.325453, 142.94554, 1101.3461;
 1.2974011, 97.867554, 1099.3914;
 17.352554, 107.24752, 1107.948]3D [7.3999395, 145.14792, 1112.328;
 -20.379572, 142.86414, 1101.3218;
 1.1355678, 97.716095, 1099.3341;
 17.203438, 107.06259, 1107.9008]3D [7.3603191, 145.00595, 1112.245;
 -20.434555, 142.78238, 1101.2906;
 0.94651848, 97.564156, 1099.2742;
 17.055841, 106.89902, 1107.8617]3D [7.3293586, 144.91524, 1112.2318;
 -20.472385, 142.71832, 1101.3114;
 0.84590709, 97.480804, 1099.3129;
 16.970369, 106.80173, 1107.9204]3D [7.3221207, 144.87456, 1112.309;
 -20.476027, 142.68105, 1101.3635;
 0.8065815, 97.427475, 1099.4304;
 16.941195, 106.7512, 1108.0302]3D [7.2650189, 144.71671, 1112.2778;
 -20.545446, 142.58961, 1101.3542;
 0.61303234, 97.283714, 1099.3687;
 16.789896, 106.54891, 1107.9355]3D [7.263114, 144.67235, 1112.1906;
 -20.573154, 142.56505, 1101.3584;
 0.55388421, 97.2565, 1099.4247;
 16.742441, 106.49953, 1107.9288]3D [7.3025031, 144.7971, 1112.1403;
 -20.531612, 142.63461, 1101.3169;
 0.69662029, 97.353752, 1099.3141;
 16.87085, 106.65018, 1107.8619]3D [7.2611928, 144.68266, 1112.1559;
 -20.585632, 142.55643, 1101.2666;
 0.54087263, 97.254242, 1099.3632;
 16.745224, 106.49913, 1107.8503]3D [7.2625642, 144.7005, 1112.1096;
 -20.591175, 142.57809, 1101.2909;
 0.55778229, 97.269653, 1099.2576;
 16.757681, 106.53959, 1107.8165]3D [7.2961745, 144.75964, 1112.0399;
 -20.565298, 142.60623, 1101.2925;
 0.63446128, 97.314819, 1099.3186;
 16.832853, 106.61305, 1107.7897]3D [7.3280549, 144.88565, 1112.103;
 -20.509882, 142.65923, 1101.3292;
 0.7759763, 97.413239, 1099.458;
 16.93619, 106.75239, 1107.9667]3D [7.3137388, 144.80983, 1112.0654;
 -20.54775, 142.6144, 1101.3213;
 0.68713218, 97.331688, 1099.3834;
 16.872688, 106.66281, 1107.9166]3D [7.239625, 144.60684, 1112.0739;
 -20.637285, 142.4882, 1101.2716;
 0.44338119, 97.150032, 1099.3446;
 16.66667, 106.39217, 1107.7667]3D [7.2613664, 144.68758, 1111.9784;
 -20.615749, 142.53546, 1101.2717;
 0.51902813, 97.238823, 1099.3795;
 16.74362, 106.50742, 1107.7512]3D [7.2705626, 144.6974, 1111.9421;
 -20.618004, 142.5443, 1101.2277;
 0.53030694, 97.243385, 1099.3077;
 16.754753, 106.52603, 1107.7108]3D [7.2540336, 144.65105, 1111.8441;
 -20.648676, 142.51894, 1101.1278;
 0.45145774, 97.201958, 1099.2306;
 16.695446, 106.46115, 1107.5779]3D [7.2394719, 144.6246, 1111.7869;
 -20.685219, 142.50423, 1101.0833;
 0.38476485, 97.179398, 1099.1461;
 16.648542, 106.42252, 1107.465]3D [7.3002367, 144.8248, 1111.7578;
 -20.607841, 142.6181, 1101.1375;
 0.62430185, 97.342468, 1099.1422;
 16.848253, 106.66998, 1107.578]3D [7.3335652, 144.92667, 1111.6992;
 -20.57115, 142.67297, 1101.1357;
 0.73436058, 97.431175, 1099.1288;
 16.942673, 106.80511, 1107.5789]3D [7.3061914, 144.855, 1111.6235;
 -20.627213, 142.62483, 1101.0321;
 0.61232263, 97.364769, 1099.0613;
 16.857485, 106.70924, 1107.4501]3D [7.3272953, 144.92068, 1111.5167;
 -20.617847, 142.66231, 1100.9813;
 0.66376358, 97.414787, 1099.0483;
 16.904602, 106.78568, 1107.3878]3D [7.2942472, 144.83128, 1111.4131;
 -20.673368, 142.59959, 1100.8949;
 0.53428072, 97.338448, 1099.012;
 16.815063, 106.67003, 1107.2405]3D [7.1998243, 144.57202, 1111.4735;
 -20.777527, 142.42041, 1100.7855;
 0.22729287, 97.088921, 1098.948;
 16.55089, 106.3447, 1107.1711]3D [7.1234102, 144.27982, 1111.521;
 -20.855114, 142.24287, 1100.8051;
 -0.1039854, 96.789925, 1099.1302;
 16.27025, 105.99292, 1107.3264]3D [6.8315673, 143.25146, 1111.5205;
 -21.193968, 141.70903, 1100.9545;
 -1.2217598, 95.87738, 1099.3549;
 15.304311, 104.81987, 1107.4819]3D [6.3454347, 141.78247, 1111.4816;
 -21.724094, 140.92632, 1100.9253;
 -2.9420238, 94.596428, 1099.3851;
 13.837182, 103.12051, 1107.5554]3D [5.7878084, 140.19498, 1111.4084;
 -22.325134, 140.06914, 1100.9659;
 -4.8312087, 93.214165, 1099.6317;
 12.209589, 101.31619, 1107.5454]3D [5.5073223, 139.37215, 1111.8014;
 -22.535397, 139.6433, 1101.2239;
 -5.7139988, 92.566048, 1100.1001;
 11.380324, 100.40614, 1108.0234]3D [5.3032179, 138.85466, 1111.9686;
 -22.696926, 139.38942, 1101.2139;
 -6.3259034, 92.134102, 1100.1494;
 10.806421, 99.832863, 1108.3335]3D [4.9876633, 138.04306, 1112.1035;
 -23.019684, 138.95636, 1101.2885;
 -7.3234262, 91.4748, 1100.4104;
 9.9248581, 98.923622, 1108.4863]3D [4.5272985, 136.95508, 1112.1138;
 -23.450756, 138.39874, 1101.368;
 -8.6751785, 90.59549, 1100.4359;
 8.6965809, 97.739204, 1108.5734]3D [4.0972056, 135.95018, 1112.1222;
 -23.860952, 137.85092, 1101.2626;
 -9.969511, 89.828659, 1100.5533;
 7.5626564, 96.654984, 1108.5184]3D [3.776885, 135.26759, 1112.1349;
 -24.17028, 137.53027, 1101.4272;
 -10.851798, 89.302223, 1100.5575;
 6.7594538, 95.91552, 1108.6028]3D [3.5779712, 134.8369, 1112.0573;
 -24.345091, 137.33716, 1101.3262;
 -11.422748, 89.019135, 1100.5242;
 6.2303042, 95.484634, 1108.5443]3D [3.4992993, 134.6851, 1111.8313;
 -24.448729, 137.32483, 1101.2874;
 -11.651814, 88.962524, 1100.1318;
 6.0401187, 95.340286, 1108.2141]3D [3.4215271, 134.57697, 1111.7396;
 -24.520342, 137.30949, 1101.1193;
 -11.861068, 88.927025, 1099.8466;
 5.8739009, 95.221275, 1107.7469]3D [3.3921487, 134.52966, 1111.6909;
 -24.54705, 137.33076, 1101.0551;
 -11.937417, 88.936974, 1099.6444;
 5.8116217, 95.173859, 1107.4236]3D [3.2588835, 134.24455, 1111.8223;
 -24.634577, 137.20695, 1101.087;
 -12.253468, 88.737968, 1099.5483;
 5.4711332, 94.89576, 1107.6714]3D [3.0990784, 133.91548, 1111.9354;
 -24.73068, 137.10039, 1101.0715;
 -12.656242, 88.572586, 1099.4226;
 5.0952659, 94.582794, 1107.5295]3D [2.8177457, 133.40575, 1111.7936;
 -24.937977, 136.90919, 1100.871;
 -13.339356, 88.28894, 1098.924;
 4.4418712, 94.077805, 1107.3137]3D [2.3895366, 132.57263, 1111.6881;
 -25.346022, 136.57167, 1100.8756;
 -14.52508, 87.76931, 1098.8013;
 3.3721654, 93.236694, 1107.0182]3D [1.7121885, 131.39323, 1111.54;
 -25.942329, 136.00577, 1100.7802;
 -16.224812, 86.969528, 1098.5804;
 1.8167317, 92.030952, 1106.7963]3D [1.2614141, 130.58192, 1111.4753;
 -26.354929, 135.61014, 1100.7842;
 -17.402365, 86.451614, 1098.7556;
 0.73025668, 91.231972, 1106.8604]3D [1.0107093, 130.18326, 1111.4729;
 -26.546869, 135.45702, 1100.7122;
 -17.971655, 86.217896, 1098.5175;
 0.19382922, 90.843407, 1106.5879]3D [0.59909046, 129.49202, 1111.2988;
 -26.929438, 135.14766, 1100.7329;
 -19.018454, 85.792976, 1098.4565;
 -0.75729954, 90.161865, 1106.4435]3D [0.040587731, 128.60713, 1111.1477;
 -27.392159, 134.73621, 1100.5569;
 -20.336866, 85.269897, 1098.2849;
 -2.0315287, 89.335098, 1106.4984]3D [-0.62035459, 127.61546, 1111.001;
 -27.966452, 134.32582, 1100.5416;
 -21.903784, 84.725998, 1098.1232;
 -3.4562171, 88.385857, 1106.0817]3D [-1.015285, 127.04907, 1110.7328;
 -28.258419, 134.12514, 1100.2966;
 -22.795843, 84.496948, 1097.6692;
 -4.3040862, 87.892105, 1105.5199]3D [-1.2931167, 126.68533, 1110.4919;
 -28.510138, 134.02621, 1100.0372;
 -23.439762, 84.367081, 1097.0901;
 -4.915957, 87.563858, 1105.0581]3D [-1.678619, 126.16052, 1110.1742;
 -28.847916, 133.87277, 1099.9985;
 -24.306702, 84.148254, 1096.6025;
 -5.7444606, 87.127258, 1104.6974]3D [-2.33233, 125.3033, 1109.9814;
 -29.363159, 133.5303, 1099.7614;
 -25.729731, 83.758987, 1096.3391;
 -7.084753, 86.350754, 1104.204]3D [-2.7766697, 124.74986, 1109.7467;
 -29.671509, 133.41261, 1099.5859;
 -26.652058, 83.625008, 1095.6119;
 -8.0128384, 85.918694, 1103.6527]3D [-2.9869173, 124.44449, 1109.8727;
 -29.739819, 133.39743, 1099.5604;
 -27.068228, 83.631813, 1095.3623;
 -8.4526682, 85.701439, 1103.416]3D [-3.2806511, 124.09129, 1109.7405;
 -29.930746, 133.32961, 1099.4165;
 -27.625807, 83.559914, 1094.6622;
 -9.0279465, 85.427254, 1102.8817]3D [-3.9510024, 123.28172, 1109.4319;
 -30.444839, 133.07434, 1099.2013;
 -29.067053, 83.314354, 1094.1975;
 -10.406681, 84.784637, 1102.2358]3D [-4.5589781, 122.55589, 1109.1698;
 -30.907339, 132.79016, 1099.0551;
 -30.291969, 83.033478, 1093.8278;
 -11.606749, 84.207336, 1102.0347]3D [-4.8421488, 122.2458, 1109.2173;
 -31.102699, 132.69783, 1099.0565;
 -30.864021, 82.945129, 1093.7668;
 -12.169403, 83.930725, 1101.7195]3D [-5.0349078, 121.98892, 1109.4136;
 -31.083492, 132.71555, 1098.9694;
 -31.08532, 83.019135, 1093.0781;
 -12.517243, 83.810371, 1101.5851]3D [-5.7384248, 121.24048, 1109.1675;
 -31.625282, 132.47696, 1098.9143;
 -32.509163, 82.812592, 1092.8707;
 -13.885495, 83.229843, 1101.048]3D [-6.0706511, 120.85993, 1109.08;
 -31.836336, 132.35362, 1098.734;
 -33.143036, 82.72274, 1092.5297;
 -14.538174, 82.950356, 1100.816]3D [-6.201879, 120.7027, 1109.173;
 -31.879248, 132.30508, 1098.7572;
 -33.360188, 82.712639, 1092.5286;
 -14.781948, 82.851021, 1100.8486]3D [-6.4571557, 120.40504, 1109.0432;
 -32.070919, 132.18658, 1098.726;
 -33.853718, 82.591507, 1092.3541;
 -15.285826, 82.610641, 1100.7516]3D [-7.0740132, 119.79094, 1108.8236;
 -32.582874, 131.96428, 1098.6641;
 -35.120136, 82.411865, 1092.3073;
 -16.472334, 82.137154, 1100.3512]3D [-7.5745673, 119.33269, 1108.3556;
 -32.954105, 131.86514, 1098.2991;
 -36.121117, 82.393311, 1091.6488;
 -17.451994, 81.854362, 1099.7666]3D [-7.7311935, 119.22579, 1108.0892;
 -33.056202, 131.91107, 1098.0677;
 -36.366146, 82.511383, 1090.9393;
 -17.731607, 81.844055, 1099.207]3D [-7.7028613, 119.27676, 1107.9592;
 -33.018158, 132.00012, 1097.9771;
 -36.30146, 82.644653, 1090.6049;
 -17.670389, 81.93808, 1098.8793]3D [-8.0636435, 118.93618, 1107.7533;
 -33.312943, 131.90024, 1097.994;
 -37.006172, 82.557648, 1090.4927;
 -18.356243, 81.697197, 1098.6818]3D [-8.6218452, 118.41854, 1107.4531;
 -33.726643, 131.71153, 1097.6953;
 -38.093678, 82.466599, 1090.1506;
 -19.431837, 81.338379, 1098.3362]3D [-9.2802744, 117.82205, 1106.9282;
 -34.258812, 131.57538, 1097.5768;
 -39.349174, 82.427803, 1089.569;
 -20.681044, 80.964211, 1097.5854]3D [-9.8082275, 117.39056, 1106.5217;
 -34.650879, 131.44354, 1097.2831;
 -40.3568, 82.402481, 1089.1934;
 -21.656969, 80.683304, 1097.1082]3D [-10.15084, 117.09066, 1106.4075;
 -34.894478, 131.37573, 1097.2689;
 -40.97353, 82.394012, 1089.1095;
 -22.290419, 80.522705, 1096.9701]3D [-10.303765, 116.96613, 1106.3662;
 -35.005306, 131.34065, 1097.2235;
 -41.272305, 82.392189, 1088.9708;
 -22.578844, 80.427742, 1096.804]3D [-10.354758, 116.91093, 1106.2252;
 -35.051197, 131.3403, 1097.1711;
 -41.390755, 82.412292, 1088.8676;
 -22.679676, 80.416824, 1096.683]3D [-10.620526, 116.71408, 1106.178;
 -35.242096, 131.27876, 1097.157;
 -41.823391, 82.390266, 1088.837;
 -23.136087, 80.295372, 1096.6127]3D [-11.039658, 116.36485, 1105.9983;
 -35.529652, 131.14229, 1096.8898;
 -42.624706, 82.366028, 1088.6794;
 -23.938763, 80.072266, 1096.4094]3D [-11.432552, 116.02808, 1105.7991;
 -35.836777, 131.05237, 1096.9402;
 -43.371067, 82.316841, 1088.5963;
 -24.669397, 79.871414, 1096.3065]3D [-11.76371, 115.78201, 1105.7186;
 -36.076591, 131.00911, 1096.9568;
 -43.896957, 82.338364, 1088.2571;
 -25.219446, 79.736191, 1095.9318]3D [-11.942221, 115.64252, 1105.7366;
 -36.164715, 130.97545, 1096.8483;
 -44.213501, 82.374252, 1088.2177;
 -25.546413, 79.670609, 1095.9044]3D [-12.199786, 115.41001, 1105.6125;
 -36.331844, 130.87633, 1096.7931;
 -44.655048, 82.321808, 1088.178;
 -26.012791, 79.50592, 1095.8285]3D [-12.619336, 115.06369, 1105.5021;
 -36.620918, 130.74597, 1096.7085;
 -45.395729, 82.275581, 1088.2063;
 -26.77043, 79.300743, 1095.8149]3D [-13.003061, 114.74313, 1105.4556;
 -36.924393, 130.63283, 1096.7805;
 -46.108784, 82.221809, 1088.186;
 -27.49184, 79.099564, 1095.8612]3D [-13.503379, 114.37965, 1105.3365;
 -37.288567, 130.46373, 1096.6451;
 -46.990944, 82.133064, 1088.2112;
 -28.36566, 78.853104, 1095.8191]3D [-13.66754, 114.23628, 1105.339;
 -37.383682, 130.43668, 1096.6317;
 -47.238815, 82.153069, 1088.1648;
 -28.641651, 78.781197, 1095.6837]3D [-13.593135, 114.28949, 1105.3711;
 -37.30336, 130.45627, 1096.5878;
 -47.096714, 82.178642, 1088.1011;
 -28.506691, 78.829559, 1095.6854]3D [-14.094199, 113.85513, 1105.3241;
 -37.64061, 130.31601, 1096.7173;
 -47.939541, 82.120232, 1088.0613;
 -29.385107, 78.572769, 1095.7844]3D [-14.509354, 113.58125, 1105.4268;
 -37.934067, 130.19072, 1096.7646;
 -48.658886, 82.082642, 1088.231;
 -30.103075, 78.390305, 1095.7421]3D [-14.531964, 113.55424, 1105.3392;
 -37.915234, 130.22694, 1096.6864;
 -48.670139, 82.160316, 1087.964;
 -30.136896, 78.413765, 1095.5309]3D [-14.957517, 113.26635, 1105.1254;
 -38.198387, 130.15904, 1096.4745;
 -49.386875, 82.237846, 1087.7672;
 -30.872061, 78.297729, 1095.2123]3D [-15.663082, 112.78787, 1105.0275;
 -38.67223, 130.03242, 1096.4392;
 -50.540764, 82.291656, 1087.4482;
 -32.082371, 78.074806, 1095.0024]3D [-16.280922, 112.34109, 1104.9529;
 -38.996796, 129.94263, 1096.2849;
 -51.467167, 82.40786, 1087.0863;
 -33.102123, 77.908829, 1094.6401]3D [-16.84412, 111.98866, 1104.5577;
 -39.382713, 129.89558, 1096.1653;
 -52.409977, 82.559883, 1086.8029;
 -34.064667, 77.790207, 1094.1897]3D [-17.530811, 111.60984, 1104.3529;
 -39.869766, 129.82011, 1095.9912;
 -53.527695, 82.686607, 1086.4923;
 -35.245995, 77.653999, 1093.8491]3D [-17.971403, 111.30639, 1104.299;
 -40.064735, 129.80077, 1095.9028;
 -54.14093, 82.858635, 1086.0291;
 -35.933311, 77.600815, 1093.4735]3D [-17.842442, 111.44332, 1104.0316;
 -39.981606, 129.90901, 1095.7251;
 -53.977997, 82.9786, 1085.7223;
 -35.74921, 77.742416, 1093.1598]3D [-18.062767, 111.29134, 1103.9524;
 -40.110229, 129.88976, 1095.6517;
 -54.284428, 83.038048, 1085.6003;
 -36.109646, 77.698792, 1093.0112]3D [-18.847374, 110.78442, 1104.0522;
 -40.562923, 129.7316, 1095.7899;
 -55.432156, 83.129555, 1085.4514;
 -37.409241, 77.498924, 1093.1671]3D [-19.838478, 110.14781, 1104.2129;
 -41.173958, 129.50401, 1095.7946;
 -56.965954, 83.171501, 1085.6312;
 -39.025436, 77.203987, 1093.2095]3D [-20.672955, 109.69297, 1103.8862;
 -41.739326, 129.40779, 1095.64;
 -58.301743, 83.37426, 1085.4175;
 -40.41853, 77.089798, 1092.84]3D [-21.443428, 109.27428, 1103.5242;
 -42.225174, 129.34424, 1095.4415;
 -59.479504, 83.610725, 1084.9885;
 -41.691956, 77.026382, 1092.4745]3D [-22.348402, 108.8599, 1103.106;
 -42.864861, 129.293, 1095.254;
 -60.938988, 83.9021, 1084.9281;
 -43.185886, 76.982697, 1091.9899]3D [-23.098953, 108.5353, 1102.6271;
 -43.37405, 129.29927, 1095.0554;
 -62.115582, 84.220352, 1084.3976;
 -44.438446, 77.021156, 1091.5713]3D [-24.186674, 108.04958, 1102.3958;
 -44.073864, 129.20532, 1094.8632;
 -63.743137, 84.541862, 1084.2198;
 -46.166264, 76.968674, 1091.2554]3D [-26.207518, 107.23161, 1101.7458;
 -45.461918, 129.10789, 1094.54;
 -66.774071, 85.208641, 1083.7394;
 -49.388344, 77.002541, 1090.5466]3D [-26.467352, 107.17841, 1101.0898;
 -45.685452, 129.19283, 1094.3087;
 -67.269966, 85.469498, 1083.5511;
 -49.854271, 77.143669, 1090.0737]3D [-27.585148, 106.73322, 1100.7808;
 -46.457561, 129.09921, 1094.2505;
 -68.93692, 85.795815, 1083.6327;
 -51.628414, 77.131416, 1089.9926]3D [-29.258505, 106.10721, 1100.3405;
 -47.543964, 129.02605, 1094.0708;
 -71.365372, 86.410736, 1083.526;
 -54.247562, 77.257271, 1089.7206]3D [-30.864279, 105.58894, 1100.0432;
 -48.551441, 129.01794, 1093.8623;
 -73.610512, 87.119781, 1083.3784;
 -56.718044, 77.472153, 1089.4855]3D [-32.466187, 105.11157, 1099.8258;
 -49.549911, 129.00023, 1093.7728;
 -75.77948, 87.81942, 1083.3949;
 -59.083, 77.690208, 1089.2834]3D [-33.91758, 104.64394, 1099.5332;
 -50.467258, 128.97861, 1093.7795;
 -77.765846, 88.450462, 1083.4813;
 -61.30587, 77.930954, 1089.3884]3D [-35.162281, 104.34234, 1099.4642;
 -51.195469, 129.01726, 1093.637;
 -79.383461, 89.106804, 1083.4305;
 -63.123379, 78.228302, 1089.173]3D [-35.972233, 104.17831, 1099.1364;
 -51.663513, 129.14384, 1093.6486;
 -80.369987, 89.707382, 1082.9667;
 -64.278145, 78.524635, 1088.5594]3D [-36.610401, 104.02032, 1098.9309;
 -52.007938, 129.15102, 1093.4126;
 -81.207489, 90.071815, 1082.8503;
 -65.252014, 78.732498, 1088.4832]3D [-37.437424, 103.88953, 1098.6938;
 -52.484165, 129.27109, 1093.3591;
 -82.246376, 90.662697, 1082.6316;
 -66.428993, 79.04557, 1088.1738]3D [-38.1954, 103.78721, 1098.3304;
 -52.882954, 129.39586, 1093.0854;
 -83.143837, 91.2826, 1082.0253;
 -67.53656, 79.432205, 1087.7305]3D [-39.177185, 103.63136, 1097.995;
 -53.407616, 129.53027, 1092.947;
 -84.319649, 92.000862, 1081.5999;
 -68.894516, 79.840973, 1087.1427]3D [-40.086128, 103.46097, 1097.8781;
 -53.89109, 129.61349, 1092.8813;
 -85.389755, 92.602974, 1081.3948;
 -70.213844, 80.200638, 1087.1138]3D [-40.859737, 103.35785, 1097.7678;
 -54.338467, 129.68007, 1092.792;
 -86.339188, 93.111206, 1081.3555;
 -71.295502, 80.509071, 1086.9075]3D [-41.766491, 103.2801, 1097.5065;
 -54.85302, 129.80469, 1092.6219;
 -87.432869, 93.772507, 1081.1598;
 -72.534988, 80.907547, 1086.4954]3D [-42.776463, 103.1879, 1097.1455;
 -55.418797, 129.97949, 1092.5096;
 -88.64624, 94.594864, 1080.9926;
 -73.967102, 81.449623, 1086.2277]3D [-43.86393, 103.12582, 1096.8184;
 -56.009014, 130.16209, 1092.3376;
 -89.872299, 95.449608, 1080.4417;
 -75.484634, 82.009109, 1085.8981]3D [-45.184303, 103.0677, 1096.5537;
 -56.749352, 130.39098, 1092.2089;
 -91.419014, 96.508759, 1080.4243;
 -77.280914, 82.713043, 1085.5659]3D [-46.205151, 103.11308, 1095.9696;
 -57.328373, 130.66945, 1091.926;
 -92.574776, 97.462883, 1079.813;
 -78.649063, 83.396889, 1084.7483]3D [-47.12043, 103.19527, 1095.3628;
 -57.879353, 130.96455, 1091.7427;
 -93.657257, 98.382469, 1079.5223;
 -79.93927, 84.081741, 1084.4056]3D [-48.163208, 103.16605, 1095.2478;
 -58.339958, 131.12933, 1091.5581;
 -94.752846, 99.328644, 1079.3854;
 -81.270813, 84.692848, 1083.9167]3D [-49.326904, 103.1505, 1095.176;
 -58.91103, 131.31297, 1091.4788;
 -95.911705, 100.28661, 1078.9877;
 -82.80349, 85.402954, 1083.838]3D [-50.424873, 103.14739, 1095.0704;
 -59.465107, 131.50835, 1091.4274;
 -97.058914, 101.19337, 1078.8025;
 -84.242218, 86.081856, 1083.6876]3D [-51.919285, 103.24022, 1094.7217;
 -60.284382, 131.83574, 1091.2926;
 -98.656456, 102.53076, 1078.7041;
 -86.218239, 87.081619, 1083.4946]3D [-53.179371, 103.32488, 1094.5599;
 -60.984234, 132.0869, 1091.2255;
 -100.0333, 103.61255, 1078.8287;
 -87.832283, 87.878304, 1083.2979]3D [-54.172588, 103.4351, 1094.358;
 -61.573147, 132.34071, 1091.2986;
 -101.08528, 104.52403, 1078.8213;
 -89.101746, 88.583443, 1083.1686]3D [-54.84256, 103.56883, 1093.9978;
 -61.863148, 132.5675, 1090.9907;
 -101.71803, 105.30706, 1078.4584;
 -89.940712, 89.199928, 1082.8137]3D [-55.750893, 103.67295, 1093.8396;
 -62.380821, 132.79897, 1091.0476;
 -102.67091, 106.14004, 1078.5261;
 -91.092033, 89.840347, 1082.73]3D [-56.326115, 103.77515, 1093.5112;
 -62.618263, 132.97577, 1090.8553;
 -103.16808, 106.85914, 1078.2109;
 -91.81636, 90.411545, 1082.4547]3D [-56.819351, 103.84547, 1093.5707;
 -62.772434, 133.11632, 1090.7909;
 -103.51203, 107.41479, 1077.7517;
 -92.381706, 90.865028, 1082.0891]3D [-57.970863, 104.01956, 1093.2891;
 -63.353466, 133.42534, 1090.7269;
 -104.60682, 108.60126, 1077.6262;
 -93.786369, 91.805252, 1081.86]3D [-59.110615, 104.21804, 1093.1335;
 -63.862366, 133.72646, 1090.6266;
 -105.60681, 109.81132, 1077.4523;
 -95.138161, 92.783493, 1081.5502]3D [-59.874596, 104.27927, 1093.1753;
 -64.135338, 133.86226, 1090.6144;
 -106.17197, 110.60848, 1077.1399;
 -96.039398, 93.399078, 1081.501]3D [-60.700291, 104.40459, 1093.2855;
 -64.450714, 134.05075, 1090.5314;
 -106.7575, 111.46552, 1076.8777;
 -96.958862, 94.098839, 1081.2894]3D [-61.298004, 104.55356, 1093.1593;
 -64.708405, 134.23567, 1090.4612;
 -107.26867, 112.12948, 1076.7306;
 -97.663437, 94.683167, 1081.2604]3D [-61.69952, 104.6529, 1092.9987;
 -64.927582, 134.39398, 1090.5602;
 -107.63224, 112.60592, 1076.7129;
 -98.120636, 95.056564, 1081.0476]3D [-62.195347, 104.75632, 1092.9709;
 -65.171104, 134.51826, 1090.507;
 -108.08342, 113.10909, 1076.6897;
 -98.712242, 95.49295, 1081.0298]3D [-62.572823, 104.86948, 1092.9833;
 -65.3367, 134.62428, 1090.3063;
 -108.39367, 113.5257, 1076.6567;
 -99.149612, 95.853622, 1080.9711]3D [-63.172607, 105.03316, 1092.7531;
 -65.651001, 134.84094, 1090.3279;
 -108.96956, 114.23616, 1076.6208;
 -99.869972, 96.445587, 1080.8229]3D [-63.891357, 105.20634, 1092.7625;
 -66.003433, 135.05315, 1090.4055;
 -109.5285, 114.97947, 1076.5557;
 -100.67497, 97.051849, 1080.7434]3D [-64.066925, 105.37051, 1092.475;
 -66.092003, 135.21797, 1090.1945;
 -109.71877, 115.35123, 1076.4;
 -100.89668, 97.401321, 1080.474]3D [-64.307762, 105.4643, 1092.2286;
 -66.237244, 135.34239, 1090.1344;
 -109.97741, 115.7022, 1076.3457;
 -101.26018, 97.705505, 1080.5245]3D [-64.87355, 105.65099, 1092.1761;
 -66.509888, 135.53835, 1090.0886;
 -110.4411, 116.34056, 1076.3621;
 -101.86993, 98.249039, 1080.3499]3D [-65.519814, 105.85109, 1091.924;
 -66.845345, 135.78261, 1090.0704;
 -110.99559, 117.09055, 1076.2404;
 -102.60588, 98.893051, 1080.1871]3D [-66.062706, 106.03103, 1091.9158;
 -67.126465, 135.97223, 1090.0471;
 -111.50331, 117.74516, 1076.4464;
 -103.26218, 99.457367, 1080.2211]3D [-66.472809, 106.1066, 1091.986;
 -67.278244, 136.04483, 1090.0319;
 -111.78952, 118.1113, 1076.3624;
 -103.70766, 99.787949, 1080.3787]3D [-67.039955, 106.26273, 1091.9515;
 -67.524002, 136.22699, 1090.0874;
 -112.19839, 118.79311, 1076.3035;
 -104.32514, 100.37737, 1080.2367]3D [-67.669991, 106.48296, 1091.8351;
 -67.808609, 136.45616, 1090.1006;
 -112.67094, 119.57944, 1076.2117;
 -105.02045, 101.06429, 1080.1343]3D [-68.071442, 106.57328, 1092.0602;
 -67.941849, 136.52522, 1090.0829;
 -112.8957, 119.97444, 1076.127;
 -105.42105, 101.41158, 1080.1466]3D [-68.53022, 106.72272, 1091.842;
 -68.139046, 136.68854, 1089.9991;
 -113.26176, 120.56223, 1076.1362;
 -105.93729, 101.92666, 1080.0925]3D [-69.414658, 107.14676, 1091.5593;
 -68.642426, 137.13004, 1089.9974;
 -114.04356, 121.73021, 1076.1958;
 -106.95904, 102.95558, 1079.9713]3D [-70.645264, 107.60452, 1091.6366;
 -69.249329, 137.53653, 1089.9374;
 -115.07633, 123.11172, 1076.5421;
 -108.32993, 104.19215, 1080.1743]3D [-71.851311, 108.08469, 1091.5685;
 -69.86644, 137.98886, 1089.96;
 -116.0463, 124.52578, 1076.7158;
 -109.6572, 105.47053, 1080.3148]3D [-72.916687, 108.58517, 1091.2333;
 -70.428574, 138.48599, 1090.0055;
 -116.88953, 125.94699, 1076.8009;
 -110.83537, 106.75362, 1080.2404]3D [-73.222137, 108.79259, 1091.14;
 -70.576469, 138.66658, 1089.885;
 -117.14575, 126.43014, 1076.8683;
 -111.2049, 107.21046, 1080.2925]3D [-73.218468, 108.83558, 1090.9849;
 -70.572983, 138.72806, 1089.9073;
 -117.12113, 126.54231, 1076.7579;
 -111.19382, 107.2918, 1080.1016]3D [-73.545303, 108.94814, 1091.1925;
 -70.66758, 138.79288, 1089.8424;
 -117.28436, 126.87086, 1076.7028;
 -111.48176, 107.58726, 1080.1127]3D [-73.925934, 109.09946, 1091.0249;
 -70.840996, 138.93575, 1089.8223;
 -117.54566, 127.37653, 1076.6702;
 -111.8989, 108.06532, 1080.1525]3D [-74.170425, 109.21471, 1091.0981;
 -70.963242, 139.03641, 1089.8473;
 -117.73193, 127.66299, 1076.683;
 -112.16668, 108.32515, 1080.1934]3D [-74.32856, 109.30704, 1091.1157;
 -71.036057, 139.10629, 1089.8182;
 -117.88199, 127.87399, 1076.8143;
 -112.33189, 108.50303, 1080.1949]3D [-74.583183, 109.48512, 1091.0011;
 -71.166344, 139.29166, 1089.8431;
 -118.03941, 128.3118, 1076.7181;
 -112.56774, 108.90845, 1079.9833]3D [-74.734291, 109.60393, 1090.7319;
 -71.228416, 139.40057, 1089.7576;
 -118.14558, 128.61717, 1076.6927;
 -112.75393, 109.1883, 1079.9104]3D [-74.948723, 109.74827, 1090.6132;
 -71.338593, 139.53842, 1089.7303;
 -118.2905, 128.95488, 1076.604;
 -112.98756, 109.49348, 1079.8282]3D [-74.995422, 109.76453, 1090.6021;
 -71.352882, 139.5569, 1089.7209;
 -118.31571, 129.01823, 1076.5858;
 -113.03798, 109.55434, 1079.8462]3D [-74.941208, 109.72308, 1090.6594;
 -71.329399, 139.51555, 1089.7743;
 -118.26953, 128.91235, 1076.5865;
 -112.96204, 109.45503, 1079.8376]3D [-74.790764, 109.65969, 1090.6107;
 -71.248268, 139.45695, 1089.7491;
 -118.1609, 128.7504, 1076.5685;
 -112.79082, 109.30708, 1079.7557]3D [-74.74369, 109.61787, 1090.6204;
 -71.245262, 139.42339, 1089.7662;
 -118.15841, 128.66644, 1076.665;
 -112.77173, 109.2251, 1079.8525]3D [-74.639908, 109.62002, 1090.5831;
 -71.152992, 139.41614, 1089.6407;
 -118.05876, 128.62003, 1076.5452;
 -112.62562, 109.18349, 1079.6891]3D [-74.604851, 109.65842, 1090.453;
 -71.133003, 139.46141, 1089.6044;
 -118.02268, 128.67436, 1076.4446;
 -112.58907, 109.22491, 1079.5194]3D [-74.643921, 109.67272, 1090.4738;
 -71.167969, 139.47931, 1089.653;
 -118.07543, 128.70999, 1076.5522;
 -112.63953, 109.26109, 1079.5763]3D [-74.678398, 109.67503, 1090.4542;
 -71.18129, 139.48294, 1089.656;
 -118.08784, 128.72697, 1076.4966;
 -112.67693, 109.2794, 1079.6006]3D [-74.737175, 109.67241, 1090.4814;
 -71.219208, 139.47391, 1089.6686;
 -118.14814, 128.7529, 1076.559;
 -112.74863, 109.3055, 1079.6554]3D [-74.645195, 109.64182, 1090.5378;
 -71.165237, 139.45033, 1089.6556;
 -118.07561, 128.65668, 1076.5555;
 -112.62202, 109.21017, 1079.5901]3D [-74.546219, 109.60648, 1090.5109;
 -71.114922, 139.41713, 1089.6033;
 -117.99961, 128.56892, 1076.5104;
 -112.53228, 109.12859, 1079.5895]3D [-74.526764, 109.62682, 1090.4733;
 -71.085571, 139.43184, 1089.5754;
 -117.96734, 128.58847, 1076.4399;
 -112.4878, 109.14913, 1079.474]3D [-74.574242, 109.65299, 1090.4586;
 -71.123062, 139.46277, 1089.6299;
 -118.00437, 128.64844, 1076.4646;
 -112.54874, 109.19932, 1079.4945]3D [-74.465477, 109.66926, 1090.3733;
 -71.044228, 139.47696, 1089.5256;
 -117.90247, 128.62633, 1076.3058;
 -112.39935, 109.16788, 1079.246]